-7.0252e-16	0
0.00032385	20.05
0.00065173	40.1
0.00098769	60.15
0.001336	80.201
0.0017009	100.25
0.0020867	120.3
0.0024972	140.35
0.0029359	160.4
0.0034054	180.45
0.0039073	200.5
0.0044414	220.55
0.0050061	240.6
0.0055987	260.65
0.0062163	280.7
0.0068561	300.75
0.0075152	320.8
0.0081916	340.85
0.0088832	360.9
0.0095882	380.95
0.010305	401
0.011033	421.05
0.01177	441.1
0.012515	461.15
0.013267	481.2
0.013976	500
0.014023	501.25
0.014783	521.3
0.015544	541.35
0.016304	561.4
0.017063	581.45
0.017817	601.5
0.018566	621.55
0.019306	641.6
0.020037	661.65
0.020756	681.7
0.021461	701.75
0.022151	721.8
0.022823	741.85
0.023477	761.9
0.02411	781.95
0.024721	802.01
0.025309	822.06
0.025871	842.11
0.026407	862.16
0.026916	882.21
0.027396	902.26
0.027846	922.31
0.028266	942.36
0.028654	962.41
0.02901	982.46
0.029334	1002.5
0.029624	1022.6
0.029881	1042.6
0.030104	1062.7
0.030292	1082.7
0.030447	1102.8
0.030567	1122.8
0.030653	1142.9
0.030705	1162.9
0.030724	1183
0.030709	1203
0.030661	1223.1
0.030581	1243.1
0.030469	1263.2
0.030327	1283.2
0.030154	1303.3
0.029951	1323.3
0.02972	1343.4
0.029462	1363.4
0.029177	1383.5
0.028867	1403.5
0.028532	1423.6
0.028174	1443.6
0.027795	1463.7
0.027394	1483.7
0.026974	1503.8
0.026536	1523.8
0.026081	1543.9
0.02561	1563.9
0.025125	1584
0.024627	1604
0.024118	1624.1
0.023598	1644.1
0.023069	1664.2
0.022533	1684.2
0.021989	1704.3
0.021441	1724.3
0.020889	1744.4
0.020334	1764.4
0.019777	1784.5
0.019219	1804.5
0.018662	1824.6
0.018106	1844.6
0.017553	1864.7
0.017003	1884.7
0.016458	1904.8
0.015917	1924.8
0.015382	1944.9
0.014854	1964.9
0.014333	1985
0.013819	2005
0.013314	2025.1
0.012818	2045.1
0.012332	2065.2
0.011855	2085.2
0.011388	2105.3
0.010932	2125.3
0.010487	2145.4
0.010052	2165.4
0.0096294	2185.5
0.0092177	2205.5
0.0088175	2225.6
0.008429	2245.6
0.0080521	2265.7
0.0076869	2285.7
0.0073333	2305.8
0.0069913	2325.8
0.0066609	2345.9
0.006342	2365.9
0.0060344	2386
0.0057381	2406
0.0054529	2426.1
0.0051785	2446.1
0.0049149	2466.2
0.0046618	2486.2
0.0044189	2506.3
0.0041862	2526.3
0.0039633	2546.4
0.0037499	2566.4
0.003546	2586.5
0.0033511	2606.5
0.003165	2626.6
0.0029876	2646.6
0.0028184	2666.7
0.0026572	2686.7
0.0025039	2706.8
0.002358	2726.8
0.0022194	2746.9
0.0020877	2766.9
0.0019627	2787
0.0018442	2807
0.0017319	2827.1
0.0016255	2847.1
0.0015248	2867.2
0.0014296	2887.2
0.0013396	2907.3
0.0012546	2927.3
0.0011743	2947.4
0.0010986	2967.4
0.0010273	2987.5
0.00096003	3007.5
0.00089672	3027.6
0.00083717	3047.6
0.00078116	3067.7
0.00072852	3087.7
0.00067909	3107.8
0.00063268	3127.8
0.00058915	3147.9
0.00054835	3167.9
0.00051012	3188
0.00047431	3208
0.00044081	3228.1
0.00040947	3248.1
0.00038017	3268.2
0.0003528	3288.2
0.00032723	3308.3
0.00030338	3328.3
0.00028113	3348.4
0.00026039	3368.4
0.00024107	3388.5
0.00022307	3408.5
0.00020633	3428.6
0.00019075	3448.6
0.00017626	3468.7
0.0001628	3488.7
0.00015031	3508.8
0.0001387	3528.8
0.00012794	3548.9
0.00011796	3568.9
0.0001087	3589
0.00010013	3609
9.2196e-05	3629.1
8.4852e-05	3649.1
7.8057e-05	3669.2
7.1776e-05	3689.2
6.5972e-05	3709.3
6.061e-05	3729.3
5.5661e-05	3749.4
5.1094e-05	3769.4
4.6881e-05	3789.5
4.2998e-05	3809.5
3.942e-05	3829.6
3.6124e-05	3849.6
3.309e-05	3869.7
3.0298e-05	3889.7
2.7731e-05	3909.8
2.537e-05	3929.8
2.3201e-05	3949.9
2.1209e-05	3969.9
1.938e-05	3990
1.7701e-05	4010
1.6162e-05	4030.1
1.475e-05	4050.1
1.3456e-05	4070.2
1.2271e-05	4090.2
1.1186e-05	4110.3
1.0193e-05	4130.3
9.2844e-06	4150.4
8.4535e-06	4170.4
7.6938e-06	4190.5
6.9998e-06	4210.5
6.3659e-06	4230.6
5.787e-06	4250.6
5.259e-06	4270.7
4.7772e-06	4290.7
4.3378e-06	4310.8
3.9374e-06	4330.8
3.5726e-06	4350.9
3.2403e-06	4370.9
2.9379e-06	4391
2.6626e-06	4411
2.4122e-06	4431.1
2.1846e-06	4451.1
1.9777e-06	4471.2
1.7897e-06	4491.2
1.6191e-06	4511.3
1.4641e-06	4531.3
1.3234e-06	4551.4
1.1959e-06	4571.4
1.0802e-06	4591.5
9.7535e-07	4611.5
8.8035e-07	4631.6
7.9429e-07	4651.6
7.1638e-07	4671.7
6.4587e-07	4691.7
5.8206e-07	4711.8
5.2438e-07	4731.8
4.7223e-07	4751.9
4.251e-07	4771.9
3.8255e-07	4792
3.4413e-07	4812
3.0944e-07	4832.1
2.7816e-07	4852.1
2.4995e-07	4872.2
2.2452e-07	4892.2
2.016e-07	4912.3
1.8096e-07	4932.3
1.6238e-07	4952.4
1.4566e-07	4972.4
1.3061e-07	4992.5
1.1708e-07	5012.5
1.0492e-07	5032.6
9.3987e-08	5052.6
8.4161e-08	5072.7
7.5335e-08	5092.7
6.7405e-08	5112.8
6.0286e-08	5132.8
5.3896e-08	5152.9
4.8162e-08	5172.9
4.3018e-08	5193
3.8405e-08	5213
3.4268e-08	5233.1
3.056e-08	5253.1
2.7236e-08	5273.2
2.4257e-08	5293.2
2.1586e-08	5313.3
1.9193e-08	5333.3
1.7046e-08	5353.4
1.5122e-08	5373.4
1.3394e-08	5393.5
1.1842e-08	5413.5
1.0448e-08	5433.6
9.1914e-09	5453.6
8.8187e-09	5460
