3.6045e-11	0
7.8674e-05	3.715
0.00015735	7.4299
0.00023605	11.145
0.00031476	14.86
0.0003935	18.575
0.00047227	22.29
0.00055108	26.005
0.00062993	29.72
0.00070883	33.435
0.0007878	37.15
0.00086682	40.865
0.00094592	44.58
0.0010251	48.295
0.0011043	52.01
0.0011837	55.725
0.0012631	59.44
0.0013426	63.155
0.0014223	66.869
0.001502	70.584
0.0015819	74.299
0.0016619	78.014
0.001742	81.729
0.0018222	85.444
0.0019026	89.159
0.0019831	92.874
0.0020638	96.589
0.0021446	100.3
0.0022256	104.02
0.0023067	107.73
0.0023881	111.45
0.0024695	115.16
0.0025512	118.88
0.0026331	122.59
0.0027151	126.31
0.0027974	130.02
0.0028798	133.74
0.0029625	137.45
0.0030453	141.17
0.0031284	144.88
0.0032117	148.6
0.0032952	152.31
0.0033789	156.03
0.0034629	159.74
0.0035471	163.46
0.0036315	167.17
0.0037162	170.89
0.0038011	174.6
0.0038863	178.32
0.0039717	182.03
0.0040574	185.75
0.0041434	189.46
0.0042296	193.18
0.0043161	196.89
0.0044028	200.61
0.0044898	204.32
0.0045771	208.04
0.0046647	211.75
0.0047526	215.47
0.0048407	219.18
0.0049292	222.9
0.0050179	226.61
0.0051069	230.33
0.0051963	234.04
0.0052859	237.76
0.0053758	241.47
0.0054661	245.19
0.0055566	248.9
0.0056475	252.62
0.0057386	256.33
0.0058301	260.05
0.0059219	263.76
0.006014	267.48
0.0061064	271.19
0.0061991	274.91
0.0062922	278.62
0.0063855	282.34
0.0064792	286.05
0.0065732	289.77
0.0066675	293.48
0.0067622	297.2
0.0068571	300.91
0.0069523	304.63
0.0070479	308.34
0.0071438	312.06
0.0072399	315.77
0.0073364	319.49
0.0074332	323.2
0.0075303	326.92
0.0076276	330.63
0.0077253	334.35
0.0078232	338.06
0.0079215	341.78
0.00802	345.49
0.0081187	349.21
0.0082178	352.92
0.0083171	356.64
0.0084166	360.35
0.0085165	364.07
0.0086165	367.78
0.0087168	371.5
0.0088174	375.21
0.0089182	378.93
0.0090192	382.64
0.0091204	386.36
0.0092218	390.07
0.0093234	393.79
0.0094253	397.5
0.0095273	401.22
0.0096295	404.93
0.0097318	408.65
0.0098344	412.36
0.0099371	416.08
0.01004	419.79
0.010143	423.51
0.010246	427.22
0.010349	430.94
0.010453	434.65
0.010556	438.37
0.01066	442.08
0.010763	445.8
0.010867	449.51
0.010971	453.23
0.011075	456.94
0.011179	460.66
0.011283	464.37
0.011387	468.09
0.011491	471.8
0.011595	475.52
0.011699	479.23
0.011804	482.95
0.011908	486.66
0.012012	490.38
0.012116	494.09
0.01222	497.81
0.012324	501.52
0.012428	505.24
0.012532	508.95
0.012636	512.67
0.01274	516.38
0.012844	520.1
0.012948	523.81
0.013052	527.53
0.013155	531.24
0.013259	534.96
0.013362	538.67
0.013465	542.39
0.013569	546.1
0.013672	549.82
0.013775	553.53
0.013877	557.25
0.01398	560.96
0.014082	564.68
0.014185	568.39
0.014287	572.11
0.014389	575.82
0.014491	579.54
0.014592	583.25
0.014693	586.97
0.014795	590.68
0.014896	594.4
0.014996	598.11
0.015097	601.83
0.015197	605.54
0.015298	609.26
0.015397	612.97
0.015497	616.69
0.015596	620.4
0.015696	624.12
0.015795	627.83
0.015893	631.55
0.015992	635.26
0.01609	638.98
0.016187	642.69
0.016285	646.41
0.016382	650.12
0.016479	653.84
0.016576	657.55
0.016672	661.27
0.016768	664.98
0.016864	668.69
0.016959	672.41
0.017054	676.12
0.017149	679.84
0.017243	683.55
0.017337	687.27
0.017431	690.98
0.017525	694.7
0.017618	698.41
0.01771	702.13
0.017803	705.84
0.017895	709.56
0.017986	713.27
0.018078	716.99
0.018169	720.7
0.018259	724.42
0.018349	728.13
0.018439	731.85
0.018528	735.56
0.018617	739.28
0.018706	742.99
0.018794	746.71
0.018882	750.42
0.018969	754.14
0.019056	757.85
0.019143	761.57
0.019229	765.28
0.019314	769
0.0194	772.71
0.019485	776.43
0.019569	780.14
0.019653	783.86
0.019737	787.57
0.01982	791.29
0.019903	795
0.019985	798.72
0.020067	802.43
0.020148	806.15
0.020229	809.86
0.020309	813.58
0.020389	817.29
0.020469	821.01
0.020548	824.72
0.020626	828.44
0.020705	832.15
0.020782	835.87
0.020859	839.58
0.020936	843.3
0.021012	847.01
0.021088	850.73
0.021163	854.44
0.021238	858.16
0.021313	861.87
0.021386	865.59
0.02146	869.3
0.021532	873.02
0.021605	876.73
0.021677	880.45
0.021748	884.16
0.021819	887.88
0.021889	891.59
0.021959	895.31
0.022028	899.02
0.022097	902.74
0.022165	906.45
0.022233	910.17
0.0223	913.88
0.022367	917.6
0.022433	921.31
0.022499	925.03
0.022564	928.74
0.022629	932.46
0.022693	936.17
0.022757	939.89
0.02282	943.6
0.022882	947.32
0.022944	951.03
0.023006	954.75
0.023067	958.46
0.023127	962.18
0.023187	965.89
0.023247	969.61
0.023305	973.32
0.023364	977.04
0.023421	980.75
0.023479	984.47
0.023535	988.18
0.023591	991.9
0.023647	995.61
0.023702	999.33
0.023757	1003
0.02381	1006.8
0.023864	1010.5
0.023917	1014.2
0.023969	1017.9
0.024021	1021.6
0.024072	1025.3
0.024123	1029
0.024173	1032.8
0.024222	1036.5
0.024271	1040.2
0.02432	1043.9
0.024367	1047.6
0.024415	1051.3
0.024461	1055.1
0.024508	1058.8
0.024553	1062.5
0.024598	1066.2
0.024643	1069.9
0.024687	1073.6
0.02473	1077.3
0.024773	1081.1
0.024815	1084.8
0.024857	1088.5
0.024898	1092.2
0.024939	1095.9
0.024979	1099.6
0.025018	1103.3
0.025057	1107.1
0.025096	1110.8
0.025133	1114.5
0.025171	1118.2
0.025207	1121.9
0.025243	1125.6
0.025279	1129.4
0.025314	1133.1
0.025348	1136.8
0.025382	1140.5
0.025415	1144.2
0.025448	1147.9
0.02548	1151.6
0.025512	1155.4
0.025543	1159.1
0.025573	1162.8
0.025603	1166.5
0.025632	1170.2
0.025661	1173.9
0.025689	1177.6
0.025717	1181.4
0.025744	1185.1
0.02577	1188.8
0.025796	1192.5
0.025821	1196.2
0.025846	1199.9
0.02587	1203.7
0.025894	1207.4
0.025917	1211.1
0.025939	1214.8
0.025961	1218.5
0.025983	1222.2
0.026003	1225.9
0.026024	1229.7
0.026043	1233.4
0.026063	1237.1
0.026081	1240.8
0.026099	1244.5
0.026116	1248.2
0.026133	1251.9
0.02615	1255.7
0.026165	1259.4
0.026181	1263.1
0.026195	1266.8
0.026209	1270.5
0.026223	1274.2
0.026236	1278
0.026248	1281.7
0.02626	1285.4
0.026271	1289.1
0.026282	1292.8
0.026292	1296.5
0.026302	1300.2
0.026311	1304
0.026319	1307.7
0.026327	1311.4
0.026334	1315.1
0.026341	1318.8
0.026348	1322.5
0.026353	1326.2
0.026359	1330
0.026363	1333.7
0.026367	1337.4
0.026371	1341.1
0.026374	1344.8
0.026376	1348.5
0.026378	1352.2
0.02638	1356
0.026381	1359.7
0.026381	1363.4
0.026381	1367.1
0.02638	1370.8
0.026379	1374.5
0.026377	1378.3
0.026374	1382
0.026372	1385.7
0.026368	1389.4
0.026364	1393.1
0.02636	1396.8
0.026355	1400.5
0.026349	1404.3
0.026343	1408
0.026337	1411.7
0.02633	1415.4
0.026322	1419.1
0.026314	1422.8
0.026305	1426.5
0.026296	1430.3
0.026287	1434
0.026277	1437.7
0.026266	1441.4
0.026255	1445.1
0.026243	1448.8
0.026231	1452.6
0.026218	1456.3
0.026205	1460
0.026192	1463.7
0.026178	1467.4
0.026163	1471.1
0.026148	1474.8
0.026132	1478.6
0.026116	1482.3
0.0261	1486
0.026083	1489.7
0.026065	1493.4
0.026047	1497.1
0.026029	1500.8
0.02601	1504.6
0.02599	1508.3
0.02597	1512
0.02595	1515.7
0.025929	1519.4
0.025908	1523.1
0.025886	1526.9
0.025864	1530.6
0.025842	1534.3
0.025819	1538
0.025795	1541.7
0.025771	1545.4
0.025747	1549.1
0.025722	1552.9
0.025696	1556.6
0.025671	1560.3
0.025645	1564
0.025618	1567.7
0.025591	1571.4
0.025563	1575.1
0.025536	1578.9
0.025507	1582.6
0.025479	1586.3
0.025449	1590
0.02542	1593.7
0.02539	1597.4
0.025359	1601.2
0.025329	1604.9
0.025297	1608.6
0.025266	1612.3
0.025234	1616
0.025202	1619.7
0.025169	1623.4
0.025136	1627.2
0.025102	1630.9
0.025068	1634.6
0.025034	1638.3
0.024999	1642
0.024964	1645.7
0.024928	1649.4
0.024893	1653.2
0.024856	1656.9
0.02482	1660.6
0.024783	1664.3
0.024746	1668
0.024708	1671.7
0.02467	1675.5
0.024632	1679.2
0.024593	1682.9
0.024554	1686.6
0.024514	1690.3
0.024475	1694
0.024434	1697.7
0.024394	1701.5
0.024353	1705.2
0.024312	1708.9
0.024271	1712.6
0.024229	1716.3
0.024187	1720
0.024145	1723.7
0.024102	1727.5
0.024059	1731.2
0.024016	1734.9
0.023972	1738.6
0.023928	1742.3
0.023884	1746
0.023839	1749.8
0.023794	1753.5
0.023749	1757.2
0.023704	1760.9
0.023658	1764.6
0.023612	1768.3
0.023566	1772
0.023519	1775.8
0.023472	1779.5
0.023425	1783.2
0.023378	1786.9
0.02333	1790.6
0.023282	1794.3
0.023234	1798
0.023186	1801.8
0.023137	1805.5
0.023088	1809.2
0.023039	1812.9
0.022989	1816.6
0.02294	1820.3
0.02289	1824.1
0.02284	1827.8
0.022789	1831.5
0.022739	1835.2
0.022688	1838.9
0.022637	1842.6
0.022585	1846.3
0.022534	1850.1
0.022482	1853.8
0.02243	1857.5
0.022378	1861.2
0.022325	1864.9
0.022273	1868.6
0.02222	1872.3
0.022167	1876.1
0.022114	1879.8
0.02206	1883.5
0.022007	1887.2
0.021953	1890.9
0.021899	1894.6
0.021845	1898.4
0.02179	1902.1
0.021736	1905.8
0.021681	1909.5
0.021626	1913.2
0.021571	1916.9
0.021516	1920.6
0.02146	1924.4
0.021405	1928.1
0.021349	1931.8
0.021293	1935.5
0.021237	1939.2
0.021181	1942.9
0.021124	1946.6
0.021068	1950.4
0.021011	1954.1
0.020954	1957.8
0.020898	1961.5
0.02084	1965.2
0.020783	1968.9
0.020726	1972.7
0.020668	1976.4
0.020611	1980.1
0.020553	1983.8
0.020495	1987.5
0.020437	1991.2
0.020379	1994.9
0.020321	1998.7
0.020263	2002.4
0.020204	2006.1
0.020146	2009.8
0.020087	2013.5
0.020028	2017.2
0.019969	2020.9
0.01991	2024.7
0.019851	2028.4
0.019792	2032.1
0.019733	2035.8
0.019674	2039.5
0.019614	2043.2
0.019555	2046.9
0.019495	2050.7
0.019435	2054.4
0.019376	2058.1
0.019316	2061.8
0.019256	2065.5
0.019196	2069.2
0.019136	2073
0.019076	2076.7
0.019016	2080.4
0.018956	2084.1
0.018895	2087.8
0.018835	2091.5
0.018775	2095.2
0.018714	2099
0.018654	2102.7
0.018593	2106.4
0.018533	2110.1
0.018472	2113.8
0.018412	2117.5
0.018351	2121.2
0.01829	2125
0.018229	2128.7
0.018169	2132.4
0.018108	2136.1
0.018047	2139.8
0.017986	2143.5
0.017925	2147.3
0.017864	2151
0.017803	2154.7
0.017743	2158.4
0.017682	2162.1
0.017621	2165.8
0.01756	2169.5
0.017499	2173.3
0.017438	2177
0.017377	2180.7
0.017316	2184.4
0.017255	2188.1
0.017194	2191.8
0.017133	2195.5
0.017072	2199.3
0.017011	2203
0.01695	2206.7
0.016889	2210.4
0.016828	2214.1
0.016767	2217.8
0.016706	2221.6
0.016645	2225.3
0.016584	2229
0.016523	2232.7
0.016462	2236.4
0.016401	2240.1
0.016341	2243.8
0.01628	2247.6
0.016219	2251.3
0.016158	2255
0.016098	2258.7
0.016037	2262.4
0.015976	2266.1
0.015916	2269.8
0.015855	2273.6
0.015795	2277.3
0.015734	2281
0.015674	2284.7
0.015614	2288.4
0.015553	2292.1
0.015493	2295.9
0.015433	2299.6
0.015373	2303.3
0.015312	2307
0.015252	2310.7
0.015192	2314.4
0.015133	2318.1
0.015073	2321.9
0.015013	2325.6
0.014953	2329.3
0.014893	2333
0.014834	2336.7
0.014774	2340.4
0.014715	2344.1
0.014655	2347.9
0.014596	2351.6
0.014537	2355.3
0.014477	2359
0.014418	2362.7
0.014359	2366.4
0.0143	2370.2
0.014241	2373.9
0.014183	2377.6
0.014124	2381.3
0.014065	2385
0.014007	2388.7
0.013948	2392.4
0.01389	2396.2
0.013832	2399.9
0.013773	2403.6
0.013715	2407.3
0.013657	2411
0.013599	2414.7
0.013541	2418.4
0.013484	2422.2
0.013426	2425.9
0.013369	2429.6
0.013311	2433.3
0.013254	2437
0.013196	2440.7
0.013139	2444.5
0.013082	2448.2
0.013025	2451.9
0.012968	2455.6
0.012912	2459.3
0.012855	2463
0.012799	2466.7
0.012742	2470.5
0.012686	2474.2
0.01263	2477.9
0.012574	2481.6
0.012518	2485.3
0.012462	2489
0.012406	2492.7
0.01235	2496.5
0.012295	2500.2
0.01224	2503.9
0.012184	2507.6
0.012129	2511.3
0.012074	2515
0.012019	2518.8
0.011964	2522.5
0.01191	2526.2
0.011855	2529.9
0.011801	2533.6
0.011747	2537.3
0.011692	2541
0.011638	2544.8
0.011584	2548.5
0.011531	2552.2
0.011477	2555.9
0.011423	2559.6
0.01137	2563.3
0.011317	2567
0.011264	2570.8
0.011211	2574.5
0.011158	2578.2
0.011105	2581.9
0.011052	2585.6
0.011	2589.3
0.010948	2593.1
0.010896	2596.8
0.010843	2600.5
0.010792	2604.2
0.01074	2607.9
0.010688	2611.6
0.010637	2615.3
0.010585	2619.1
0.010534	2622.8
0.010483	2626.5
0.010432	2630.2
0.010381	2633.9
0.010331	2637.6
0.01028	2641.3
0.01023	2645.1
0.010179	2648.8
0.010129	2652.5
0.010079	2656.2
0.01003	2659.9
0.0099799	2663.6
0.0099304	2667.3
0.0098811	2671.1
0.0098319	2674.8
0.0097828	2678.5
0.0097339	2682.2
0.0096851	2685.9
0.0096365	2689.6
0.009588	2693.4
0.0095397	2697.1
0.0094915	2700.8
0.0094435	2704.5
0.0093957	2708.2
0.0093479	2711.9
0.0093004	2715.6
0.0092529	2719.4
0.0092057	2723.1
0.0091586	2726.8
0.0091116	2730.5
0.0090648	2734.2
0.0090181	2737.9
0.0089716	2741.6
0.0089253	2745.4
0.0088791	2749.1
0.008833	2752.8
0.0087871	2756.5
0.0087414	2760.2
0.0086958	2763.9
0.0086504	2767.7
0.0086051	2771.4
0.00856	2775.1
0.008515	2778.8
0.0084702	2782.5
0.0084255	2786.2
0.008381	2789.9
0.0083367	2793.7
0.0082925	2797.4
0.0082485	2801.1
0.0082046	2804.8
0.0081609	2808.5
0.0081173	2812.2
0.0080739	2815.9
0.0080306	2819.7
0.0079875	2823.4
0.0079446	2827.1
0.0079018	2830.8
0.0078592	2834.5
0.0078167	2838.2
0.0077744	2842
0.0077323	2845.7
0.0076903	2849.4
0.0076484	2853.1
0.0076068	2856.8
0.0075652	2860.5
0.0075239	2864.2
0.0074827	2868
0.0074416	2871.7
0.0074007	2875.4
0.00736	2879.1
0.0073194	2882.8
0.007279	2886.5
0.0072387	2890.2
0.0071986	2894
0.0071586	2897.7
0.0071188	2901.4
0.0070792	2905.1
0.0070397	2908.8
0.0070004	2912.5
0.0069612	2916.3
0.0069222	2920
0.0068834	2923.7
0.0068447	2927.4
0.0068062	2931.1
0.0067678	2934.8
0.0067295	2938.5
0.0066915	2942.3
0.0066536	2946
0.0066158	2949.7
0.0065782	2953.4
0.0065408	2957.1
0.0065035	2960.8
0.0064664	2964.5
0.0064294	2968.3
0.0063926	2972
0.0063559	2975.7
0.0063194	2979.4
0.006283	2983.1
0.0062468	2986.8
0.0062108	2990.6
0.0061749	2994.3
0.0061391	2998
0.0061036	3001.7
0.0060681	3005.4
0.0060329	3009.1
0.0059977	3012.8
0.0059628	3016.6
0.005928	3020.3
0.0058933	3024
0.0058588	3027.7
0.0058244	3031.4
0.0057902	3035.1
0.0057562	3038.8
0.0057223	3042.6
0.0056885	3046.3
0.0056549	3050
0.0056215	3053.7
0.0055882	3057.4
0.005555	3061.1
0.005522	3064.9
0.0054892	3068.6
0.0054565	3072.3
0.005424	3076
0.0053916	3079.7
0.0053593	3083.4
0.0053272	3087.1
0.0052953	3090.9
0.0052635	3094.6
0.0052318	3098.3
0.0052003	3102
0.005169	3105.7
0.0051378	3109.4
0.0051067	3113.1
0.0050758	3116.9
0.0050451	3120.6
0.0050144	3124.3
0.004984	3128
0.0049536	3131.7
0.0049235	3135.4
0.0048934	3139.2
0.0048635	3142.9
0.0048338	3146.6
0.0048042	3150.3
0.0047747	3154
0.0047454	3157.7
0.0047162	3161.4
0.0046872	3165.2
0.0046583	3168.9
0.0046296	3172.6
0.004601	3176.3
0.0045725	3180
0.0045442	3183.7
0.004516	3187.4
0.004488	3191.2
0.0044601	3194.9
0.0044323	3198.6
0.0044047	3202.3
0.0043772	3206
0.0043499	3209.7
0.0043227	3213.5
0.0042956	3217.2
0.0042687	3220.9
0.0042419	3224.6
0.0042152	3228.3
0.0041887	3232
0.0041623	3235.7
0.0041361	3239.5
0.00411	3243.2
0.004084	3246.9
0.0040582	3250.6
0.0040325	3254.3
0.0040069	3258
0.0039814	3261.7
0.0039561	3265.5
0.003931	3269.2
0.0039059	3272.9
0.003881	3276.6
0.0038562	3280.3
0.0038316	3284
0.0038071	3287.8
0.0037827	3291.5
0.0037585	3295.2
0.0037343	3298.9
0.0037103	3302.6
0.0036865	3306.3
0.0036627	3310
0.0036391	3313.8
0.0036157	3317.5
0.0035923	3321.2
0.0035691	3324.9
0.003546	3328.6
0.003523	3332.3
0.0035002	3336
0.0034774	3339.8
0.0034548	3343.5
0.0034324	3347.2
0.00341	3350.9
0.0033878	3354.6
0.0033657	3358.3
0.0033437	3362
0.0033219	3365.8
0.0033001	3369.5
0.0032785	3373.2
0.003257	3376.9
0.0032357	3380.6
0.0032144	3384.3
0.0031933	3388.1
0.0031723	3391.8
0.0031514	3395.5
0.0031306	3399.2
0.00311	3402.9
0.0030894	3406.6
0.003069	3410.3
0.0030487	3414.1
0.0030285	3417.8
0.0030085	3421.5
0.0029885	3425.2
0.0029687	3428.9
0.002949	3432.6
0.0029294	3436.3
0.0029099	3440.1
0.0028905	3443.8
0.0028713	3447.5
0.0028521	3451.2
0.0028331	3454.9
0.0028141	3458.6
0.0027953	3462.4
0.0027766	3466.1
0.0027581	3469.8
0.0027396	3473.5
0.0027212	3477.2
0.0027029	3480.9
0.0026848	3484.6
0.0026668	3488.4
0.0026488	3492.1
0.002631	3495.8
0.0026133	3499.5
0.0025957	3503.2
0.0025782	3506.9
0.0025608	3510.6
0.0025435	3514.4
0.0025263	3518.1
0.0025092	3521.8
0.0024923	3525.5
0.0024754	3529.2
0.0024586	3532.9
0.002442	3536.7
0.0024254	3540.4
0.002409	3544.1
0.0023926	3547.8
0.0023764	3551.5
0.0023602	3555.2
0.0023442	3558.9
0.0023282	3562.7
0.0023124	3566.4
0.0022966	3570.1
0.002281	3573.8
0.0022655	3577.5
0.00225	3581.2
0.0022347	3584.9
0.0022194	3588.7
0.0022042	3592.4
0.0021892	3596.1
0.0021742	3599.8
0.0021594	3603.5
0.0021446	3607.2
0.0021299	3611
0.0021153	3614.7
0.0021009	3618.4
0.0020865	3622.1
0.0020722	3625.8
0.002058	3629.5
0.0020439	3633.2
0.0020298	3637
0.0020159	3640.7
0.0020021	3644.4
0.0019884	3648.1
0.0019747	3651.8
0.0019611	3655.5
0.0019477	3659.2
0.0019343	3663
0.001921	3666.7
0.0019078	3670.4
0.0018947	3674.1
0.0018817	3677.8
0.0018688	3681.5
0.0018559	3685.3
0.0018432	3689
0.0018305	3692.7
0.0018179	3696.4
0.0018054	3700.1
0.001793	3703.8
0.0017807	3707.5
0.0017684	3711.3
0.0017563	3715
0.0017442	3718.7
0.0017322	3722.4
0.0017203	3726.1
0.0017085	3729.8
0.0016967	3733.5
0.0016851	3737.3
0.0016735	3741
0.001662	3744.7
0.0016506	3748.4
0.0016393	3752.1
0.001628	3755.8
0.0016169	3759.6
0.0016058	3763.3
0.0015948	3767
0.0015838	3770.7
0.001573	3774.4
0.0015622	3778.1
0.0015515	3781.8
0.0015409	3785.6
0.0015304	3789.3
0.0015199	3793
0.0015095	3796.7
0.0014992	3800.4
0.001489	3804.1
0.0014788	3807.8
0.0014688	3811.6
0.0014588	3815.3
0.0014488	3819
0.001439	3822.7
0.0014292	3826.4
0.0014195	3830.1
0.0014099	3833.9
0.0014003	3837.6
0.0013908	3841.3
0.0013814	3845
0.0013721	3848.7
0.0013628	3852.4
0.0013536	3856.1
0.0013445	3859.9
0.0013354	3863.6
0.0013264	3867.3
0.0013175	3871
0.0013087	3874.7
0.0012999	3878.4
0.0012912	3882.1
0.0012826	3885.9
0.001274	3889.6
0.0012655	3893.3
0.0012571	3897
0.0012487	3900.7
0.0012404	3904.4
0.0012322	3908.2
0.001224	3911.9
0.0012159	3915.6
0.0012079	3919.3
0.0011999	3923
0.001192	3926.7
0.0011842	3930.4
0.0011764	3934.2
0.0011687	3937.9
0.0011611	3941.6
0.0011535	3945.3
0.001146	3949
0.0011386	3952.7
0.0011312	3956.4
0.0011239	3960.2
0.0011166	3963.9
0.0011094	3967.6
0.0011023	3971.3
0.0010952	3975
0.0010882	3978.7
0.0010813	3982.4
0.0010744	3986.2
0.0010676	3989.9
0.0010608	3993.6
0.0010541	3997.3
0.0010475	4001
0.0010409	4004.7
0.0010344	4008.5
0.001028	4012.2
0.0010216	4015.9
0.0010152	4019.6
0.0010089	4023.3
0.0010027	4027
0.00099656	4030.7
0.00099046	4034.5
0.00098441	4038.2
0.00097842	4041.9
0.0009725	4045.6
0.00096662	4049.3
0.00096081	4053
0.00095505	4056.7
0.00094935	4060.5
0.0009437	4064.2
0.00093811	4067.9
0.00093258	4071.6
0.0009271	4075.3
0.00092168	4079
0.00091631	4082.8
0.000911	4086.5
0.00090575	4090.2
0.00090054	4093.9
0.0008954	4097.6
0.00089031	4101.3
0.00088527	4105
0.00088028	4108.8
0.00087535	4112.5
0.00087048	4116.2
0.00086565	4119.9
0.00086088	4123.6
0.00085617	4127.3
0.0008515	4131
0.00084689	4134.8
0.00084233	4138.5
0.00083783	4142.2
0.00083337	4145.9
0.00082897	4149.6
0.00082462	4153.3
0.00082032	4157.1
0.00081607	4160.8
0.00081188	4164.5
0.00080773	4168.2
0.00080364	4171.9
0.0007996	4175.6
0.00079561	4179.3
0.00079166	4183.1
0.00078777	4186.8
0.00078393	4190.5
0.00078014	4194.2
0.0007764	4197.9
0.00077271	4201.6
0.00076907	4205.3
0.00076547	4209.1
0.00076193	4212.8
0.00075844	4216.5
0.00075499	4220.2
0.0007516	4223.9
0.00074825	4227.6
0.00074495	4231.4
0.00074171	4235.1
0.0007385	4238.8
0.00073535	4242.5
0.00073225	4246.2
0.00072919	4249.9
0.00072619	4253.6
0.00072323	4257.4
0.00072031	4261.1
0.00071745	4264.8
0.00071463	4268.5
0.00071186	4272.2
0.00070914	4275.9
0.00070647	4279.6
0.00070384	4283.4
0.00070126	4287.1
0.00069873	4290.8
0.00069624	4294.5
0.0006938	4298.2
0.00069141	4301.9
0.00068907	4305.7
0.00068677	4309.4
0.00068452	4313.1
0.00068231	4316.8
0.00068015	4320.5
0.00067804	4324.2
0.00067598	4327.9
0.00067396	4331.7
0.00067198	4335.4
0.00067006	4339.1
0.00066818	4342.8
0.00066634	4346.5
0.00066455	4350.2
0.00066281	4353.9
0.00066112	4357.7
0.00065947	4361.4
0.00065786	4365.1
0.0006563	4368.8
0.00065479	4372.5
0.00065333	4376.2
0.00065191	4380
0.00065053	4383.7
0.0006492	4387.4
0.00064792	4391.1
0.00064668	4394.8
0.00064549	4398.5
0.00064435	4402.2
0.00064325	4406
0.0006422	4409.7
0.00064119	4413.4
0.00064023	4417.1
0.00063931	4420.8
0.00063844	4424.5
0.00063762	4428.2
0.00063684	4432
0.00063611	4435.7
0.00063543	4439.4
0.00063479	4443.1
0.00063419	4446.8
0.00063365	4450.5
0.00063315	4454.3
0.00063269	4458
0.00063228	4461.7
0.00063192	4465.4
0.0006316	4469.1
0.00063133	4472.8
0.00063111	4476.5
0.00063094	4480.3
0.00063081	4484
0.00063072	4487.7
0.00063069	4491.4
0.0006307	4495.1
0.00063076	4498.8
0.00063086	4502.5
0.00063101	4506.3
0.00063121	4510
0.00063146	4513.7
0.00063175	4517.4
0.00063209	4521.1
0.00063248	4524.8
0.00063292	4528.6
0.0006334	4532.3
0.00063394	4536
0.00063452	4539.7
0.00063514	4543.4
0.00063582	4547.1
0.00063655	4550.8
0.00063732	4554.6
0.00063814	4558.3
0.00063902	4562
0.00063994	4565.7
0.00064091	4569.4
0.00064193	4573.1
0.000643	4576.8
0.00064411	4580.6
0.00064528	4584.3
0.0006465	4588
0.00064777	4591.7
0.00064909	4595.4
0.00065046	4599.1
0.00065188	4602.9
0.00065335	4606.6
0.00065487	4610.3
0.00065645	4614
0.00065807	4617.7
0.00065975	4621.4
0.00066148	4625.1
0.00066326	4628.9
0.00066509	4632.6
0.00066698	4636.3
0.00066892	4640
