1.0085e-12	0
7.5064e-06	3.715
1.5025e-05	7.4299
2.2567e-05	11.145
3.0146e-05	14.86
3.7772e-05	18.575
4.5459e-05	22.29
5.3219e-05	26.005
6.1063e-05	29.72
6.9003e-05	33.435
7.7053e-05	37.15
8.5224e-05	40.865
9.3528e-05	44.58
0.00010198	48.295
0.00011059	52.01
0.00011937	55.725
0.00012833	59.44
0.00013749	63.155
0.00014686	66.869
0.00015646	70.584
0.00016629	74.299
0.00017638	78.014
0.00018673	81.729
0.00019736	85.444
0.00020828	89.159
0.00021952	92.874
0.00023108	96.589
0.00024298	100.3
0.00025524	104.02
0.00026788	107.73
0.00028091	111.45
0.00029435	115.16
0.00030821	118.88
0.00032252	122.59
0.0003373	126.31
0.00035256	130.02
0.00036833	133.74
0.00038462	137.45
0.00040145	141.17
0.00041885	144.88
0.00043683	148.6
0.00045543	152.31
0.00047465	156.03
0.00049453	159.74
0.00051508	163.46
0.00053633	167.17
0.00055831	170.89
0.00058104	174.6
0.00060455	178.32
0.00062885	182.03
0.00065399	185.75
0.00067999	189.46
0.00070687	193.18
0.00073467	196.89
0.00076341	200.61
0.00079314	204.32
0.00082388	208.04
0.00085566	211.75
0.00088852	215.47
0.00092249	219.18
0.00095761	222.9
0.00099392	226.61
0.0010314	230.33
0.0010702	234.04
0.0011103	237.76
0.0011517	241.47
0.0011945	245.19
0.0012387	248.9
0.0012844	252.62
0.0013315	256.33
0.0013802	260.05
0.0014305	263.76
0.0014824	267.48
0.001536	271.19
0.0015913	274.91
0.0016483	278.62
0.0017071	282.34
0.0017678	286.05
0.0018303	289.77
0.0018948	293.48
0.0019612	297.2
0.0020296	300.91
0.0021001	304.63
0.0021728	308.34
0.0022475	312.06
0.0023244	315.77
0.0024036	319.49
0.002485	323.2
0.0025687	326.92
0.0026547	330.63
0.0027431	334.35
0.0028339	338.06
0.0029272	341.78
0.0030229	345.49
0.0031212	349.21
0.003222	352.92
0.0033254	356.64
0.0034313	360.35
0.00354	364.07
0.0036512	367.78
0.0037652	371.5
0.0038819	375.21
0.0040013	378.93
0.0041234	382.64
0.0042483	386.36
0.004376	390.07
0.0045065	393.79
0.0046398	397.5
0.0047759	401.22
0.0049148	404.93
0.0050565	408.65
0.005201	412.36
0.0053483	416.08
0.0054985	419.79
0.0056514	423.51
0.0058072	427.22
0.0059658	430.94
0.0061273	434.65
0.0062915	438.37
0.0064585	442.08
0.0066284	445.8
0.006801	449.51
0.0069763	453.23
0.0071544	456.94
0.0073351	460.66
0.0075185	464.37
0.0077046	468.09
0.0078932	471.8
0.0080843	475.52
0.008278	479.23
0.0084741	482.95
0.0086726	486.66
0.0088736	490.38
0.0090769	494.09
0.0092826	497.81
0.0094906	501.52
0.0097009	505.24
0.0099134	508.95
0.010128	512.67
0.010345	516.38
0.010564	520.1
0.010785	523.81
0.011008	527.53
0.011234	531.24
0.011461	534.96
0.011689	538.67
0.01192	542.39
0.012152	546.1
0.012386	549.82
0.012622	553.53
0.012858	557.25
0.013097	560.96
0.013336	564.68
0.013577	568.39
0.01382	572.11
0.014063	575.82
0.014308	579.54
0.014554	583.25
0.014801	586.97
0.015049	590.68
0.015298	594.4
0.015548	598.11
0.015799	601.83
0.016051	605.54
0.016304	609.26
0.016557	612.97
0.016811	616.69
0.017065	620.4
0.01732	624.12
0.017575	627.83
0.01783	631.55
0.018086	635.26
0.018342	638.98
0.018598	642.69
0.018854	646.41
0.01911	650.12
0.019366	653.84
0.019622	657.55
0.019878	661.27
0.020134	664.98
0.020389	668.69
0.020644	672.41
0.020899	676.12
0.021153	679.84
0.021407	683.55
0.021661	687.27
0.021914	690.98
0.022166	694.7
0.022418	698.41
0.022669	702.13
0.022919	705.84
0.023168	709.56
0.023416	713.27
0.023664	716.99
0.02391	720.7
0.024155	724.42
0.024399	728.13
0.024641	731.85
0.024883	735.56
0.025123	739.28
0.025362	742.99
0.025599	746.71
0.025835	750.42
0.026069	754.14
0.026302	757.85
0.026534	761.57
0.026763	765.28
0.026991	769
0.027218	772.71
0.027442	776.43
0.027665	780.14
0.027886	783.86
0.028105	787.57
0.028323	791.29
0.028538	795
0.028751	798.72
0.028962	802.43
0.029171	806.15
0.029378	809.86
0.029583	813.58
0.029785	817.29
0.029986	821.01
0.030183	824.72
0.030379	828.44
0.030572	832.15
0.030763	835.87
0.030951	839.58
0.031137	843.3
0.03132	847.01
0.031501	850.73
0.03168	854.44
0.031856	858.16
0.032029	861.87
0.0322	865.59
0.032368	869.3
0.032533	873.02
0.032696	876.73
0.032856	880.45
0.033013	884.16
0.033168	887.88
0.03332	891.59
0.033469	895.31
0.033615	899.02
0.033758	902.74
0.033899	906.45
0.034036	910.17
0.034171	913.88
0.034303	917.6
0.034432	921.31
0.034558	925.03
0.034681	928.74
0.034801	932.46
0.034918	936.17
0.035032	939.89
0.035143	943.6
0.035251	947.32
0.035356	951.03
0.035458	954.75
0.035558	958.46
0.035654	962.18
0.035747	965.89
0.035837	969.61
0.035924	973.32
0.036008	977.04
0.03609	980.75
0.036168	984.47
0.036243	988.18
0.036315	991.9
0.036384	995.61
0.03645	999.33
0.036513	1003
0.036573	1006.8
0.03663	1010.5
0.036684	1014.2
0.036735	1017.9
0.036783	1021.6
0.036828	1025.3
0.03687	1029
0.036909	1032.8
0.036945	1036.5
0.036977	1040.2
0.037007	1043.9
0.037035	1047.6
0.037059	1051.3
0.03708	1055.1
0.037098	1058.8
0.037113	1062.5
0.037126	1066.2
0.037135	1069.9
0.037142	1073.6
0.037146	1077.3
0.037147	1081.1
0.037145	1084.8
0.03714	1088.5
0.037133	1092.2
0.037122	1095.9
0.037109	1099.6
0.037093	1103.3
0.037074	1107.1
0.037053	1110.8
0.037029	1114.5
0.037002	1118.2
0.036972	1121.9
0.03694	1125.6
0.036905	1129.4
0.036867	1133.1
0.036827	1136.8
0.036784	1140.5
0.036738	1144.2
0.03669	1147.9
0.036639	1151.6
0.036586	1155.4
0.03653	1159.1
0.036471	1162.8
0.036411	1166.5
0.036347	1170.2
0.036281	1173.9
0.036213	1177.6
0.036142	1181.4
0.036069	1185.1
0.035994	1188.8
0.035916	1192.5
0.035836	1196.2
0.035753	1199.9
0.035668	1203.7
0.035581	1207.4
0.035491	1211.1
0.0354	1214.8
0.035306	1218.5
0.03521	1222.2
0.035111	1225.9
0.035011	1229.7
0.034908	1233.4
0.034803	1237.1
0.034697	1240.8
0.034588	1244.5
0.034477	1248.2
0.034364	1251.9
0.034249	1255.7
0.034132	1259.4
0.034013	1263.1
0.033893	1266.8
0.03377	1270.5
0.033646	1274.2
0.033519	1278
0.033391	1281.7
0.033261	1285.4
0.033129	1289.1
0.032996	1292.8
0.032861	1296.5
0.032724	1300.2
0.032585	1304
0.032445	1307.7
0.032303	1311.4
0.03216	1315.1
0.032015	1318.8
0.031868	1322.5
0.03172	1326.2
0.03157	1330
0.03142	1333.7
0.031267	1337.4
0.031113	1341.1
0.030958	1344.8
0.030802	1348.5
0.030644	1352.2
0.030485	1356
0.030325	1359.7
0.030163	1363.4
0.030001	1367.1
0.029837	1370.8
0.029672	1374.5
0.029506	1378.3
0.029339	1382
0.029171	1385.7
0.029002	1389.4
0.028832	1393.1
0.028661	1396.8
0.028489	1400.5
0.028316	1404.3
0.028142	1408
0.027967	1411.7
0.027792	1415.4
0.027616	1419.1
0.027439	1422.8
0.027261	1426.5
0.027083	1430.3
0.026904	1434
0.026725	1437.7
0.026544	1441.4
0.026364	1445.1
0.026182	1448.8
0.026001	1452.6
0.025818	1456.3
0.025636	1460
0.025453	1463.7
0.025269	1467.4
0.025086	1471.1
0.024901	1474.8
0.024717	1478.6
0.024532	1482.3
0.024348	1486
0.024163	1489.7
0.023977	1493.4
0.023792	1497.1
0.023606	1500.8
0.023421	1504.6
0.023235	1508.3
0.023049	1512
0.022863	1515.7
0.022677	1519.4
0.022492	1523.1
0.022306	1526.9
0.02212	1530.6
0.021935	1534.3
0.021749	1538
0.021564	1541.7
0.021379	1545.4
0.021194	1549.1
0.021009	1552.9
0.020825	1556.6
0.020641	1560.3
0.020457	1564
0.020274	1567.7
0.02009	1571.4
0.019908	1575.1
0.019725	1578.9
0.019543	1582.6
0.019362	1586.3
0.019181	1590
0.019	1593.7
0.01882	1597.4
0.018641	1601.2
0.018462	1604.9
0.018284	1608.6
0.018106	1612.3
0.017929	1616
0.017752	1619.7
0.017576	1623.4
0.017401	1627.2
0.017226	1630.9
0.017052	1634.6
0.016879	1638.3
0.016706	1642
0.016534	1645.7
0.016363	1649.4
0.016193	1653.2
0.016023	1656.9
0.015854	1660.6
0.015686	1664.3
0.015519	1668
0.015353	1671.7
0.015187	1675.5
0.015023	1679.2
0.014859	1682.9
0.014696	1686.6
0.014534	1690.3
0.014373	1694
0.014213	1697.7
0.014054	1701.5
0.013896	1705.2
0.013738	1708.9
0.013582	1712.6
0.013427	1716.3
0.013273	1720
0.013119	1723.7
0.012967	1727.5
0.012815	1731.2
0.012665	1734.9
0.012516	1738.6
0.012368	1742.3
0.01222	1746
0.012074	1749.8
0.011929	1753.5
0.011785	1757.2
0.011642	1760.9
0.0115	1764.6
0.011359	1768.3
0.011219	1772
0.01108	1775.8
0.010942	1779.5
0.010806	1783.2
0.01067	1786.9
0.010536	1790.6
0.010402	1794.3
0.01027	1798
0.010139	1801.8
0.010009	1805.5
0.00988	1809.2
0.0097522	1812.9
0.0096254	1816.6
0.0094998	1820.3
0.0093753	1824.1
0.0092519	1827.8
0.0091296	1831.5
0.0090084	1835.2
0.0088883	1838.9
0.0087693	1842.6
0.0086515	1846.3
0.0085347	1850.1
0.0084191	1853.8
0.0083046	1857.5
0.0081911	1861.2
0.0080788	1864.9
0.0079676	1868.6
0.0078575	1872.3
0.0077484	1876.1
0.0076405	1879.8
0.0075337	1883.5
0.0074279	1887.2
0.0073232	1890.9
0.0072196	1894.6
0.0071171	1898.4
0.0070157	1902.1
0.0069153	1905.8
0.006816	1909.5
0.0067178	1913.2
0.0066206	1916.9
0.0065245	1920.6
0.0064294	1924.4
0.0063354	1928.1
0.0062424	1931.8
0.0061505	1935.5
0.0060596	1939.2
0.0059697	1942.9
0.0058808	1946.6
0.0057929	1950.4
0.0057061	1954.1
0.0056203	1957.8
0.0055354	1961.5
0.0054516	1965.2
0.0053687	1968.9
0.0052869	1972.7
0.005206	1976.4
0.0051261	1980.1
0.0050471	1983.8
0.0049691	1987.5
0.0048921	1991.2
0.004816	1994.9
0.0047409	1998.7
0.0046667	2002.4
0.0045934	2006.1
0.004521	2009.8
0.0044496	2013.5
0.004379	2017.2
0.0043094	2020.9
0.0042406	2024.7
0.0041727	2028.4
0.0041058	2032.1
0.0040396	2035.8
0.0039744	2039.5
0.00391	2043.2
0.0038465	2046.9
0.0037838	2050.7
0.0037219	2054.4
0.0036609	2058.1
0.0036007	2061.8
0.0035413	2065.5
0.0034827	2069.2
0.0034249	2073
0.0033679	2076.7
0.0033117	2080.4
0.0032563	2084.1
0.0032016	2087.8
0.0031477	2091.5
0.0030946	2095.2
0.0030422	2099
0.0029905	2102.7
0.0029396	2106.4
0.0028894	2110.1
0.0028399	2113.8
0.0027912	2117.5
0.0027431	2121.2
0.0026957	2125
0.0026491	2128.7
0.0026031	2132.4
0.0025578	2136.1
0.0025131	2139.8
0.0024692	2143.5
0.0024258	2147.3
0.0023832	2151
0.0023411	2154.7
0.0022997	2158.4
0.0022589	2162.1
0.0022188	2165.8
0.0021792	2169.5
0.0021403	2173.3
0.0021019	2177
0.0020642	2180.7
0.002027	2184.4
0.0019904	2188.1
0.0019544	2191.8
0.0019189	2195.5
0.001884	2199.3
0.0018497	2203
0.0018158	2206.7
0.0017826	2210.4
0.0017498	2214.1
0.0017176	2217.8
0.0016859	2221.6
0.0016547	2225.3
0.001624	2229
0.0015938	2232.7
0.0015641	2236.4
0.0015349	2240.1
0.0015061	2243.8
0.0014778	2247.6
0.00145	2251.3
0.0014227	2255
0.0013958	2258.7
0.0013693	2262.4
0.0013433	2266.1
0.0013177	2269.8
0.0012926	2273.6
0.0012679	2277.3
0.0012436	2281
0.0012197	2284.7
0.0011962	2288.4
0.0011731	2292.1
0.0011504	2295.9
0.0011281	2299.6
0.0011062	2303.3
0.0010846	2307
0.0010634	2310.7
0.0010426	2314.4
0.0010222	2318.1
0.0010021	2321.9
0.00098237	2325.6
0.00096299	2329.3
0.00094394	2333
0.00092523	2336.7
0.00090685	2340.4
0.0008888	2344.1
0.00087107	2347.9
0.00085365	2351.6
0.00083655	2355.3
0.00081976	2359
0.00080327	2362.7
0.00078707	2366.4
0.00077117	2370.2
0.00075556	2373.9
0.00074024	2377.6
0.00072519	2381.3
0.00071042	2385
0.00069592	2388.7
0.00068169	2392.4
0.00066772	2396.2
0.00065401	2399.9
0.00064055	2403.6
0.00062734	2407.3
0.00061438	2411
0.00060166	2414.7
0.00058919	2418.4
0.00057694	2422.2
0.00056493	2425.9
0.00055314	2429.6
0.00054158	2433.3
0.00053024	2437
0.00051911	2440.7
0.00050819	2444.5
0.00049749	2448.2
0.00048699	2451.9
0.00047669	2455.6
0.00046659	2459.3
0.00045668	2463
0.00044697	2466.7
0.00043744	2470.5
0.0004281	2474.2
0.00041895	2477.9
0.00040997	2481.6
0.00040117	2485.3
0.00039254	2489
0.00038408	2492.7
0.00037579	2496.5
0.00036766	2500.2
0.00035969	2503.9
0.00035188	2507.6
0.00034423	2511.3
0.00033673	2515
0.00032938	2518.8
0.00032217	2522.5
0.00031512	2526.2
0.0003082	2529.9
0.00030142	2533.6
0.00029478	2537.3
0.00028828	2541
0.00028191	2544.8
0.00027567	2548.5
0.00026955	2552.2
0.00026356	2555.9
0.00025769	2559.6
0.00025195	2563.3
0.00024632	2567
0.00024081	2570.8
0.00023541	2574.5
0.00023012	2578.2
0.00022495	2581.9
0.00021988	2585.6
0.00021492	2589.3
0.00021006	2593.1
0.0002053	2596.8
0.00020065	2600.5
0.00019609	2604.2
0.00019162	2607.9
0.00018726	2611.6
0.00018298	2615.3
0.00017879	2619.1
0.0001747	2622.8
0.00017069	2626.5
0.00016677	2630.2
0.00016293	2633.9
0.00015917	2637.6
0.00015549	2641.3
0.00015189	2645.1
0.00014837	2648.8
0.00014493	2652.5
0.00014156	2656.2
0.00013826	2659.9
0.00013504	2663.6
0.00013188	2667.3
0.0001288	2671.1
0.00012578	2674.8
0.00012283	2678.5
0.00011994	2682.2
0.00011712	2685.9
0.00011435	2689.6
0.00011165	2693.4
0.00010901	2697.1
0.00010643	2700.8
0.0001039	2704.5
0.00010143	2708.2
9.902e-05	2711.9
9.6659e-05	2715.6
9.4351e-05	2719.4
9.2095e-05	2723.1
8.9889e-05	2726.8
8.7733e-05	2730.5
8.5625e-05	2734.2
8.3565e-05	2737.9
8.1551e-05	2741.6
7.9583e-05	2745.4
7.766e-05	2749.1
7.578e-05	2752.8
7.3943e-05	2756.5
7.2148e-05	2760.2
7.0394e-05	2763.9
6.868e-05	2767.7
6.7005e-05	2771.4
6.5369e-05	2775.1
6.377e-05	2778.8
6.2208e-05	2782.5
6.0682e-05	2786.2
5.9191e-05	2789.9
5.7735e-05	2793.7
5.6313e-05	2797.4
5.4924e-05	2801.1
5.3567e-05	2804.8
5.2241e-05	2808.5
5.0947e-05	2812.2
4.9683e-05	2815.9
4.8448e-05	2819.7
4.7243e-05	2823.4
4.6065e-05	2827.1
4.4916e-05	2830.8
4.3793e-05	2834.5
4.2698e-05	2838.2
4.1628e-05	2842
4.0583e-05	2845.7
3.9563e-05	2849.4
3.8567e-05	2853.1
3.7596e-05	2856.8
3.6647e-05	2860.5
3.5721e-05	2864.2
3.4817e-05	2868
3.3935e-05	2871.7
3.3074e-05	2875.4
3.2234e-05	2879.1
3.1414e-05	2882.8
3.0613e-05	2886.5
2.9832e-05	2890.2
2.907e-05	2894
2.8327e-05	2897.7
2.7601e-05	2901.4
2.6893e-05	2905.1
2.6203e-05	2908.8
2.5529e-05	2912.5
2.4871e-05	2916.3
2.423e-05	2920
2.3605e-05	2923.7
2.2994e-05	2927.4
2.2399e-05	2931.1
2.1819e-05	2934.8
2.1252e-05	2938.5
2.07e-05	2942.3
2.0161e-05	2946
1.9636e-05	2949.7
1.9124e-05	2953.4
1.8624e-05	2957.1
1.8137e-05	2960.8
1.7662e-05	2964.5
1.7199e-05	2968.3
1.6747e-05	2972
1.6307e-05	2975.7
1.5878e-05	2979.4
1.5459e-05	2983.1
1.5051e-05	2986.8
1.4654e-05	2990.6
1.4266e-05	2994.3
1.3888e-05	2998
1.3519e-05	3001.7
1.316e-05	3005.4
1.281e-05	3009.1
1.2469e-05	3012.8
1.2137e-05	3016.6
1.1813e-05	3020.3
1.1497e-05	3024
1.119e-05	3027.7
1.089e-05	3031.4
1.0598e-05	3035.1
1.0313e-05	3038.8
1.0036e-05	3042.6
9.7656e-06	3046.3
9.5024e-06	3050
9.2459e-06	3053.7
8.9961e-06	3057.4
8.7527e-06	3061.1
8.5156e-06	3064.9
8.2847e-06	3068.6
8.0597e-06	3072.3
7.8406e-06	3076
7.6272e-06	3079.7
7.4194e-06	3083.4
7.217e-06	3087.1
7.0199e-06	3090.9
6.8279e-06	3094.6
6.6409e-06	3098.3
6.4589e-06	3102
6.2816e-06	3105.7
6.109e-06	3109.4
5.941e-06	3113.1
5.7774e-06	3116.9
5.6181e-06	3120.6
5.463e-06	3124.3
5.312e-06	3128
5.1651e-06	3131.7
5.022e-06	3135.4
4.8827e-06	3139.2
4.7472e-06	3142.9
4.6152e-06	3146.6
4.4868e-06	3150.3
4.3618e-06	3154
4.2401e-06	3157.7
4.1217e-06	3161.4
4.0065e-06	3165.2
3.8944e-06	3168.9
3.7853e-06	3172.6
3.6791e-06	3176.3
3.5758e-06	3180
3.4753e-06	3183.7
3.3774e-06	3187.4
3.2823e-06	3191.2
3.1897e-06	3194.9
3.0996e-06	3198.6
3.012e-06	3202.3
2.9268e-06	3206
2.8438e-06	3209.7
2.7632e-06	3213.5
2.6847e-06	3217.2
2.6084e-06	3220.9
2.5342e-06	3224.6
2.462e-06	3228.3
2.3918e-06	3232
2.3235e-06	3235.7
2.2571e-06	3239.5
2.1925e-06	3243.2
2.1297e-06	3246.9
2.0686e-06	3250.6
2.0092e-06	3254.3
1.9515e-06	3258
1.8954e-06	3261.7
1.8408e-06	3265.5
1.7877e-06	3269.2
1.7361e-06	3272.9
1.6859e-06	3276.6
1.6372e-06	3280.3
1.5898e-06	3284
1.5437e-06	3287.8
1.4989e-06	3291.5
1.4554e-06	3295.2
1.413e-06	3298.9
1.3719e-06	3302.6
1.3319e-06	3306.3
1.2931e-06	3310
1.2553e-06	3313.8
1.2186e-06	3317.5
1.183e-06	3321.2
1.1483e-06	3324.9
1.1146e-06	3328.6
1.0819e-06	3332.3
1.0501e-06	3336
1.0192e-06	3339.8
9.8921e-07	3343.5
9.6006e-07	3347.2
9.3173e-07	3350.9
9.0421e-07	3354.6
8.7747e-07	3358.3
8.515e-07	3362
8.2627e-07	3365.8
8.0176e-07	3369.5
7.7796e-07	3373.2
7.5484e-07	3376.9
7.3238e-07	3380.6
7.1057e-07	3384.3
6.8939e-07	3388.1
6.6882e-07	3391.8
6.4884e-07	3395.5
6.2944e-07	3399.2
6.106e-07	3402.9
5.9231e-07	3406.6
5.7455e-07	3410.3
5.573e-07	3414.1
5.4056e-07	3417.8
5.243e-07	3421.5
5.0851e-07	3425.2
4.9318e-07	3428.9
4.7831e-07	3432.6
4.6386e-07	3436.3
4.4984e-07	3440.1
4.3623e-07	3443.8
4.2302e-07	3447.5
4.102e-07	3451.2
3.9775e-07	3454.9
3.8567e-07	3458.6
3.7394e-07	3462.4
3.6256e-07	3466.1
3.5151e-07	3469.8
3.408e-07	3473.5
3.3039e-07	3477.2
3.203e-07	3480.9
3.1051e-07	3484.6
3.01e-07	3488.4
2.9178e-07	3492.1
2.8283e-07	3495.8
2.7415e-07	3499.5
2.6572e-07	3503.2
2.5755e-07	3506.9
2.4962e-07	3510.6
2.4193e-07	3514.4
2.3447e-07	3518.1
2.2723e-07	3521.8
2.2021e-07	3525.5
2.134e-07	3529.2
2.0679e-07	3532.9
2.0038e-07	3536.7
1.9417e-07	3540.4
1.8814e-07	3544.1
1.8229e-07	3547.8
1.7662e-07	3551.5
1.7112e-07	3555.2
1.6579e-07	3558.9
1.6062e-07	3562.7
1.556e-07	3566.4
1.5074e-07	3570.1
1.4602e-07	3573.8
1.4145e-07	3577.5
1.3702e-07	3581.2
1.3272e-07	3584.9
1.2855e-07	3588.7
1.2451e-07	3592.4
1.206e-07	3596.1
1.168e-07	3599.8
1.1312e-07	3603.5
1.0955e-07	3607.2
1.0609e-07	3611
1.0274e-07	3614.7
9.9491e-08	3618.4
9.6342e-08	3622.1
9.3289e-08	3625.8
9.033e-08	3629.5
8.7462e-08	3633.2
8.4684e-08	3637
8.199e-08	3640.7
7.9381e-08	3644.4
7.6852e-08	3648.1
7.4401e-08	3651.8
7.2026e-08	3655.5
6.9725e-08	3659.2
6.7496e-08	3663
6.5336e-08	3666.7
6.3243e-08	3670.4
6.1216e-08	3674.1
5.9251e-08	3677.8
5.7348e-08	3681.5
5.5505e-08	3685.3
5.3719e-08	3689
5.1989e-08	3692.7
5.0314e-08	3696.4
4.8691e-08	3700.1
4.7119e-08	3703.8
4.5596e-08	3707.5
4.4121e-08	3711.3
4.2693e-08	3715
4.131e-08	3718.7
3.997e-08	3722.4
3.8673e-08	3726.1
3.7417e-08	3729.8
3.62e-08	3733.5
3.5022e-08	3737.3
3.3882e-08	3741
3.2777e-08	3744.7
3.1708e-08	3748.4
3.0673e-08	3752.1
2.967e-08	3755.8
2.87e-08	3759.6
2.776e-08	3763.3
2.6851e-08	3767
2.597e-08	3770.7
2.5118e-08	3774.4
2.4293e-08	3778.1
2.3494e-08	3781.8
2.2721e-08	3785.6
2.1973e-08	3789.3
2.1249e-08	3793
2.0548e-08	3796.7
1.987e-08	3800.4
1.9213e-08	3804.1
1.8578e-08	3807.8
1.7963e-08	3811.6
1.7368e-08	3815.3
1.6792e-08	3819
1.6235e-08	3822.7
1.5696e-08	3826.4
1.5174e-08	3830.1
1.467e-08	3833.9
1.4181e-08	3837.6
1.3709e-08	3841.3
1.3252e-08	3845
1.281e-08	3848.7
1.2382e-08	3852.4
1.1968e-08	3856.1
1.1568e-08	3859.9
1.118e-08	3863.6
1.0806e-08	3867.3
1.0443e-08	3871
1.0093e-08	3874.7
9.7537e-09	3878.4
9.4258e-09	3882.1
9.1086e-09	3885.9
8.8019e-09	3889.6
8.5052e-09	3893.3
8.2184e-09	3897
7.9409e-09	3900.7
7.6726e-09	3904.4
7.4132e-09	3908.2
7.1623e-09	3911.9
6.9197e-09	3915.6
6.6852e-09	3919.3
6.4584e-09	3923
6.2391e-09	3926.7
6.0271e-09	3930.4
5.8221e-09	3934.2
5.624e-09	3937.9
5.4324e-09	3941.6
5.2472e-09	3945.3
5.0682e-09	3949
4.8951e-09	3952.7
4.7278e-09	3956.4
4.5661e-09	3960.2
4.4098e-09	3963.9
4.2588e-09	3967.6
4.1127e-09	3971.3
3.9716e-09	3975
3.8352e-09	3978.7
3.7034e-09	3982.4
3.5761e-09	3986.2
3.453e-09	3989.9
3.334e-09	3993.6
3.2191e-09	3997.3
3.108e-09	4001
3.0007e-09	4004.7
2.897e-09	4008.5
2.7968e-09	4012.2
2.7e-09	4015.9
2.6064e-09	4019.6
2.5161e-09	4023.3
2.4288e-09	4027
2.3445e-09	4030.7
2.263e-09	4034.5
2.1843e-09	4038.2
2.1083e-09	4041.9
2.0348e-09	4045.6
1.9639e-09	4049.3
1.8954e-09	4053
1.8292e-09	4056.7
1.7653e-09	4060.5
1.7036e-09	4064.2
1.644e-09	4067.9
1.5864e-09	4071.6
1.5308e-09	4075.3
1.4771e-09	4079
1.4253e-09	4082.8
1.3752e-09	4086.5
1.3269e-09	4090.2
1.2802e-09	4093.9
1.2351e-09	4097.6
1.1916e-09	4101.3
1.1496e-09	4105
1.1091e-09	4108.8
1.0699e-09	4112.5
1.0321e-09	4116.2
9.9559e-10	4119.9
9.6036e-10	4123.6
9.2635e-10	4127.3
8.9352e-10	4131
8.6183e-10	4134.8
8.3123e-10	4138.5
8.0171e-10	4142.2
7.7321e-10	4145.9
7.4571e-10	4149.6
7.1916e-10	4153.3
6.9354e-10	4157.1
6.6882e-10	4160.8
6.4496e-10	4164.5
6.2193e-10	4168.2
5.9971e-10	4171.9
5.7827e-10	4175.6
5.5757e-10	4179.3
5.3761e-10	4183.1
5.1835e-10	4186.8
4.9976e-10	4190.5
4.8183e-10	4194.2
4.6453e-10	4197.9
4.4784e-10	4201.6
4.3174e-10	4205.3
4.162e-10	4209.1
4.0122e-10	4212.8
3.8676e-10	4216.5
3.7282e-10	4220.2
3.5936e-10	4223.9
3.4639e-10	4227.6
3.3388e-10	4231.4
3.2181e-10	4235.1
3.1016e-10	4238.8
2.9893e-10	4242.5
2.8811e-10	4246.2
2.7766e-10	4249.9
2.6759e-10	4253.6
2.5788e-10	4257.4
2.4851e-10	4261.1
2.3948e-10	4264.8
2.3077e-10	4268.5
2.2238e-10	4272.2
2.1428e-10	4275.9
2.0648e-10	4279.6
1.9895e-10	4283.4
1.917e-10	4287.1
1.847e-10	4290.8
1.7796e-10	4294.5
1.7146e-10	4298.2
1.6519e-10	4301.9
1.5916e-10	4305.7
1.5333e-10	4309.4
1.4772e-10	4313.1
1.4232e-10	4316.8
1.371e-10	4320.5
1.3208e-10	4324.2
1.2724e-10	4327.9
1.2258e-10	4331.7
1.1808e-10	4335.4
1.1375e-10	4339.1
1.0958e-10	4342.8
1.0556e-10	4346.5
1.0169e-10	4350.2
9.7959e-11	4353.9
9.4365e-11	4357.7
9.0904e-11	4361.4
8.757e-11	4365.1
8.4359e-11	4368.8
8.1267e-11	4372.5
7.8289e-11	4376.2
7.5421e-11	4380
7.266e-11	4383.7
7.0002e-11	4387.4
6.7443e-11	4391.1
6.498e-11	4394.8
6.2609e-11	4398.5
6.0327e-11	4402.2
5.8131e-11	4406
5.6018e-11	4409.7
5.3985e-11	4413.4
5.203e-11	4417.1
5.0149e-11	4420.8
4.834e-11	4424.5
4.66e-11	4428.2
4.4928e-11	4432
4.332e-11	4435.7
4.1775e-11	4439.4
4.029e-11	4443.1
3.8863e-11	4446.8
3.7493e-11	4450.5
3.6178e-11	4454.3
3.4915e-11	4458
3.3702e-11	4461.7
3.2539e-11	4465.4
3.1424e-11	4469.1
3.0354e-11	4472.8
2.9329e-11	4476.5
2.8347e-11	4480.3
2.7406e-11	4484
2.6506e-11	4487.7
2.5645e-11	4491.4
2.4821e-11	4495.1
2.4035e-11	4498.8
2.3284e-11	4502.5
2.2567e-11	4506.3
2.1884e-11	4510
2.1233e-11	4513.7
2.0614e-11	4517.4
2.0025e-11	4521.1
1.9467e-11	4524.8
1.8937e-11	4528.6
1.8436e-11	4532.3
1.7962e-11	4536
1.7516e-11	4539.7
1.7095e-11	4543.4
1.6701e-11	4547.1
1.6331e-11	4550.8
1.5986e-11	4554.6
1.5666e-11	4558.3
1.5369e-11	4562
1.5095e-11	4565.7
1.4844e-11	4569.4
1.4616e-11	4573.1
1.4409e-11	4576.8
1.4225e-11	4580.6
1.4063e-11	4584.3
1.3922e-11	4588
1.3802e-11	4591.7
1.3703e-11	4595.4
1.3626e-11	4599.1
1.3569e-11	4602.9
1.3533e-11	4606.6
1.3518e-11	4610.3
1.3524e-11	4614
1.355e-11	4617.7
1.3598e-11	4621.4
1.3666e-11	4625.1
1.3756e-11	4628.9
1.3867e-11	4632.6
1.4e-11	4636.3
1.4154e-11	4640
