1.7897e-16	0
0.0003082	20.05
0.00062017	40.1
0.00093974	60.15
0.0012708	80.201
0.0016171	100.25
0.0019822	120.3
0.0023697	140.35
0.0027827	160.4
0.0032248	180.45
0.0036987	200.5
0.0042065	220.55
0.0047494	240.6
0.005327	260.65
0.005938	280.7
0.0065805	300.75
0.0072511	320.8
0.007947	340.85
0.0086645	360.9
0.0094001	380.95
0.010151	401
0.010915	421.05
0.011687	441.1
0.012468	461.15
0.013255	481.2
0.013995	500
0.014044	501.25
0.014836	521.3
0.015627	541.35
0.016417	561.4
0.017202	581.45
0.017982	601.5
0.018753	621.55
0.019514	641.6
0.020263	661.65
0.020999	681.7
0.021718	701.75
0.02242	721.8
0.023103	741.85
0.023764	761.9
0.024403	781.95
0.025017	802.01
0.025606	822.06
0.026168	842.11
0.026702	862.16
0.027207	882.21
0.027681	902.26
0.028125	922.31
0.028536	942.36
0.028915	962.41
0.029261	982.46
0.029573	1002.5
0.029851	1022.6
0.030094	1042.6
0.030303	1062.7
0.030477	1082.7
0.030617	1102.8
0.030722	1122.8
0.030793	1142.9
0.030829	1162.9
0.030832	1183
0.030801	1203
0.030737	1223.1
0.030641	1243.1
0.030513	1263.2
0.030354	1283.2
0.030166	1303.3
0.029948	1323.3
0.029702	1343.4
0.029429	1363.4
0.029129	1383.5
0.028805	1403.5
0.028456	1423.6
0.028085	1443.6
0.027693	1463.7
0.02728	1483.7
0.026848	1503.8
0.026399	1523.8
0.025933	1543.9
0.025452	1563.9
0.024957	1584
0.02445	1604
0.023932	1624.1
0.023404	1644.1
0.022867	1664.2
0.022323	1684.2
0.021774	1704.3
0.02122	1724.3
0.020662	1744.4
0.020102	1764.4
0.019541	1784.5
0.018979	1804.5
0.018419	1824.6
0.01786	1844.6
0.017305	1864.7
0.016753	1884.7
0.016206	1904.8
0.015665	1924.8
0.01513	1944.9
0.014602	1964.9
0.014081	1985
0.013569	2005
0.013065	2025.1
0.012571	2045.1
0.012087	2065.2
0.011612	2085.2
0.011148	2105.3
0.010695	2125.3
0.010253	2145.4
0.0098227	2165.4
0.0094035	2185.5
0.008996	2205.5
0.0086001	2225.6
0.0082161	2245.6
0.0078438	2265.7
0.0074834	2285.7
0.0071348	2305.8
0.0067979	2325.8
0.0064726	2345.9
0.0061589	2365.9
0.0058566	2386
0.0055655	2406
0.0052856	2426.1
0.0050166	2446.1
0.0047583	2466.2
0.0045105	2486.2
0.004273	2506.3
0.0040454	2526.3
0.0038277	2546.4
0.0036195	2566.4
0.0034206	2586.5
0.0032306	2606.5
0.0030495	2626.6
0.0028768	2646.6
0.0027123	2666.7
0.0025557	2686.7
0.0024068	2706.8
0.0022653	2726.8
0.0021308	2746.9
0.0020033	2766.9
0.0018823	2787
0.0017676	2807
0.001659	2827.1
0.0015562	2847.1
0.001459	2867.2
0.0013672	2887.2
0.0012804	2907.3
0.0011985	2927.3
0.0011212	2947.4
0.0010484	2967.4
0.00097974	2987.5
0.00091513	3007.5
0.00085433	3027.6
0.00079716	3047.6
0.00074344	3067.7
0.00069298	3087.7
0.00064562	3107.8
0.00060119	3127.8
0.00055954	3147.9
0.00052052	3167.9
0.00048397	3188
0.00044978	3208
0.00041779	3228.1
0.00038789	3248.1
0.00035996	3268.2
0.00033388	3288.2
0.00030953	3308.3
0.00028683	3328.3
0.00026567	3348.4
0.00024595	3368.4
0.00022759	3388.5
0.0002105	3408.5
0.00019461	3428.6
0.00017983	3448.6
0.0001661	3468.7
0.00015335	3488.7
0.00014151	3508.8
0.00013053	3528.8
0.00012034	3548.9
0.0001109	3568.9
0.00010216	3589
9.4065e-05	3609
8.6573e-05	3629.1
7.9642e-05	3649.1
7.3235e-05	3669.2
6.7314e-05	3689.2
6.1845e-05	3709.3
5.6796e-05	3729.3
5.2137e-05	3749.4
4.7839e-05	3769.4
4.3878e-05	3789.5
4.0226e-05	3809.5
3.6864e-05	3829.6
3.3768e-05	3849.6
3.0918e-05	3869.7
2.8297e-05	3889.7
2.5888e-05	3909.8
2.3673e-05	3929.8
2.1638e-05	3949.9
1.977e-05	3969.9
1.8055e-05	3990
1.6482e-05	4010
1.504e-05	4030.1
1.3718e-05	4050.1
1.2507e-05	4070.2
1.1398e-05	4090.2
1.0383e-05	4110.3
9.4542e-06	4130.3
8.6047e-06	4150.4
7.8284e-06	4170.4
7.1189e-06	4190.5
6.4709e-06	4210.5
5.8793e-06	4230.6
5.3392e-06	4250.6
4.8465e-06	4270.7
4.397e-06	4290.7
3.987e-06	4310.8
3.6131e-06	4330.8
3.2722e-06	4350.9
2.9615e-06	4370.9
2.6784e-06	4391
2.4204e-06	4411
2.1853e-06	4431.1
1.9712e-06	4451.1
1.776e-06	4471.2
1.598e-06	4491.2
1.4358e-06	4511.3
1.2876e-06	4531.3
1.1524e-06	4551.4
1.0287e-06	4571.4
9.1534e-07	4591.5
8.1139e-07	4611.5
7.1577e-07	4631.6
6.7787e-07	4640
