3.6684e-11	0
8.8406e-05	3.715
0.00017682	7.4299
0.00026525	11.145
0.0003537	14.86
0.00044218	18.575
0.0005307	22.29
0.00061927	26.005
0.00070789	29.72
0.00079657	33.435
0.00088532	37.15
0.00097415	40.865
0.0010631	44.58
0.0011521	48.295
0.0012412	52.01
0.0013304	55.725
0.0014197	59.44
0.0015092	63.155
0.0015987	66.869
0.0016885	70.584
0.0017783	74.299
0.0018683	78.014
0.0019585	81.729
0.0020488	85.444
0.0021394	89.159
0.00223	92.874
0.0023209	96.589
0.002412	100.3
0.0025032	104.02
0.0025946	107.73
0.0026863	111.45
0.0027781	115.16
0.0028701	118.88
0.0029623	122.59
0.0030548	126.31
0.0031474	130.02
0.0032402	133.74
0.0033332	137.45
0.0034264	141.17
0.0035198	144.88
0.0036134	148.6
0.0037071	152.31
0.0038011	156.03
0.0038952	159.74
0.0039894	163.46
0.0040838	167.17
0.0041784	170.89
0.0042731	174.6
0.0043679	178.32
0.0044629	182.03
0.004558	185.75
0.0046532	189.46
0.0047485	193.18
0.004844	196.89
0.0049395	200.61
0.0050351	204.32
0.0051309	208.04
0.0052267	211.75
0.0053226	215.47
0.0054186	219.18
0.0055147	222.9
0.0056109	226.61
0.0057071	230.33
0.0058035	234.04
0.0058999	237.76
0.0059964	241.47
0.0060929	245.19
0.0061895	248.9
0.0062862	252.62
0.006383	256.33
0.0064799	260.05
0.0065768	263.76
0.0066737	267.48
0.0067708	271.19
0.0068679	274.91
0.006965	278.62
0.0070623	282.34
0.0071596	286.05
0.0072569	289.77
0.0073543	293.48
0.0074517	297.2
0.0075492	300.91
0.0076468	304.63
0.0077444	308.34
0.0078421	312.06
0.0079398	315.77
0.0080375	319.49
0.0081353	323.2
0.0082331	326.92
0.008331	330.63
0.0084289	334.35
0.0085268	338.06
0.0086248	341.78
0.0087227	345.49
0.0088208	349.21
0.0089188	352.92
0.0090169	356.64
0.0091149	360.35
0.009213	364.07
0.0093112	367.78
0.0094093	371.5
0.0095074	375.21
0.0096056	378.93
0.0097037	382.64
0.0098018	386.36
0.0099	390.07
0.0099981	393.79
0.010096	397.5
0.010194	401.22
0.010292	404.93
0.010391	408.65
0.010489	412.36
0.010587	416.08
0.010685	419.79
0.010783	423.51
0.010881	427.22
0.010978	430.94
0.011076	434.65
0.011174	438.37
0.011272	442.08
0.01137	445.8
0.011467	449.51
0.011565	453.23
0.011663	456.94
0.01176	460.66
0.011857	464.37
0.011955	468.09
0.012052	471.8
0.012149	475.52
0.012246	479.23
0.012343	482.95
0.01244	486.66
0.012537	490.38
0.012634	494.09
0.012731	497.81
0.012827	501.52
0.012924	505.24
0.01302	508.95
0.013116	512.67
0.013212	516.38
0.013308	520.1
0.013404	523.81
0.0135	527.53
0.013595	531.24
0.013691	534.96
0.013786	538.67
0.013881	542.39
0.013976	546.1
0.014071	549.82
0.014166	553.53
0.01426	557.25
0.014355	560.96
0.014449	564.68
0.014543	568.39
0.014637	572.11
0.014731	575.82
0.014824	579.54
0.014917	583.25
0.015011	586.97
0.015104	590.68
0.015196	594.4
0.015289	598.11
0.015381	601.83
0.015473	605.54
0.015565	609.26
0.015657	612.97
0.015748	616.69
0.01584	620.4
0.015931	624.12
0.016021	627.83
0.016112	631.55
0.016202	635.26
0.016292	638.98
0.016382	642.69
0.016472	646.41
0.016561	650.12
0.01665	653.84
0.016739	657.55
0.016827	661.27
0.016916	664.98
0.017004	668.69
0.017091	672.41
0.017179	676.12
0.017266	679.84
0.017353	683.55
0.01744	687.27
0.017526	690.98
0.017612	694.7
0.017698	698.41
0.017783	702.13
0.017868	705.84
0.017953	709.56
0.018037	713.27
0.018122	716.99
0.018205	720.7
0.018289	724.42
0.018372	728.13
0.018455	731.85
0.018538	735.56
0.01862	739.28
0.018702	742.99
0.018783	746.71
0.018864	750.42
0.018945	754.14
0.019026	757.85
0.019106	761.57
0.019185	765.28
0.019265	769
0.019344	772.71
0.019423	776.43
0.019501	780.14
0.019579	783.86
0.019656	787.57
0.019734	791.29
0.01981	795
0.019887	798.72
0.019963	802.43
0.020039	806.15
0.020114	809.86
0.020189	813.58
0.020263	817.29
0.020337	821.01
0.020411	824.72
0.020484	828.44
0.020557	832.15
0.020629	835.87
0.020702	839.58
0.020773	843.3
0.020844	847.01
0.020915	850.73
0.020985	854.44
0.021055	858.16
0.021125	861.87
0.021194	865.59
0.021263	869.3
0.021331	873.02
0.021399	876.73
0.021466	880.45
0.021533	884.16
0.021599	887.88
0.021665	891.59
0.021731	895.31
0.021796	899.02
0.021861	902.74
0.021925	906.45
0.021989	910.17
0.022052	913.88
0.022115	917.6
0.022177	921.31
0.022239	925.03
0.022301	928.74
0.022361	932.46
0.022422	936.17
0.022482	939.89
0.022542	943.6
0.022601	947.32
0.022659	951.03
0.022717	954.75
0.022775	958.46
0.022832	962.18
0.022889	965.89
0.022945	969.61
0.023001	973.32
0.023056	977.04
0.023111	980.75
0.023165	984.47
0.023219	988.18
0.023272	991.9
0.023325	995.61
0.023377	999.33
0.023429	1003
0.02348	1006.8
0.023531	1010.5
0.023581	1014.2
0.023631	1017.9
0.02368	1021.6
0.023729	1025.3
0.023778	1029
0.023825	1032.8
0.023873	1036.5
0.023919	1040.2
0.023965	1043.9
0.024011	1047.6
0.024056	1051.3
0.024101	1055.1
0.024145	1058.8
0.024189	1062.5
0.024232	1066.2
0.024275	1069.9
0.024317	1073.6
0.024359	1077.3
0.0244	1081.1
0.02444	1084.8
0.02448	1088.5
0.02452	1092.2
0.024559	1095.9
0.024597	1099.6
0.024635	1103.3
0.024673	1107.1
0.02471	1110.8
0.024746	1114.5
0.024782	1118.2
0.024817	1121.9
0.024852	1125.6
0.024886	1129.4
0.02492	1133.1
0.024953	1136.8
0.024986	1140.5
0.025018	1144.2
0.02505	1147.9
0.025081	1151.6
0.025112	1155.4
0.025142	1159.1
0.025171	1162.8
0.0252	1166.5
0.025229	1170.2
0.025257	1173.9
0.025284	1177.6
0.025311	1181.4
0.025337	1185.1
0.025363	1188.8
0.025389	1192.5
0.025413	1196.2
0.025438	1199.9
0.025461	1203.7
0.025485	1207.4
0.025507	1211.1
0.025529	1214.8
0.025551	1218.5
0.025572	1222.2
0.025593	1225.9
0.025613	1229.7
0.025632	1233.4
0.025651	1237.1
0.02567	1240.8
0.025688	1244.5
0.025705	1248.2
0.025722	1251.9
0.025739	1255.7
0.025754	1259.4
0.02577	1263.1
0.025785	1266.8
0.025799	1270.5
0.025813	1274.2
0.025826	1278
0.025839	1281.7
0.025851	1285.4
0.025863	1289.1
0.025874	1292.8
0.025884	1296.5
0.025895	1300.2
0.025904	1304
0.025913	1307.7
0.025922	1311.4
0.02593	1315.1
0.025938	1318.8
0.025945	1322.5
0.025951	1326.2
0.025957	1330
0.025963	1333.7
0.025968	1337.4
0.025973	1341.1
0.025977	1344.8
0.02598	1348.5
0.025983	1352.2
0.025986	1356
0.025988	1359.7
0.025989	1363.4
0.02599	1367.1
0.025991	1370.8
0.025991	1374.5
0.025991	1378.3
0.02599	1382
0.025988	1385.7
0.025986	1389.4
0.025984	1393.1
0.025981	1396.8
0.025978	1400.5
0.025974	1404.3
0.025969	1408
0.025965	1411.7
0.025959	1415.4
0.025953	1419.1
0.025947	1422.8
0.02594	1426.5
0.025933	1430.3
0.025926	1434
0.025917	1437.7
0.025909	1441.4
0.0259	1445.1
0.02589	1448.8
0.02588	1452.6
0.02587	1456.3
0.025859	1460
0.025847	1463.7
0.025835	1467.4
0.025823	1471.1
0.02581	1474.8
0.025797	1478.6
0.025783	1482.3
0.025769	1486
0.025755	1489.7
0.025739	1493.4
0.025724	1497.1
0.025708	1500.8
0.025692	1504.6
0.025675	1508.3
0.025658	1512
0.02564	1515.7
0.025622	1519.4
0.025603	1523.1
0.025584	1526.9
0.025565	1530.6
0.025545	1534.3
0.025525	1538
0.025504	1541.7
0.025483	1545.4
0.025461	1549.1
0.02544	1552.9
0.025417	1556.6
0.025394	1560.3
0.025371	1564
0.025348	1567.7
0.025324	1571.4
0.025299	1575.1
0.025274	1578.9
0.025249	1582.6
0.025224	1586.3
0.025198	1590
0.025171	1593.7
0.025145	1597.4
0.025117	1601.2
0.02509	1604.9
0.025062	1608.6
0.025034	1612.3
0.025005	1616
0.024976	1619.7
0.024946	1623.4
0.024916	1627.2
0.024886	1630.9
0.024856	1634.6
0.024825	1638.3
0.024793	1642
0.024762	1645.7
0.02473	1649.4
0.024697	1653.2
0.024665	1656.9
0.024631	1660.6
0.024598	1664.3
0.024564	1668
0.02453	1671.7
0.024496	1675.5
0.024461	1679.2
0.024426	1682.9
0.02439	1686.6
0.024354	1690.3
0.024318	1694
0.024282	1697.7
0.024245	1701.5
0.024208	1705.2
0.02417	1708.9
0.024132	1712.6
0.024094	1716.3
0.024056	1720
0.024017	1723.7
0.023978	1727.5
0.023938	1731.2
0.023899	1734.9
0.023859	1738.6
0.023819	1742.3
0.023778	1746
0.023737	1749.8
0.023696	1753.5
0.023654	1757.2
0.023613	1760.9
0.023571	1764.6
0.023528	1768.3
0.023486	1772
0.023443	1775.8
0.0234	1779.5
0.023356	1783.2
0.023312	1786.9
0.023269	1790.6
0.023224	1794.3
0.02318	1798
0.023135	1801.8
0.02309	1805.5
0.023045	1809.2
0.022999	1812.9
0.022953	1816.6
0.022907	1820.3
0.022861	1824.1
0.022814	1827.8
0.022768	1831.5
0.022721	1835.2
0.022673	1838.9
0.022626	1842.6
0.022578	1846.3
0.02253	1850.1
0.022482	1853.8
0.022434	1857.5
0.022385	1861.2
0.022336	1864.9
0.022287	1868.6
0.022238	1872.3
0.022188	1876.1
0.022139	1879.8
0.022089	1883.5
0.022039	1887.2
0.021988	1890.9
0.021938	1894.6
0.021887	1898.4
0.021836	1902.1
0.021785	1905.8
0.021734	1909.5
0.021682	1913.2
0.021631	1916.9
0.021579	1920.6
0.021527	1924.4
0.021475	1928.1
0.021422	1931.8
0.02137	1935.5
0.021317	1939.2
0.021264	1942.9
0.021211	1946.6
0.021158	1950.4
0.021104	1954.1
0.021051	1957.8
0.020997	1961.5
0.020943	1965.2
0.020889	1968.9
0.020835	1972.7
0.020781	1976.4
0.020726	1980.1
0.020672	1983.8
0.020617	1987.5
0.020562	1991.2
0.020507	1994.9
0.020452	1998.7
0.020397	2002.4
0.020341	2006.1
0.020286	2009.8
0.02023	2013.5
0.020175	2017.2
0.020119	2020.9
0.020063	2024.7
0.020007	2028.4
0.01995	2032.1
0.019894	2035.8
0.019838	2039.5
0.019781	2043.2
0.019725	2046.9
0.019668	2050.7
0.019611	2054.4
0.019554	2058.1
0.019497	2061.8
0.01944	2065.5
0.019383	2069.2
0.019325	2073
0.019268	2076.7
0.019211	2080.4
0.019153	2084.1
0.019095	2087.8
0.019038	2091.5
0.01898	2095.2
0.018922	2099
0.018864	2102.7
0.018806	2106.4
0.018748	2110.1
0.01869	2113.8
0.018632	2117.5
0.018574	2121.2
0.018516	2125
0.018457	2128.7
0.018399	2132.4
0.01834	2136.1
0.018282	2139.8
0.018223	2143.5
0.018165	2147.3
0.018106	2151
0.018048	2154.7
0.017989	2158.4
0.01793	2162.1
0.017871	2165.8
0.017813	2169.5
0.017754	2173.3
0.017695	2177
0.017636	2180.7
0.017577	2184.4
0.017518	2188.1
0.017459	2191.8
0.0174	2195.5
0.017341	2199.3
0.017282	2203
0.017223	2206.7
0.017164	2210.4
0.017105	2214.1
0.017046	2217.8
0.016987	2221.6
0.016928	2225.3
0.016869	2229
0.01681	2232.7
0.016751	2236.4
0.016692	2240.1
0.016633	2243.8
0.016574	2247.6
0.016515	2251.3
0.016456	2255
0.016397	2258.7
0.016338	2262.4
0.016279	2266.1
0.01622	2269.8
0.016161	2273.6
0.016102	2277.3
0.016043	2281
0.015984	2284.7
0.015925	2288.4
0.015866	2292.1
0.015808	2295.9
0.015749	2299.6
0.01569	2303.3
0.015631	2307
0.015573	2310.7
0.015514	2314.4
0.015455	2318.1
0.015397	2321.9
0.015338	2325.6
0.01528	2329.3
0.015221	2333
0.015163	2336.7
0.015105	2340.4
0.015046	2344.1
0.014988	2347.9
0.01493	2351.6
0.014872	2355.3
0.014814	2359
0.014756	2362.7
0.014698	2366.4
0.01464	2370.2
0.014582	2373.9
0.014524	2377.6
0.014467	2381.3
0.014409	2385
0.014351	2388.7
0.014294	2392.4
0.014236	2396.2
0.014179	2399.9
0.014122	2403.6
0.014064	2407.3
0.014007	2411
0.01395	2414.7
0.013893	2418.4
0.013836	2422.2
0.013779	2425.9
0.013722	2429.6
0.013666	2433.3
0.013609	2437
0.013552	2440.7
0.013496	2444.5
0.01344	2448.2
0.013383	2451.9
0.013327	2455.6
0.013271	2459.3
0.013215	2463
0.013159	2466.7
0.013103	2470.5
0.013047	2474.2
0.012992	2477.9
0.012936	2481.6
0.012881	2485.3
0.012825	2489
0.01277	2492.7
0.012715	2496.5
0.01266	2500.2
0.012605	2503.9
0.01255	2507.6
0.012495	2511.3
0.012441	2515
0.012386	2518.8
0.012331	2522.5
0.012277	2526.2
0.012223	2529.9
0.012169	2533.6
0.012115	2537.3
0.012061	2541
0.012007	2544.8
0.011953	2548.5
0.0119	2552.2
0.011846	2555.9
0.011793	2559.6
0.01174	2563.3
0.011686	2567
0.011633	2570.8
0.011581	2574.5
0.011528	2578.2
0.011475	2581.9
0.011423	2585.6
0.01137	2589.3
0.011318	2593.1
0.011266	2596.8
0.011214	2600.5
0.011162	2604.2
0.01111	2607.9
0.011058	2611.6
0.011007	2615.3
0.010955	2619.1
0.010904	2622.8
0.010853	2626.5
0.010802	2630.2
0.010751	2633.9
0.0107	2637.6
0.01065	2641.3
0.010599	2645.1
0.010549	2648.8
0.010498	2652.5
0.010448	2656.2
0.010398	2659.9
0.010348	2663.6
0.010299	2667.3
0.010249	2671.1
0.0102	2674.8
0.01015	2678.5
0.010101	2682.2
0.010052	2685.9
0.010003	2689.6
0.0099544	2693.4
0.0099058	2697.1
0.0098573	2700.8
0.0098089	2704.5
0.0097607	2708.2
0.0097126	2711.9
0.0096647	2715.6
0.0096169	2719.4
0.0095693	2723.1
0.0095218	2726.8
0.0094744	2730.5
0.0094272	2734.2
0.0093801	2737.9
0.0093331	2741.6
0.0092863	2745.4
0.0092397	2749.1
0.0091932	2752.8
0.0091468	2756.5
0.0091006	2760.2
0.0090545	2763.9
0.0090086	2767.7
0.0089628	2771.4
0.0089171	2775.1
0.0088716	2778.8
0.0088263	2782.5
0.0087811	2786.2
0.008736	2789.9
0.0086911	2793.7
0.0086464	2797.4
0.0086018	2801.1
0.0085573	2804.8
0.008513	2808.5
0.0084688	2812.2
0.0084248	2815.9
0.0083809	2819.7
0.0083372	2823.4
0.0082936	2827.1
0.0082502	2830.8
0.0082069	2834.5
0.0081638	2838.2
0.0081208	2842
0.008078	2845.7
0.0080354	2849.4
0.0079928	2853.1
0.0079505	2856.8
0.0079082	2860.5
0.0078662	2864.2
0.0078242	2868
0.0077825	2871.7
0.0077409	2875.4
0.0076994	2879.1
0.0076581	2882.8
0.0076169	2886.5
0.0075759	2890.2
0.007535	2894
0.0074943	2897.7
0.0074538	2901.4
0.0074134	2905.1
0.0073731	2908.8
0.007333	2912.5
0.0072931	2916.3
0.0072533	2920
0.0072136	2923.7
0.0071741	2927.4
0.0071348	2931.1
0.0070956	2934.8
0.0070565	2938.5
0.0070176	2942.3
0.0069789	2946
0.0069403	2949.7
0.0069019	2953.4
0.0068636	2957.1
0.0068255	2960.8
0.0067875	2964.5
0.0067497	2968.3
0.006712	2972
0.0066744	2975.7
0.0066371	2979.4
0.0065998	2983.1
0.0065628	2986.8
0.0065258	2990.6
0.0064891	2994.3
0.0064525	2998
0.006416	3001.7
0.0063797	3005.4
0.0063435	3009.1
0.0063075	3012.8
0.0062716	3016.6
0.0062359	3020.3
0.0062003	3024
0.0061649	3027.7
0.0061296	3031.4
0.0060945	3035.1
0.0060595	3038.8
0.0060247	3042.6
0.00599	3046.3
0.0059555	3050
0.0059211	3053.7
0.0058869	3057.4
0.0058528	3061.1
0.0058189	3064.9
0.0057851	3068.6
0.0057515	3072.3
0.005718	3076
0.0056846	3079.7
0.0056514	3083.4
0.0056184	3087.1
0.0055855	3090.9
0.0055528	3094.6
0.0055201	3098.3
0.0054877	3102
0.0054554	3105.7
0.0054232	3109.4
0.0053912	3113.1
0.0053593	3116.9
0.0053276	3120.6
0.005296	3124.3
0.0052646	3128
0.0052333	3131.7
0.0052021	3135.4
0.0051711	3139.2
0.0051402	3142.9
0.0051095	3146.6
0.0050789	3150.3
0.0050485	3154
0.0050182	3157.7
0.0049881	3161.4
0.0049581	3165.2
0.0049282	3168.9
0.0048985	3172.6
0.0048689	3176.3
0.0048394	3180
0.0048101	3183.7
0.004781	3187.4
0.004752	3191.2
0.0047231	3194.9
0.0046943	3198.6
0.0046657	3202.3
0.0046373	3206
0.004609	3209.7
0.0045808	3213.5
0.0045527	3217.2
0.0045248	3220.9
0.004497	3224.6
0.0044694	3228.3
0.0044419	3232
0.0044145	3235.7
0.0043873	3239.5
0.0043602	3243.2
0.0043333	3246.9
0.0043065	3250.6
0.0042798	3254.3
0.0042532	3258
0.0042268	3261.7
0.0042005	3265.5
0.0041744	3269.2
0.0041484	3272.9
0.0041225	3276.6
0.0040967	3280.3
0.0040711	3284
0.0040456	3287.8
0.0040203	3291.5
0.003995	3295.2
0.00397	3298.9
0.003945	3302.6
0.0039202	3306.3
0.0038955	3310
0.0038709	3313.8
0.0038464	3317.5
0.0038221	3321.2
0.0037979	3324.9
0.0037739	3328.6
0.0037499	3332.3
0.0037261	3336
0.0037025	3339.8
0.0036789	3343.5
0.0036555	3347.2
0.0036322	3350.9
0.003609	3354.6
0.003586	3358.3
0.003563	3362
0.0035402	3365.8
0.0035175	3369.5
0.003495	3373.2
0.0034726	3376.9
0.0034503	3380.6
0.0034281	3384.3
0.003406	3388.1
0.0033841	3391.8
0.0033622	3395.5
0.0033405	3399.2
0.003319	3402.9
0.0032975	3406.6
0.0032762	3410.3
0.0032549	3414.1
0.0032338	3417.8
0.0032129	3421.5
0.003192	3425.2
0.0031712	3428.9
0.0031506	3432.6
0.0031301	3436.3
0.0031097	3440.1
0.0030894	3443.8
0.0030693	3447.5
0.0030492	3451.2
0.0030293	3454.9
0.0030095	3458.6
0.0029898	3462.4
0.0029702	3466.1
0.0029507	3469.8
0.0029313	3473.5
0.0029121	3477.2
0.0028929	3480.9
0.0028739	3484.6
0.002855	3488.4
0.0028362	3492.1
0.0028175	3495.8
0.0027989	3499.5
0.0027804	3503.2
0.0027621	3506.9
0.0027438	3510.6
0.0027257	3514.4
0.0027076	3518.1
0.0026897	3521.8
0.0026719	3525.5
0.0026542	3529.2
0.0026365	3532.9
0.002619	3536.7
0.0026016	3540.4
0.0025844	3544.1
0.0025672	3547.8
0.0025501	3551.5
0.0025331	3555.2
0.0025162	3558.9
0.0024995	3562.7
0.0024828	3566.4
0.0024662	3570.1
0.0024498	3573.8
0.0024334	3577.5
0.0024172	3581.2
0.002401	3584.9
0.0023849	3588.7
0.002369	3592.4
0.0023531	3596.1
0.0023374	3599.8
0.0023217	3603.5
0.0023062	3607.2
0.0022907	3611
0.0022754	3614.7
0.0022601	3618.4
0.0022449	3622.1
0.0022299	3625.8
0.0022149	3629.5
0.0022	3633.2
0.0021852	3637
0.0021705	3640.7
0.002156	3644.4
0.0021415	3648.1
0.0021271	3651.8
0.0021128	3655.5
0.0020986	3659.2
0.0020844	3663
0.0020704	3666.7
0.0020565	3670.4
0.0020426	3674.1
0.0020289	3677.8
0.0020152	3681.5
0.0020017	3685.3
0.0019882	3689
0.0019748	3692.7
0.0019615	3696.4
0.0019483	3700.1
0.0019352	3703.8
0.0019222	3707.5
0.0019092	3711.3
0.0018964	3715
0.0018836	3718.7
0.0018709	3722.4
0.0018583	3726.1
0.0018458	3729.8
0.0018334	3733.5
0.0018211	3737.3
0.0018088	3741
0.0017967	3744.7
0.0017846	3748.4
0.0017726	3752.1
0.0017607	3755.8
0.0017489	3759.6
0.0017371	3763.3
0.0017255	3767
0.0017139	3770.7
0.0017024	3774.4
0.001691	3778.1
0.0016797	3781.8
0.0016685	3785.6
0.0016573	3789.3
0.0016462	3793
0.0016352	3796.7
0.0016243	3800.4
0.0016134	3804.1
0.0016027	3807.8
0.001592	3811.6
0.0015814	3815.3
0.0015709	3819
0.0015604	3822.7
0.00155	3826.4
0.0015397	3830.1
0.0015295	3833.9
0.0015194	3837.6
0.0015093	3841.3
0.0014993	3845
0.0014894	3848.7
0.0014796	3852.4
0.0014698	3856.1
0.0014601	3859.9
0.0014505	3863.6
0.001441	3867.3
0.0014315	3871
0.0014221	3874.7
0.0014128	3878.4
0.0014036	3882.1
0.0013944	3885.9
0.0013853	3889.6
0.0013763	3893.3
0.0013673	3897
0.0013584	3900.7
0.0013496	3904.4
0.0013409	3908.2
0.0013322	3911.9
0.0013236	3915.6
0.0013151	3919.3
0.0013066	3923
0.0012982	3926.7
0.0012899	3930.4
0.0012816	3934.2
0.0012734	3937.9
0.0012653	3941.6
0.0012573	3945.3
0.0012493	3949
0.0012414	3952.7
0.0012335	3956.4
0.0012258	3960.2
0.001218	3963.9
0.0012104	3967.6
0.0012028	3971.3
0.0011953	3975
0.0011878	3978.7
0.0011805	3982.4
0.0011731	3986.2
0.0011659	3989.9
0.0011587	3993.6
0.0011516	3997.3
0.0011445	4001
0.0011375	4004.7
0.0011306	4008.5
0.0011237	4012.2
0.0011169	4015.9
0.0011101	4019.6
0.0011035	4023.3
0.0010968	4027
0.0010903	4030.7
0.0010838	4034.5
0.0010773	4038.2
0.001071	4041.9
0.0010647	4045.6
0.0010584	4049.3
0.0010522	4053
0.0010461	4056.7
0.00104	4060.5
0.001034	4064.2
0.0010281	4067.9
0.0010222	4071.6
0.0010163	4075.3
0.0010106	4079
0.0010048	4082.8
0.00099919	4086.5
0.00099359	4090.2
0.00098805	4093.9
0.00098257	4097.6
0.00097715	4101.3
0.00097179	4105
0.00096648	4108.8
0.00096123	4112.5
0.00095604	4116.2
0.0009509	4119.9
0.00094583	4123.6
0.0009408	4127.3
0.00093584	4131
0.00093093	4134.8
0.00092608	4138.5
0.00092128	4142.2
0.00091654	4145.9
0.00091185	4149.6
0.00090722	4153.3
0.00090264	4157.1
0.00089812	4160.8
0.00089366	4164.5
0.00088925	4168.2
0.00088489	4171.9
0.00088059	4175.6
0.00087634	4179.3
0.00087215	4183.1
0.00086801	4186.8
0.00086392	4190.5
0.00085989	4194.2
0.00085591	4197.9
0.00085198	4201.6
0.00084811	4205.3
0.00084429	4209.1
0.00084053	4212.8
0.00083681	4216.5
0.00083315	4220.2
0.00082954	4223.9
0.00082599	4227.6
0.00082248	4231.4
0.00081903	4235.1
0.00081563	4238.8
0.00081229	4242.5
0.00080899	4246.2
0.00080575	4249.9
0.00080255	4253.6
0.00079941	4257.4
0.00079632	4261.1
0.00079329	4264.8
0.0007903	4268.5
0.00078736	4272.2
0.00078448	4275.9
0.00078165	4279.6
0.00077886	4283.4
0.00077613	4287.1
0.00077345	4290.8
0.00077082	4294.5
0.00076824	4298.2
0.00076571	4301.9
0.00076323	4305.7
0.0007608	4309.4
0.00075842	4313.1
0.00075609	4316.8
0.00075382	4320.5
0.00075159	4324.2
0.00074941	4327.9
0.00074728	4331.7
0.0007452	4335.4
0.00074318	4339.1
0.0007412	4342.8
0.00073927	4346.5
0.00073739	4350.2
0.00073556	4353.9
0.00073378	4357.7
0.00073205	4361.4
0.00073037	4365.1
0.00072875	4368.8
0.00072717	4372.5
0.00072563	4376.2
0.00072415	4380
0.00072272	4383.7
0.00072134	4387.4
0.00072001	4391.1
0.00071873	4394.8
0.00071749	4398.5
0.00071631	4402.2
0.00071518	4406
0.00071409	4409.7
0.00071306	4413.4
0.00071208	4417.1
0.00071114	4420.8
0.00071026	4424.5
0.00070942	4428.2
0.00070864	4432
0.0007079	4435.7
0.00070722	4439.4
0.00070658	4443.1
0.00070599	4446.8
0.00070546	4450.5
0.00070497	4454.3
0.00070454	4458
0.00070415	4461.7
0.00070382	4465.4
0.00070353	4469.1
0.0007033	4472.8
0.00070312	4476.5
0.00070298	4480.3
0.0007029	4484
0.00070287	4487.7
0.00070289	4491.4
0.00070296	4495.1
0.00070308	4498.8
0.00070325	4502.5
0.00070347	4506.3
0.00070375	4510
0.00070407	4513.7
0.00070445	4517.4
0.00070488	4521.1
0.00070536	4524.8
0.00070589	4528.6
0.00070648	4532.3
0.00070711	4536
0.0007078	4539.7
0.00070854	4543.4
0.00070934	4547.1
0.00071018	4550.8
0.00071108	4554.6
0.00071203	4558.3
0.00071304	4562
0.0007141	4565.7
0.00071521	4569.4
0.00071638	4573.1
0.0007176	4576.8
0.00071887	4580.6
0.0007202	4584.3
0.00072158	4588
0.00072302	4591.7
0.00072451	4595.4
0.00072606	4599.1
0.00072766	4602.9
0.00072932	4606.6
0.00073103	4610.3
0.0007328	4614
0.00073463	4617.7
0.00073651	4621.4
0.00073845	4625.1
0.00074044	4628.9
0.0007425	4632.6
0.00074461	4636.3
0.00074677	4640
