8.5695e-13	0
8.166e-06	4.3715
1.6347e-05	8.743
2.4559e-05	13.114
3.2816e-05	17.486
4.1134e-05	21.857
4.9529e-05	26.229
5.8015e-05	30.6
6.6607e-05	34.972
7.5322e-05	39.343
8.4173e-05	43.715
9.3176e-05	48.086
0.00010235	52.458
0.0001117	56.829
0.00012125	61.201
0.00013101	65.572
0.000141	69.944
0.00015124	74.315
0.00016173	78.687
0.0001725	83.058
0.00018357	87.43
0.00019495	91.801
0.00020665	96.173
0.0002187	100.54
0.00023111	104.92
0.0002439	109.29
0.00025709	113.66
0.0002707	118.03
0.00028475	122.4
0.00029925	126.77
0.00031424	131.14
0.00032973	135.52
0.00034574	139.89
0.00036229	144.26
0.00037942	148.63
0.00039714	153
0.00041548	157.37
0.00043446	161.75
0.00045411	166.12
0.00047446	170.49
0.00049553	174.86
0.00051736	179.23
0.00053997	183.6
0.00056339	187.97
0.00058766	192.35
0.00061281	196.72
0.00063888	201.09
0.00066588	205.46
0.00069387	209.83
0.00072288	214.2
0.00075294	218.57
0.00078409	222.95
0.00081636	227.32
0.00084981	231.69
0.00088446	236.06
0.00092036	240.43
0.00095755	244.8
0.00099606	249.18
0.0010359	253.55
0.0010772	257.92
0.00112	262.29
0.0011642	266.66
0.00121	271.03
0.0012574	275.4
0.0013064	279.78
0.001357	284.15
0.0014094	288.52
0.0014635	292.89
0.0015194	297.26
0.0015771	301.63
0.0016367	306
0.0016982	310.38
0.0017617	314.75
0.0018272	319.12
0.0018946	323.49
0.0019642	327.86
0.0020359	332.23
0.0021097	336.61
0.0021856	340.98
0.0022638	345.35
0.0023442	349.72
0.0024268	354.09
0.0025118	358.46
0.0025991	362.83
0.0026887	367.21
0.0027807	371.58
0.0028752	375.95
0.002972	380.32
0.0030713	384.69
0.0031731	389.06
0.0032773	393.43
0.003384	397.81
0.0034933	402.18
0.003605	406.55
0.0037193	410.92
0.0038361	415.29
0.0039555	419.66
0.0040774	424.04
0.0042019	428.41
0.0043289	432.78
0.0044585	437.15
0.0045908	441.52
0.0047256	445.89
0.004863	450.26
0.0050029	454.64
0.0051455	459.01
0.0052906	463.38
0.0054382	467.75
0.0055884	472.12
0.0057411	476.49
0.0058962	480.86
0.0060538	485.24
0.0062139	489.61
0.0063765	493.98
0.0065415	498.35
0.0067089	502.72
0.0068788	507.09
0.0070511	511.47
0.0072257	515.84
0.0074028	520.21
0.0075822	524.58
0.007764	528.95
0.007948	533.32
0.0081343	537.69
0.0083228	542.07
0.0085135	546.44
0.0087063	550.81
0.0089013	555.18
0.0090982	559.55
0.0092973	563.92
0.0094983	568.29
0.0097014	572.67
0.0099064	577.04
0.010113	581.41
0.010322	585.78
0.010533	590.15
0.010746	594.52
0.01096	598.9
0.011177	603.27
0.011395	607.64
0.011615	612.01
0.011836	616.38
0.012059	620.75
0.012284	625.12
0.01251	629.5
0.012738	633.87
0.012967	638.24
0.013198	642.61
0.01343	646.98
0.013663	651.35
0.013898	655.72
0.014134	660.1
0.014371	664.47
0.014609	668.84
0.014848	673.21
0.015089	677.58
0.015331	681.95
0.015573	686.33
0.015817	690.7
0.016062	695.07
0.016308	699.44
0.016554	703.81
0.016802	708.18
0.01705	712.55
0.017298	716.93
0.017548	721.3
0.017798	725.67
0.018049	730.04
0.0183	734.41
0.018552	738.78
0.018804	743.15
0.019056	747.53
0.019309	751.9
0.019563	756.27
0.019816	760.64
0.02007	765.01
0.020324	769.38
0.020578	773.76
0.020832	778.13
0.021086	782.5
0.021341	786.87
0.021595	791.24
0.021849	795.61
0.022103	799.98
0.022356	804.36
0.022609	808.73
0.022862	813.1
0.023115	817.47
0.023367	821.84
0.023619	826.21
0.02387	830.58
0.02412	834.96
0.02437	839.33
0.024619	843.7
0.024867	848.07
0.025114	852.44
0.025361	856.81
0.025606	861.18
0.025851	865.56
0.026094	869.93
0.026337	874.3
0.026578	878.67
0.026818	883.04
0.027056	887.41
0.027293	891.79
0.027529	896.16
0.027763	900.53
0.027996	904.9
0.028227	909.27
0.028456	913.64
0.028684	918.01
0.02891	922.39
0.029134	926.76
0.029356	931.13
0.029576	935.5
0.029794	939.87
0.030009	944.24
0.030223	948.61
0.030435	952.99
0.030644	957.36
0.030851	961.73
0.031055	966.1
0.031257	970.47
0.031457	974.84
0.031654	979.22
0.031848	983.59
0.03204	987.96
0.032228	992.33
0.032414	996.7
0.032598	1001.1
0.032778	1005.4
0.032955	1009.8
0.033129	1014.2
0.0333	1018.6
0.033468	1022.9
0.033633	1027.3
0.033794	1031.7
0.033953	1036
0.034108	1040.4
0.034259	1044.8
0.034407	1049.2
0.034552	1053.5
0.034693	1057.9
0.034831	1062.3
0.034965	1066.6
0.035095	1071
0.035222	1075.4
0.035345	1079.8
0.035465	1084.1
0.03558	1088.5
0.035692	1092.9
0.0358	1097.2
0.035904	1101.6
0.036004	1106
0.0361	1110.4
0.036192	1114.7
0.03628	1119.1
0.036364	1123.5
0.036444	1127.8
0.03652	1132.2
0.036592	1136.6
0.03666	1141
0.036723	1145.3
0.036783	1149.7
0.036838	1154.1
0.036889	1158.4
0.036936	1162.8
0.036979	1167.2
0.037018	1171.6
0.037052	1175.9
0.037082	1180.3
0.037108	1184.7
0.03713	1189
0.037147	1193.4
0.03716	1197.8
0.037169	1202.2
0.037174	1206.5
0.037174	1210.9
0.03717	1215.3
0.037162	1219.6
0.03715	1224
0.037133	1228.4
0.037112	1232.8
0.037087	1237.1
0.037058	1241.5
0.037024	1245.9
0.036987	1250.2
0.036945	1254.6
0.036899	1259
0.03685	1263.4
0.036796	1267.7
0.036738	1272.1
0.036676	1276.5
0.03661	1280.8
0.03654	1285.2
0.036466	1289.6
0.036388	1294
0.036306	1298.3
0.036221	1302.7
0.036131	1307.1
0.036038	1311.4
0.035941	1315.8
0.03584	1320.2
0.035735	1324.6
0.035627	1328.9
0.035515	1333.3
0.0354	1337.7
0.035281	1342
0.035158	1346.4
0.035033	1350.8
0.034903	1355.2
0.034771	1359.5
0.034635	1363.9
0.034496	1368.3
0.034353	1372.7
0.034208	1377
0.034059	1381.4
0.033908	1385.8
0.033753	1390.1
0.033596	1394.5
0.033435	1398.9
0.033272	1403.3
0.033106	1407.6
0.032937	1412
0.032765	1416.4
0.032591	1420.7
0.032414	1425.1
0.032234	1429.5
0.032052	1433.9
0.031868	1438.2
0.031681	1442.6
0.031492	1447
0.031301	1451.3
0.031108	1455.7
0.030913	1460.1
0.030715	1464.5
0.030516	1468.8
0.030315	1473.2
0.030112	1477.6
0.029907	1481.9
0.0297	1486.3
0.029492	1490.7
0.029282	1495.1
0.029071	1499.4
0.028858	1503.8
0.028644	1508.2
0.028428	1512.5
0.028211	1516.9
0.027993	1521.3
0.027773	1525.7
0.027553	1530
0.027331	1534.4
0.027108	1538.8
0.026885	1543.1
0.02666	1547.5
0.026435	1551.9
0.026209	1556.3
0.025982	1560.6
0.025755	1565
0.025527	1569.4
0.025298	1573.7
0.02507	1578.1
0.02484	1582.5
0.024611	1586.9
0.024381	1591.2
0.02415	1595.6
0.02392	1600
0.02369	1604.3
0.023459	1608.7
0.023228	1613.1
0.022998	1617.5
0.022767	1621.8
0.022537	1626.2
0.022307	1630.6
0.022077	1634.9
0.021847	1639.3
0.021617	1643.7
0.021388	1648.1
0.021159	1652.4
0.020931	1656.8
0.020703	1661.2
0.020476	1665.5
0.020249	1669.9
0.020023	1674.3
0.019798	1678.7
0.019573	1683
0.019349	1687.4
0.019126	1691.8
0.018904	1696.1
0.018682	1700.5
0.018462	1704.9
0.018242	1709.3
0.018024	1713.6
0.017806	1718
0.017589	1722.4
0.017374	1726.7
0.017159	1731.1
0.016946	1735.5
0.016734	1739.9
0.016523	1744.2
0.016313	1748.6
0.016104	1753
0.015897	1757.3
0.015691	1761.7
0.015486	1766.1
0.015283	1770.5
0.015081	1774.8
0.01488	1779.2
0.014681	1783.6
0.014483	1787.9
0.014287	1792.3
0.014091	1796.7
0.013898	1801.1
0.013706	1805.4
0.013515	1809.8
0.013326	1814.2
0.013139	1818.5
0.012953	1822.9
0.012768	1827.3
0.012585	1831.7
0.012404	1836
0.012225	1840.4
0.012046	1844.8
0.01187	1849.1
0.011695	1853.5
0.011522	1857.9
0.01135	1862.3
0.01118	1866.6
0.011012	1871
0.010846	1875.4
0.010681	1879.7
0.010517	1884.1
0.010356	1888.5
0.010196	1892.9
0.010037	1897.2
0.0098806	1901.6
0.0097256	1906
0.0095723	1910.3
0.0094206	1914.7
0.0092706	1919.1
0.0091223	1923.5
0.0089756	1927.8
0.0088306	1932.2
0.0086873	1936.6
0.0085456	1940.9
0.0084056	1945.3
0.0082672	1949.7
0.0081305	1954.1
0.0079955	1958.4
0.007862	1962.8
0.0077302	1967.2
0.0076001	1971.5
0.0074715	1975.9
0.0073446	1980.3
0.0072193	1984.7
0.0070956	1989
0.0069735	1993.4
0.006853	1997.8
0.006734	2002.1
0.0066167	2006.5
0.0065009	2010.9
0.0063866	2015.3
0.0062739	2019.6
0.0061628	2024
0.0060531	2028.4
0.005945	2032.7
0.0058384	2037.1
0.0057332	2041.5
0.0056296	2045.9
0.0055274	2050.2
0.0054267	2054.6
0.0053275	2059
0.0052296	2063.3
0.0051332	2067.7
0.0050383	2072.1
0.0049447	2076.5
0.0048525	2080.8
0.0047617	2085.2
0.0046723	2089.6
0.0045842	2093.9
0.0044975	2098.3
0.004412	2102.7
0.004328	2107.1
0.0042452	2111.4
0.0041637	2115.8
0.0040835	2120.2
0.0040045	2124.5
0.0039268	2128.9
0.0038504	2133.3
0.0037752	2137.7
0.0037012	2142
0.0036284	2146.4
0.0035567	2150.8
0.0034863	2155.1
0.003417	2159.5
0.0033489	2163.9
0.0032819	2168.3
0.0032161	2172.6
0.0031513	2177
0.0030876	2181.4
0.0030251	2185.7
0.0029636	2190.1
0.0029031	2194.5
0.0028437	2198.9
0.0027853	2203.2
0.002728	2207.6
0.0026716	2212
0.0026163	2216.3
0.0025619	2220.7
0.0025085	2225.1
0.002456	2229.5
0.0024045	2233.8
0.0023539	2238.2
0.0023042	2242.6
0.0022555	2246.9
0.0022076	2251.3
0.0021606	2255.7
0.0021144	2260.1
0.0020691	2264.4
0.0020247	2268.8
0.0019811	2273.2
0.0019382	2277.6
0.0018962	2281.9
0.001855	2286.3
0.0018146	2290.7
0.0017749	2295
0.001736	2299.4
0.0016979	2303.8
0.0016604	2308.2
0.0016237	2312.5
0.0015877	2316.9
0.0015525	2321.3
0.0015178	2325.6
0.0014839	2330
0.0014507	2334.4
0.0014181	2338.8
0.0013861	2343.1
0.0013548	2347.5
0.0013241	2351.9
0.001294	2356.2
0.0012646	2360.6
0.0012357	2365
0.0012074	2369.4
0.0011797	2373.7
0.0011526	2378.1
0.001126	2382.5
0.0010999	2386.8
0.0010744	2391.2
0.0010495	2395.6
0.001025	2400
0.0010011	2404.3
0.00097761	2408.7
0.00095466	2413.1
0.00093218	2417.4
0.00091019	2421.8
0.00088866	2426.2
0.00086759	2430.6
0.00084697	2434.9
0.00082679	2439.3
0.00080704	2443.7
0.00078772	2448
0.00076881	2452.4
0.00075032	2456.8
0.00073222	2461.2
0.00071453	2465.5
0.00069721	2469.9
0.00068028	2474.3
0.00066372	2478.6
0.00064753	2483
0.00063169	2487.4
0.00061621	2491.8
0.00060107	2496.1
0.00058627	2500.5
0.0005718	2504.9
0.00055766	2509.2
0.00054383	2513.6
0.00053032	2518
0.00051711	2522.4
0.0005042	2526.7
0.00049159	2531.1
0.00047926	2535.5
0.00046722	2539.8
0.00045546	2544.2
0.00044396	2548.6
0.00043273	2553
0.00042176	2557.3
0.00041105	2561.7
0.00040059	2566.1
0.00039037	2570.4
0.00038039	2574.8
0.00037064	2579.2
0.00036113	2583.6
0.00035184	2587.9
0.00034276	2592.3
0.00033391	2596.7
0.00032526	2601
0.00031683	2605.4
0.00030859	2609.8
0.00030055	2614.2
0.00029271	2618.5
0.00028505	2622.9
0.00027758	2627.3
0.00027029	2631.6
0.00026318	2636
0.00025624	2640.4
0.00024947	2644.8
0.00024286	2649.1
0.00023642	2653.5
0.00023013	2657.9
0.00022401	2662.2
0.00021803	2666.6
0.0002122	2671
0.00020651	2675.4
0.00020097	2679.7
0.00019557	2684.1
0.0001903	2688.5
0.00018516	2692.8
0.00018015	2697.2
0.00017527	2701.6
0.00017051	2706
0.00016587	2710.3
0.00016135	2714.7
0.00015694	2719.1
0.00015265	2723.4
0.00014847	2727.8
0.00014439	2732.2
0.00014042	2736.6
0.00013655	2740.9
0.00013277	2745.3
0.0001291	2749.7
0.00012552	2754
0.00012204	2758.4
0.00011864	2762.8
0.00011534	2767.2
0.00011212	2771.5
0.00010898	2775.9
0.00010593	2780.3
0.00010295	2784.6
0.00010006	2789
9.7239e-05	2793.4
9.4494e-05	2797.8
9.1823e-05	2802.1
8.9222e-05	2806.5
8.6691e-05	2810.9
8.4227e-05	2815.2
8.1829e-05	2819.6
7.9495e-05	2824
7.7224e-05	2828.4
7.5014e-05	2832.7
7.2864e-05	2837.1
7.0771e-05	2841.5
6.8735e-05	2845.8
6.6755e-05	2850.2
6.4828e-05	2854.6
6.2953e-05	2859
6.113e-05	2863.3
5.9357e-05	2867.7
5.7632e-05	2872.1
5.5954e-05	2876.4
5.4323e-05	2880.8
5.2737e-05	2885.2
5.1194e-05	2889.6
4.9694e-05	2893.9
4.8235e-05	2898.3
4.6817e-05	2902.7
4.5439e-05	2907
4.4099e-05	2911.4
4.2796e-05	2915.8
4.153e-05	2920.2
4.0299e-05	2924.5
3.9103e-05	2928.9
3.794e-05	2933.3
3.681e-05	2937.6
3.5712e-05	2942
3.4645e-05	2946.4
3.3609e-05	2950.8
3.2602e-05	2955.1
3.1623e-05	2959.5
3.0672e-05	2963.9
2.9749e-05	2968.2
2.8852e-05	2972.6
2.798e-05	2977
2.7134e-05	2981.4
2.6312e-05	2985.7
2.5513e-05	2990.1
2.4738e-05	2994.5
2.3985e-05	2998.8
2.3253e-05	3003.2
2.2543e-05	3007.6
2.1854e-05	3012
2.1185e-05	3016.3
2.0535e-05	3020.7
1.9904e-05	3025.1
1.9292e-05	3029.4
1.8697e-05	3033.8
1.812e-05	3038.2
1.756e-05	3042.6
1.7017e-05	3046.9
1.6489e-05	3051.3
1.5978e-05	3055.7
1.5481e-05	3060
1.4999e-05	3064.4
1.4531e-05	3068.8
1.4077e-05	3073.2
1.3637e-05	3077.5
1.321e-05	3081.9
1.2796e-05	3086.3
1.2394e-05	3090.6
1.2004e-05	3095
1.1626e-05	3099.4
1.1259e-05	3103.8
1.0904e-05	3108.1
1.0559e-05	3112.5
1.0224e-05	3116.9
9.9e-06	3121.2
9.5856e-06	3125.6
9.2806e-06	3130
8.985e-06	3134.4
8.6983e-06	3138.7
8.4205e-06	3143.1
8.1511e-06	3147.5
7.89e-06	3151.8
7.6369e-06	3156.2
7.3916e-06	3160.6
7.1538e-06	3165
6.9234e-06	3169.3
6.7e-06	3173.7
6.4836e-06	3178.1
6.2739e-06	3182.4
6.0707e-06	3186.8
5.8739e-06	3191.2
5.6831e-06	3195.6
5.4983e-06	3199.9
5.3193e-06	3204.3
5.1458e-06	3208.7
4.9778e-06	3213.1
4.8151e-06	3217.4
4.6574e-06	3221.8
4.5048e-06	3226.2
4.3569e-06	3230.5
4.2137e-06	3234.9
4.0751e-06	3239.3
3.9408e-06	3243.7
3.8107e-06	3248
3.6848e-06	3252.4
3.5629e-06	3256.8
3.4449e-06	3261.1
3.3306e-06	3265.5
3.22e-06	3269.9
3.1129e-06	3274.3
3.0093e-06	3278.6
2.909e-06	3283
2.8119e-06	3287.4
2.7179e-06	3291.7
2.6269e-06	3296.1
2.5389e-06	3300.5
2.4537e-06	3304.9
2.3713e-06	3309.2
2.2915e-06	3313.6
2.2143e-06	3318
2.1397e-06	3322.3
2.0674e-06	3326.7
1.9975e-06	3331.1
1.9299e-06	3335.5
1.8645e-06	3339.8
1.8012e-06	3344.2
1.74e-06	3348.6
1.6809e-06	3352.9
1.6236e-06	3357.3
1.5682e-06	3361.7
1.5147e-06	3366.1
1.4629e-06	3370.4
1.4129e-06	3374.8
1.3644e-06	3379.2
1.3176e-06	3383.5
1.2724e-06	3387.9
1.2286e-06	3392.3
1.1863e-06	3396.7
1.1454e-06	3401
1.1059e-06	3405.4
1.0677e-06	3409.8
1.0307e-06	3414.1
9.9503e-07	3418.5
9.6052e-07	3422.9
9.2718e-07	3427.3
8.9495e-07	3431.6
8.638e-07	3436
8.3371e-07	3440.4
8.0463e-07	3444.7
7.7653e-07	3449.1
7.4938e-07	3453.5
7.2315e-07	3457.9
6.978e-07	3462.2
6.7332e-07	3466.6
6.4967e-07	3471
6.2682e-07	3475.3
6.0476e-07	3479.7
5.8344e-07	3484.1
5.6285e-07	3488.5
5.4297e-07	3492.8
5.2377e-07	3497.2
5.0522e-07	3501.6
4.8732e-07	3505.9
4.7002e-07	3510.3
4.5333e-07	3514.7
4.372e-07	3519.1
4.2164e-07	3523.4
4.0661e-07	3527.8
3.921e-07	3532.2
3.7809e-07	3536.5
3.6457e-07	3540.9
3.5152e-07	3545.3
3.3892e-07	3549.7
3.2676e-07	3554
3.1502e-07	3558.4
3.0369e-07	3562.8
2.9276e-07	3567.1
2.8221e-07	3571.5
2.7202e-07	3575.9
2.622e-07	3580.3
2.5272e-07	3584.6
2.4357e-07	3589
2.3475e-07	3593.4
2.2623e-07	3597.7
2.1802e-07	3602.1
2.1009e-07	3606.5
2.0245e-07	3610.9
1.9507e-07	3615.2
1.8796e-07	3619.6
1.811e-07	3624
1.7448e-07	3628.3
1.681e-07	3632.7
1.6194e-07	3637.1
1.56e-07	3641.5
1.5028e-07	3645.8
1.4476e-07	3650.2
1.3944e-07	3654.6
1.343e-07	3658.9
1.2935e-07	3663.3
1.2458e-07	3667.7
1.1998e-07	3672.1
1.1555e-07	3676.4
1.1127e-07	3680.8
1.0715e-07	3685.2
1.0318e-07	3689.5
9.9347e-08	3693.9
9.5655e-08	3698.3
9.2098e-08	3702.7
8.8669e-08	3707
8.5365e-08	3711.4
8.218e-08	3715.8
7.9111e-08	3720.1
7.6154e-08	3724.5
7.3305e-08	3728.9
7.0559e-08	3733.3
6.7913e-08	3737.6
6.5365e-08	3742
6.2909e-08	3746.4
6.0543e-08	3750.7
5.8264e-08	3755.1
5.6069e-08	3759.5
5.3954e-08	3763.9
5.1917e-08	3768.2
4.9955e-08	3772.6
4.8066e-08	3777
4.6246e-08	3781.3
4.4493e-08	3785.7
4.2805e-08	3790.1
4.1179e-08	3794.5
3.9614e-08	3798.8
3.8107e-08	3803.2
3.6656e-08	3807.6
3.5258e-08	3811.9
3.3913e-08	3816.3
3.2617e-08	3820.7
3.137e-08	3825.1
3.017e-08	3829.4
2.9014e-08	3833.8
2.7902e-08	3838.2
2.6831e-08	3842.5
2.58e-08	3846.9
2.4808e-08	3851.3
2.3853e-08	3855.7
2.2935e-08	3860
2.205e-08	3864.4
2.1199e-08	3868.8
2.038e-08	3873.1
1.9592e-08	3877.5
1.8834e-08	3881.9
1.8104e-08	3886.3
1.7402e-08	3890.6
1.6727e-08	3895
1.6077e-08	3899.4
1.5452e-08	3903.7
1.4851e-08	3908.1
1.4272e-08	3912.5
1.3716e-08	3916.9
1.318e-08	3921.2
1.2665e-08	3925.6
1.217e-08	3930
1.1694e-08	3934.3
1.1236e-08	3938.7
1.0796e-08	3943.1
1.0372e-08	3947.5
9.9646e-09	3951.8
9.5729e-09	3956.2
9.1962e-09	3960.6
8.8341e-09	3964.9
8.4859e-09	3969.3
8.1511e-09	3973.7
7.8293e-09	3978.1
7.5199e-09	3982.4
7.2224e-09	3986.8
6.9364e-09	3991.2
6.6616e-09	3995.5
6.3974e-09	3999.9
6.1434e-09	4004.3
5.8994e-09	4008.7
5.6648e-09	4013
5.4393e-09	4017.4
5.2226e-09	4021.8
5.0144e-09	4026.1
4.8143e-09	4030.5
4.622e-09	4034.9
4.4373e-09	4039.3
4.2598e-09	4043.6
4.0892e-09	4048
3.9253e-09	4052.4
3.7678e-09	4056.7
3.6166e-09	4061.1
3.4713e-09	4065.5
3.3317e-09	4069.9
3.1976e-09	4074.2
3.0687e-09	4078.6
2.945e-09	4083
2.8262e-09	4087.3
2.712e-09	4091.7
2.6024e-09	4096.1
2.4971e-09	4100.5
2.396e-09	4104.8
2.2989e-09	4109.2
2.2057e-09	4113.6
2.1162e-09	4118
2.0302e-09	4122.3
1.9477e-09	4126.7
1.8684e-09	4131.1
1.7923e-09	4135.4
1.7192e-09	4139.8
1.6491e-09	4144.2
1.5818e-09	4148.6
1.5171e-09	4152.9
1.4551e-09	4157.3
1.3955e-09	4161.7
1.3384e-09	4166
1.2835e-09	4170.4
1.2308e-09	4174.8
1.1803e-09	4179.2
1.1318e-09	4183.5
1.0852e-09	4187.9
1.0406e-09	4192.3
9.9769e-10	4196.6
9.5656e-10	4201
9.1708e-10	4205.4
8.7921e-10	4209.8
8.4287e-10	4214.1
8.08e-10	4218.5
7.7455e-10	4222.9
7.4246e-10	4227.2
7.1167e-10	4231.6
6.8214e-10	4236
6.5381e-10	4240.4
6.2663e-10	4244.7
6.0056e-10	4249.1
5.7556e-10	4253.5
5.5158e-10	4257.8
5.2858e-10	4262.2
5.0652e-10	4266.6
4.8536e-10	4271
4.6508e-10	4275.3
4.4562e-10	4279.7
4.2696e-10	4284.1
4.0908e-10	4288.4
3.9192e-10	4292.8
3.7547e-10	4297.2
3.597e-10	4301.6
3.4458e-10	4305.9
3.3009e-10	4310.3
3.1619e-10	4314.7
3.0287e-10	4319
2.901e-10	4323.4
2.7786e-10	4327.8
2.6613e-10	4332.2
2.5488e-10	4336.5
2.441e-10	4340.9
2.3377e-10	4345.3
2.2386e-10	4349.6
2.1437e-10	4354
2.0528e-10	4358.4
1.9656e-10	4362.8
1.8821e-10	4367.1
1.8021e-10	4371.5
1.7254e-10	4375.9
1.6519e-10	4380.2
1.5815e-10	4384.6
1.514e-10	4389
1.4494e-10	4393.4
1.3875e-10	4397.7
1.3282e-10	4402.1
1.2713e-10	4406.5
1.2169e-10	4410.8
1.1648e-10	4415.2
1.1148e-10	4419.6
1.067e-10	4424
1.0212e-10	4428.3
9.7727e-11	4432.7
9.3524e-11	4437.1
8.9499e-11	4441.4
8.5644e-11	4445.8
8.1952e-11	4450.2
7.8416e-11	4454.6
7.5031e-11	4458.9
7.1789e-11	4463.3
6.8686e-11	4467.7
6.5714e-11	4472
6.2869e-11	4476.4
6.0144e-11	4480.8
5.7536e-11	4485.2
5.504e-11	4489.5
5.265e-11	4493.9
5.0362e-11	4498.3
4.8171e-11	4502.6
4.6075e-11	4507
4.4068e-11	4511.4
4.2148e-11	4515.8
4.0309e-11	4520.1
3.855e-11	4524.5
3.6866e-11	4528.9
3.5254e-11	4533.2
3.3712e-11	4537.6
3.2236e-11	4542
3.0824e-11	4546.4
2.9473e-11	4550.7
2.818e-11	4555.1
2.6943e-11	4559.5
2.5759e-11	4563.8
2.4627e-11	4568.2
2.3543e-11	4572.6
2.2507e-11	4577
2.1515e-11	4581.3
2.0566e-11	4585.7
1.9659e-11	4590.1
1.8791e-11	4594.4
1.796e-11	4598.8
1.7166e-11	4603.2
1.6407e-11	4607.6
1.568e-11	4611.9
1.4985e-11	4616.3
1.4321e-11	4620.7
1.3685e-11	4625
1.3077e-11	4629.4
1.2496e-11	4633.8
1.194e-11	4638.2
1.1409e-11	4642.5
1.0901e-11	4646.9
1.0415e-11	4651.3
9.9503e-12	4655.6
9.5061e-12	4660
9.0814e-12	4664.4
8.6755e-12	4668.8
8.2874e-12	4673.1
7.9164e-12	4677.5
7.5617e-12	4681.9
7.2227e-12	4686.2
6.8986e-12	4690.6
6.5889e-12	4695
6.2929e-12	4699.4
6.0099e-12	4703.7
5.7395e-12	4708.1
5.4811e-12	4712.5
5.2341e-12	4716.8
4.9981e-12	4721.2
4.7726e-12	4725.6
4.5571e-12	4730
4.3511e-12	4734.3
4.1544e-12	4738.7
3.9664e-12	4743.1
3.7868e-12	4747.4
3.6152e-12	4751.8
3.4512e-12	4756.2
3.2946e-12	4760.6
3.145e-12	4764.9
3.0021e-12	4769.3
2.8656e-12	4773.7
2.7352e-12	4778
2.6106e-12	4782.4
2.4917e-12	4786.8
2.3781e-12	4791.2
2.2695e-12	4795.5
2.1659e-12	4799.9
2.0669e-12	4804.3
1.9724e-12	4808.6
1.8821e-12	4813
1.796e-12	4817.4
1.7137e-12	4821.8
1.6351e-12	4826.1
1.5601e-12	4830.5
1.4884e-12	4834.9
1.42e-12	4839.2
1.3548e-12	4843.6
1.2924e-12	4848
1.2329e-12	4852.4
1.1761e-12	4856.7
1.1219e-12	4861.1
1.0701e-12	4865.5
1.0207e-12	4869.8
9.7358e-13	4874.2
9.2857e-13	4878.6
8.8561e-13	4883
8.4462e-13	4887.3
8.0549e-13	4891.7
7.6816e-13	4896.1
7.3253e-13	4900.4
6.9853e-13	4904.8
6.6608e-13	4909.2
6.3512e-13	4913.6
6.0559e-13	4917.9
5.774e-13	4922.3
5.5051e-13	4926.7
5.2486e-13	4931
5.0038e-13	4935.4
4.7703e-13	4939.8
4.5476e-13	4944.2
4.3351e-13	4948.5
4.1324e-13	4952.9
3.9391e-13	4957.3
3.7547e-13	4961.6
3.5788e-13	4966
3.411e-13	4970.4
3.251e-13	4974.8
3.0984e-13	4979.1
2.9529e-13	4983.5
2.8141e-13	4987.9
2.6817e-13	4992.2
2.5555e-13	4996.6
2.4351e-13	5001
2.3204e-13	5005.4
2.211e-13	5009.7
2.1066e-13	5014.1
2.0072e-13	5018.5
1.9123e-13	5022.9
1.8219e-13	5027.2
1.7357e-13	5031.6
1.6535e-13	5036
1.5752e-13	5040.3
1.5005e-13	5044.7
1.4293e-13	5049.1
1.3615e-13	5053.5
1.2968e-13	5057.8
1.2352e-13	5062.2
1.1764e-13	5066.6
1.1204e-13	5070.9
1.0671e-13	5075.3
1.0162e-13	5079.7
9.6774e-14	5084.1
9.2157e-14	5088.4
8.7757e-14	5092.8
8.3565e-14	5097.2
7.957e-14	5101.5
7.5764e-14	5105.9
7.2138e-14	5110.3
6.8684e-14	5114.7
6.5393e-14	5119
6.2259e-14	5123.4
5.9273e-14	5127.8
5.6428e-14	5132.1
5.3719e-14	5136.5
5.1139e-14	5140.9
4.8682e-14	5145.3
4.6341e-14	5149.6
4.4112e-14	5154
4.199e-14	5158.4
3.9969e-14	5162.7
3.8045e-14	5167.1
3.6213e-14	5171.5
3.4469e-14	5175.9
3.2808e-14	5180.2
3.1227e-14	5184.6
2.9723e-14	5189
2.8291e-14	5193.3
2.6928e-14	5197.7
2.563e-14	5202.1
2.4396e-14	5206.5
2.3221e-14	5210.8
2.2104e-14	5215.2
2.104e-14	5219.6
2.0029e-14	5223.9
1.9067e-14	5228.3
1.8152e-14	5232.7
1.7282e-14	5237.1
1.6454e-14	5241.4
1.5668e-14	5245.8
1.492e-14	5250.2
1.421e-14	5254.5
1.3534e-14	5258.9
1.2893e-14	5263.3
1.2284e-14	5267.7
1.1705e-14	5272
1.1156e-14	5276.4
1.0634e-14	5280.8
1.014e-14	5285.1
9.6705e-15	5289.5
9.2257e-15	5293.9
8.8041e-15	5298.3
8.4046e-15	5302.6
8.0265e-15	5307
7.6686e-15	5311.4
7.3301e-15	5315.7
7.0103e-15	5320.1
6.7082e-15	5324.5
6.4232e-15	5328.9
6.1545e-15	5333.2
5.9016e-15	5337.6
5.6637e-15	5342
5.4403e-15	5346.3
5.2308e-15	5350.7
5.0346e-15	5355.1
4.8515e-15	5359.5
4.6807e-15	5363.8
4.5221e-15	5368.2
4.3751e-15	5372.6
4.2393e-15	5376.9
4.1145e-15	5381.3
4.0004e-15	5385.7
3.8966e-15	5390.1
3.8029e-15	5394.4
3.7191e-15	5398.8
3.6449e-15	5403.2
3.5802e-15	5407.5
3.5249e-15	5411.9
3.4788e-15	5416.3
3.4417e-15	5420.7
3.4137e-15	5425
3.3946e-15	5429.4
3.3843e-15	5433.8
3.383e-15	5438.1
3.3906e-15	5442.5
3.4071e-15	5446.9
3.4326e-15	5451.3
3.4671e-15	5455.6
3.5108e-15	5460
