2.8902e-11	0
9.0869e-05	4.3715
0.00018175	8.743
0.00027264	13.114
0.00036356	17.486
0.00045451	21.857
0.00054551	26.229
0.00063656	30.6
0.00072766	34.972
0.00081883	39.343
0.00091007	43.715
0.0010014	48.086
0.0010928	52.458
0.0011843	56.829
0.0012759	61.201
0.0013677	65.572
0.0014595	69.944
0.0015515	74.315
0.0016435	78.687
0.0017358	83.058
0.0018281	87.43
0.0019207	91.801
0.0020133	96.173
0.0021062	100.54
0.0021992	104.92
0.0022924	109.29
0.0023858	113.66
0.0024793	118.03
0.002573	122.4
0.002667	126.77
0.0027611	131.14
0.0028555	135.52
0.0029501	139.89
0.0030449	144.26
0.0031399	148.63
0.0032351	153
0.0033306	157.37
0.0034264	161.75
0.0035224	166.12
0.0036186	170.49
0.0037151	174.86
0.0038119	179.23
0.0039089	183.6
0.0040062	187.97
0.0041038	192.35
0.0042017	196.72
0.0042999	201.09
0.0043984	205.46
0.0044971	209.83
0.0045962	214.2
0.0046956	218.57
0.0047953	222.95
0.0048953	227.32
0.0049957	231.69
0.0050964	236.06
0.0051974	240.43
0.0052987	244.8
0.0054004	249.18
0.0055024	253.55
0.0056047	257.92
0.0057074	262.29
0.0058104	266.66
0.0059138	271.03
0.0060175	275.4
0.0061215	279.78
0.0062259	284.15
0.0063307	288.52
0.0064358	292.89
0.0065412	297.26
0.0066469	301.63
0.006753	306
0.0068595	310.38
0.0069662	314.75
0.0070733	319.12
0.0071808	323.49
0.0072885	327.86
0.0073965	332.23
0.0075049	336.61
0.0076136	340.98
0.0077225	345.35
0.0078318	349.72
0.0079414	354.09
0.0080512	358.46
0.0081613	362.83
0.0082717	367.21
0.0083823	371.58
0.0084932	375.95
0.0086044	380.32
0.0087158	384.69
0.0088274	389.06
0.0089392	393.43
0.0090513	397.81
0.0091636	402.18
0.009276	406.55
0.0093887	410.92
0.0095015	415.29
0.0096145	419.66
0.0097276	424.04
0.0098409	428.41
0.0099544	432.78
0.010068	437.15
0.010182	441.52
0.010296	445.89
0.01041	450.26
0.010524	454.64
0.010638	459.01
0.010752	463.38
0.010866	467.75
0.010981	472.12
0.011095	476.49
0.011209	480.86
0.011324	485.24
0.011438	489.61
0.011553	493.98
0.011667	498.35
0.011782	502.72
0.011896	507.09
0.012011	511.47
0.012125	515.84
0.01224	520.21
0.012354	524.58
0.012468	528.95
0.012583	533.32
0.012697	537.69
0.012811	542.07
0.012925	546.44
0.013039	550.81
0.013153	555.18
0.013266	559.55
0.01338	563.92
0.013493	568.29
0.013606	572.67
0.01372	577.04
0.013832	581.41
0.013945	585.78
0.014058	590.15
0.01417	594.52
0.014283	598.9
0.014395	603.27
0.014507	607.64
0.014618	612.01
0.01473	616.38
0.014841	620.75
0.014952	625.12
0.015063	629.5
0.015173	633.87
0.015284	638.24
0.015394	642.61
0.015504	646.98
0.015613	651.35
0.015722	655.72
0.015831	660.1
0.01594	664.47
0.016048	668.84
0.016156	673.21
0.016264	677.58
0.016372	681.95
0.016479	686.33
0.016586	690.7
0.016692	695.07
0.016798	699.44
0.016904	703.81
0.01701	708.18
0.017115	712.55
0.01722	716.93
0.017324	721.3
0.017428	725.67
0.017532	730.04
0.017635	734.41
0.017738	738.78
0.01784	743.15
0.017943	747.53
0.018044	751.9
0.018146	756.27
0.018246	760.64
0.018347	765.01
0.018447	769.38
0.018547	773.76
0.018646	778.13
0.018745	782.5
0.018843	786.87
0.018941	791.24
0.019038	795.61
0.019135	799.98
0.019232	804.36
0.019328	808.73
0.019423	813.1
0.019518	817.47
0.019613	821.84
0.019707	826.21
0.019801	830.58
0.019894	834.96
0.019986	839.33
0.020078	843.7
0.02017	848.07
0.020261	852.44
0.020352	856.81
0.020442	861.18
0.020531	865.56
0.02062	869.93
0.020708	874.3
0.020796	878.67
0.020884	883.04
0.02097	887.41
0.021057	891.79
0.021142	896.16
0.021227	900.53
0.021312	904.9
0.021396	909.27
0.021479	913.64
0.021562	918.01
0.021644	922.39
0.021725	926.76
0.021806	931.13
0.021887	935.5
0.021966	939.87
0.022046	944.24
0.022124	948.61
0.022202	952.99
0.022279	957.36
0.022356	961.73
0.022432	966.1
0.022507	970.47
0.022582	974.84
0.022656	979.22
0.022729	983.59
0.022802	987.96
0.022874	992.33
0.022946	996.7
0.023016	1001.1
0.023086	1005.4
0.023156	1009.8
0.023224	1014.2
0.023293	1018.6
0.02336	1022.9
0.023427	1027.3
0.023492	1031.7
0.023558	1036
0.023622	1040.4
0.023686	1044.8
0.023749	1049.2
0.023812	1053.5
0.023874	1057.9
0.023935	1062.3
0.023995	1066.6
0.024055	1071
0.024113	1075.4
0.024172	1079.8
0.024229	1084.1
0.024286	1088.5
0.024342	1092.9
0.024397	1097.2
0.024451	1101.6
0.024505	1106
0.024558	1110.4
0.02461	1114.7
0.024662	1119.1
0.024713	1123.5
0.024763	1127.8
0.024812	1132.2
0.02486	1136.6
0.024908	1141
0.024955	1145.3
0.025001	1149.7
0.025046	1154.1
0.025091	1158.4
0.025135	1162.8
0.025178	1167.2
0.02522	1171.6
0.025262	1175.9
0.025303	1180.3
0.025343	1184.7
0.025382	1189
0.025421	1193.4
0.025458	1197.8
0.025495	1202.2
0.025532	1206.5
0.025567	1210.9
0.025601	1215.3
0.025635	1219.6
0.025668	1224
0.0257	1228.4
0.025732	1232.8
0.025762	1237.1
0.025792	1241.5
0.025821	1245.9
0.025849	1250.2
0.025877	1254.6
0.025903	1259
0.025929	1263.4
0.025954	1267.7
0.025979	1272.1
0.026002	1276.5
0.026025	1280.8
0.026047	1285.2
0.026068	1289.6
0.026088	1294
0.026108	1298.3
0.026127	1302.7
0.026144	1307.1
0.026162	1311.4
0.026178	1315.8
0.026194	1320.2
0.026208	1324.6
0.026223	1328.9
0.026236	1333.3
0.026248	1337.7
0.02626	1342
0.026271	1346.4
0.026281	1350.8
0.02629	1355.2
0.026299	1359.5
0.026307	1363.9
0.026314	1368.3
0.02632	1372.7
0.026325	1377
0.02633	1381.4
0.026334	1385.8
0.026337	1390.1
0.02634	1394.5
0.026341	1398.9
0.026342	1403.3
0.026342	1407.6
0.026342	1412
0.02634	1416.4
0.026338	1420.7
0.026335	1425.1
0.026332	1429.5
0.026327	1433.9
0.026322	1438.2
0.026316	1442.6
0.02631	1447
0.026302	1451.3
0.026294	1455.7
0.026285	1460.1
0.026276	1464.5
0.026266	1468.8
0.026255	1473.2
0.026243	1477.6
0.026231	1481.9
0.026217	1486.3
0.026204	1490.7
0.026189	1495.1
0.026174	1499.4
0.026158	1503.8
0.026141	1508.2
0.026124	1512.5
0.026106	1516.9
0.026087	1521.3
0.026068	1525.7
0.026048	1530
0.026027	1534.4
0.026006	1538.8
0.025983	1543.1
0.025961	1547.5
0.025937	1551.9
0.025913	1556.3
0.025888	1560.6
0.025863	1565
0.025837	1569.4
0.02581	1573.7
0.025783	1578.1
0.025755	1582.5
0.025727	1586.9
0.025697	1591.2
0.025668	1595.6
0.025637	1600
0.025606	1604.3
0.025574	1608.7
0.025542	1613.1
0.025509	1617.5
0.025476	1621.8
0.025442	1626.2
0.025407	1630.6
0.025372	1634.9
0.025336	1639.3
0.0253	1643.7
0.025263	1648.1
0.025225	1652.4
0.025187	1656.8
0.025149	1661.2
0.02511	1665.5
0.02507	1669.9
0.02503	1674.3
0.024989	1678.7
0.024947	1683
0.024906	1687.4
0.024863	1691.8
0.02482	1696.1
0.024777	1700.5
0.024733	1704.9
0.024689	1709.3
0.024644	1713.6
0.024598	1718
0.024552	1722.4
0.024506	1726.7
0.024459	1731.1
0.024412	1735.5
0.024364	1739.9
0.024316	1744.2
0.024267	1748.6
0.024218	1753
0.024168	1757.3
0.024118	1761.7
0.024067	1766.1
0.024016	1770.5
0.023965	1774.8
0.023913	1779.2
0.023861	1783.6
0.023808	1787.9
0.023755	1792.3
0.023701	1796.7
0.023647	1801.1
0.023593	1805.4
0.023538	1809.8
0.023483	1814.2
0.023428	1818.5
0.023372	1822.9
0.023316	1827.3
0.023259	1831.7
0.023202	1836
0.023145	1840.4
0.023087	1844.8
0.023029	1849.1
0.022971	1853.5
0.022912	1857.9
0.022853	1862.3
0.022793	1866.6
0.022734	1871
0.022674	1875.4
0.022613	1879.7
0.022553	1884.1
0.022492	1888.5
0.02243	1892.9
0.022369	1897.2
0.022307	1901.6
0.022245	1906
0.022182	1910.3
0.02212	1914.7
0.022056	1919.1
0.021993	1923.5
0.02193	1927.8
0.021866	1932.2
0.021802	1936.6
0.021737	1940.9
0.021673	1945.3
0.021608	1949.7
0.021543	1954.1
0.021478	1958.4
0.021412	1962.8
0.021346	1967.2
0.02128	1971.5
0.021214	1975.9
0.021148	1980.3
0.021081	1984.7
0.021014	1989
0.020947	1993.4
0.02088	1997.8
0.020813	2002.1
0.020745	2006.5
0.020677	2010.9
0.020609	2015.3
0.020541	2019.6
0.020473	2024
0.020405	2028.4
0.020336	2032.7
0.020267	2037.1
0.020198	2041.5
0.020129	2045.9
0.02006	2050.2
0.019991	2054.6
0.019921	2059
0.019851	2063.3
0.019782	2067.7
0.019712	2072.1
0.019642	2076.5
0.019572	2080.8
0.019501	2085.2
0.019431	2089.6
0.019361	2093.9
0.01929	2098.3
0.019219	2102.7
0.019149	2107.1
0.019078	2111.4
0.019007	2115.8
0.018936	2120.2
0.018865	2124.5
0.018794	2128.9
0.018722	2133.3
0.018651	2137.7
0.01858	2142
0.018508	2146.4
0.018437	2150.8
0.018365	2155.1
0.018294	2159.5
0.018222	2163.9
0.01815	2168.3
0.018079	2172.6
0.018007	2177
0.017935	2181.4
0.017863	2185.7
0.017791	2190.1
0.01772	2194.5
0.017648	2198.9
0.017576	2203.2
0.017504	2207.6
0.017432	2212
0.01736	2216.3
0.017288	2220.7
0.017216	2225.1
0.017144	2229.5
0.017072	2233.8
0.017	2238.2
0.016929	2242.6
0.016857	2246.9
0.016785	2251.3
0.016713	2255.7
0.016641	2260.1
0.016569	2264.4
0.016498	2268.8
0.016426	2273.2
0.016354	2277.6
0.016283	2281.9
0.016211	2286.3
0.016139	2290.7
0.016068	2295
0.015996	2299.4
0.015925	2303.8
0.015854	2308.2
0.015782	2312.5
0.015711	2316.9
0.01564	2321.3
0.015569	2325.6
0.015498	2330
0.015427	2334.4
0.015356	2338.8
0.015285	2343.1
0.015214	2347.5
0.015144	2351.9
0.015073	2356.2
0.015003	2360.6
0.014932	2365
0.014862	2369.4
0.014792	2373.7
0.014722	2378.1
0.014652	2382.5
0.014582	2386.8
0.014512	2391.2
0.014442	2395.6
0.014373	2400
0.014303	2404.3
0.014234	2408.7
0.014164	2413.1
0.014095	2417.4
0.014026	2421.8
0.013957	2426.2
0.013888	2430.6
0.01382	2434.9
0.013751	2439.3
0.013683	2443.7
0.013614	2448
0.013546	2452.4
0.013478	2456.8
0.01341	2461.2
0.013342	2465.5
0.013275	2469.9
0.013207	2474.3
0.01314	2478.6
0.013073	2483
0.013006	2487.4
0.012939	2491.8
0.012872	2496.1
0.012805	2500.5
0.012739	2504.9
0.012672	2509.2
0.012606	2513.6
0.01254	2518
0.012474	2522.4
0.012409	2526.7
0.012343	2531.1
0.012278	2535.5
0.012213	2539.8
0.012148	2544.2
0.012083	2548.6
0.012018	2553
0.011953	2557.3
0.011889	2561.7
0.011825	2566.1
0.011761	2570.4
0.011697	2574.8
0.011633	2579.2
0.01157	2583.6
0.011506	2587.9
0.011443	2592.3
0.01138	2596.7
0.011317	2601
0.011255	2605.4
0.011192	2609.8
0.01113	2614.2
0.011068	2618.5
0.011006	2622.9
0.010945	2627.3
0.010883	2631.6
0.010822	2636
0.010761	2640.4
0.0107	2644.8
0.010639	2649.1
0.010578	2653.5
0.010518	2657.9
0.010458	2662.2
0.010398	2666.6
0.010338	2671
0.010279	2675.4
0.010219	2679.7
0.01016	2684.1
0.010101	2688.5
0.010042	2692.8
0.0099838	2697.2
0.0099254	2701.6
0.0098673	2706
0.0098093	2710.3
0.0097516	2714.7
0.009694	2719.1
0.0096367	2723.4
0.0095795	2727.8
0.0095226	2732.2
0.0094659	2736.6
0.0094093	2740.9
0.009353	2745.3
0.0092969	2749.7
0.009241	2754
0.0091854	2758.4
0.0091299	2762.8
0.0090746	2767.2
0.0090196	2771.5
0.0089647	2775.9
0.0089101	2780.3
0.0088557	2784.6
0.0088015	2789
0.0087475	2793.4
0.0086937	2797.8
0.0086401	2802.1
0.0085868	2806.5
0.0085336	2810.9
0.0084807	2815.2
0.008428	2819.6
0.0083755	2824
0.0083232	2828.4
0.0082711	2832.7
0.0082193	2837.1
0.0081677	2841.5
0.0081162	2845.8
0.008065	2850.2
0.0080141	2854.6
0.0079633	2859
0.0079127	2863.3
0.0078624	2867.7
0.0078123	2872.1
0.0077624	2876.4
0.0077127	2880.8
0.0076632	2885.2
0.007614	2889.6
0.0075649	2893.9
0.0075161	2898.3
0.0074675	2902.7
0.0074192	2907
0.007371	2911.4
0.007323	2915.8
0.0072753	2920.2
0.0072278	2924.5
0.0071805	2928.9
0.0071334	2933.3
0.0070866	2937.6
0.0070399	2942
0.0069935	2946.4
0.0069473	2950.8
0.0069013	2955.1
0.0068555	2959.5
0.0068099	2963.9
0.0067646	2968.2
0.0067195	2972.6
0.0066745	2977
0.0066298	2981.4
0.0065854	2985.7
0.0065411	2990.1
0.006497	2994.5
0.0064532	2998.8
0.0064096	3003.2
0.0063662	3007.6
0.006323	3012
0.00628	3016.3
0.0062372	3020.7
0.0061947	3025.1
0.0061523	3029.4
0.0061102	3033.8
0.0060683	3038.2
0.0060266	3042.6
0.0059851	3046.9
0.0059438	3051.3
0.0059027	3055.7
0.0058619	3060
0.0058212	3064.4
0.0057808	3068.8
0.0057406	3073.2
0.0057005	3077.5
0.0056607	3081.9
0.0056211	3086.3
0.0055817	3090.6
0.0055426	3095
0.0055036	3099.4
0.0054648	3103.8
0.0054263	3108.1
0.0053879	3112.5
0.0053497	3116.9
0.0053118	3121.2
0.0052741	3125.6
0.0052365	3130
0.0051992	3134.4
0.0051621	3138.7
0.0051251	3143.1
0.0050884	3147.5
0.0050519	3151.8
0.0050156	3156.2
0.0049795	3160.6
0.0049436	3165
0.0049078	3169.3
0.0048723	3173.7
0.004837	3178.1
0.0048019	3182.4
0.004767	3186.8
0.0047322	3191.2
0.0046977	3195.6
0.0046634	3199.9
0.0046293	3204.3
0.0045953	3208.7
0.0045616	3213.1
0.004528	3217.4
0.0044947	3221.8
0.0044615	3226.2
0.0044286	3230.5
0.0043958	3234.9
0.0043632	3239.3
0.0043308	3243.7
0.0042986	3248
0.0042666	3252.4
0.0042348	3256.8
0.0042031	3261.1
0.0041717	3265.5
0.0041404	3269.9
0.0041093	3274.3
0.0040784	3278.6
0.0040477	3283
0.0040172	3287.4
0.0039869	3291.7
0.0039567	3296.1
0.0039268	3300.5
0.003897	3304.9
0.0038674	3309.2
0.0038379	3313.6
0.0038087	3318
0.0037796	3322.3
0.0037508	3326.7
0.003722	3331.1
0.0036935	3335.5
0.0036652	3339.8
0.003637	3344.2
0.003609	3348.6
0.0035812	3352.9
0.0035535	3357.3
0.003526	3361.7
0.0034987	3366.1
0.0034716	3370.4
0.0034446	3374.8
0.0034179	3379.2
0.0033912	3383.5
0.0033648	3387.9
0.0033385	3392.3
0.0033124	3396.7
0.0032865	3401
0.0032607	3405.4
0.0032351	3409.8
0.0032096	3414.1
0.0031843	3418.5
0.0031592	3422.9
0.0031343	3427.3
0.0031095	3431.6
0.0030849	3436
0.0030604	3440.4
0.0030361	3444.7
0.0030119	3449.1
0.002988	3453.5
0.0029641	3457.9
0.0029405	3462.2
0.0029169	3466.6
0.0028936	3471
0.0028704	3475.3
0.0028473	3479.7
0.0028244	3484.1
0.0028017	3488.5
0.0027791	3492.8
0.0027567	3497.2
0.0027344	3501.6
0.0027123	3505.9
0.0026903	3510.3
0.0026685	3514.7
0.0026468	3519.1
0.0026253	3523.4
0.0026039	3527.8
0.0025826	3532.2
0.0025615	3536.5
0.0025406	3540.9
0.0025198	3545.3
0.0024991	3549.7
0.0024786	3554
0.0024582	3558.4
0.002438	3562.8
0.0024179	3567.1
0.002398	3571.5
0.0023782	3575.9
0.0023585	3580.3
0.0023389	3584.6
0.0023195	3589
0.0023003	3593.4
0.0022812	3597.7
0.0022622	3602.1
0.0022433	3606.5
0.0022246	3610.9
0.002206	3615.2
0.0021876	3619.6
0.0021692	3624
0.002151	3628.3
0.002133	3632.7
0.0021151	3637.1
0.0020972	3641.5
0.0020796	3645.8
0.002062	3650.2
0.0020446	3654.6
0.0020273	3658.9
0.0020101	3663.3
0.0019931	3667.7
0.0019762	3672.1
0.0019594	3676.4
0.0019427	3680.8
0.0019262	3685.2
0.0019097	3689.5
0.0018934	3693.9
0.0018773	3698.3
0.0018612	3702.7
0.0018452	3707
0.0018294	3711.4
0.0018137	3715.8
0.0017981	3720.1
0.0017826	3724.5
0.0017673	3728.9
0.001752	3733.3
0.0017369	3737.6
0.0017219	3742
0.0017069	3746.4
0.0016922	3750.7
0.0016775	3755.1
0.0016629	3759.5
0.0016484	3763.9
0.0016341	3768.2
0.0016198	3772.6
0.0016057	3777
0.0015917	3781.3
0.0015778	3785.7
0.0015639	3790.1
0.0015502	3794.5
0.0015366	3798.8
0.0015231	3803.2
0.0015097	3807.6
0.0014964	3811.9
0.0014832	3816.3
0.0014702	3820.7
0.0014572	3825.1
0.0014443	3829.4
0.0014315	3833.8
0.0014188	3838.2
0.0014062	3842.5
0.0013937	3846.9
0.0013814	3851.3
0.0013691	3855.7
0.0013569	3860
0.0013448	3864.4
0.0013328	3868.8
0.0013208	3873.1
0.001309	3877.5
0.0012973	3881.9
0.0012857	3886.3
0.0012741	3890.6
0.0012627	3895
0.0012513	3899.4
0.0012401	3903.7
0.0012289	3908.1
0.0012178	3912.5
0.0012068	3916.9
0.0011959	3921.2
0.0011851	3925.6
0.0011743	3930
0.0011637	3934.3
0.0011531	3938.7
0.0011426	3943.1
0.0011323	3947.5
0.0011219	3951.8
0.0011117	3956.2
0.0011016	3960.6
0.0010915	3964.9
0.0010815	3969.3
0.0010716	3973.7
0.0010618	3978.1
0.0010521	3982.4
0.0010424	3986.8
0.0010329	3991.2
0.0010234	3995.5
0.001014	3999.9
0.0010046	4004.3
0.00099535	4008.7
0.00098617	4013
0.00097706	4017.4
0.00096802	4021.8
0.00095906	4026.1
0.00095018	4030.5
0.00094137	4034.9
0.00093263	4039.3
0.00092396	4043.6
0.00091537	4048
0.00090685	4052.4
0.0008984	4056.7
0.00089003	4061.1
0.00088172	4065.5
0.00087348	4069.9
0.00086531	4074.2
0.00085722	4078.6
0.00084919	4083
0.00084122	4087.3
0.00083333	4091.7
0.0008255	4096.1
0.00081774	4100.5
0.00081005	4104.8
0.00080242	4109.2
0.00079486	4113.6
0.00078736	4118
0.00077992	4122.3
0.00077255	4126.7
0.00076525	4131.1
0.000758	4135.4
0.00075082	4139.8
0.0007437	4144.2
0.00073664	4148.6
0.00072965	4152.9
0.00072271	4157.3
0.00071583	4161.7
0.00070902	4166
0.00070226	4170.4
0.00069556	4174.8
0.00068892	4179.2
0.00068234	4183.5
0.00067582	4187.9
0.00066935	4192.3
0.00066294	4196.6
0.00065658	4201
0.00065029	4205.4
0.00064404	4209.8
0.00063786	4214.1
0.00063172	4218.5
0.00062565	4222.9
0.00061962	4227.2
0.00061365	4231.6
0.00060773	4236
0.00060187	4240.4
0.00059605	4244.7
0.00059029	4249.1
0.00058458	4253.5
0.00057892	4257.8
0.00057332	4262.2
0.00056776	4266.6
0.00056225	4271
0.00055679	4275.3
0.00055138	4279.7
0.00054602	4284.1
0.00054071	4288.4
0.00053545	4292.8
0.00053023	4297.2
0.00052506	4301.6
0.00051994	4305.9
0.00051487	4310.3
0.00050984	4314.7
0.00050486	4319
0.00049992	4323.4
0.00049503	4327.8
0.00049018	4332.2
0.00048537	4336.5
0.00048062	4340.9
0.0004759	4345.3
0.00047123	4349.6
0.0004666	4354
0.00046202	4358.4
0.00045747	4362.8
0.00045297	4367.1
0.00044851	4371.5
0.00044409	4375.9
0.00043972	4380.2
0.00043538	4384.6
0.00043109	4389
0.00042683	4393.4
0.00042261	4397.7
0.00041844	4402.1
0.0004143	4406.5
0.0004102	4410.8
0.00040615	4415.2
0.00040212	4419.6
0.00039814	4424
0.0003942	4428.3
0.00039029	4432.7
0.00038642	4437.1
0.00038258	4441.4
0.00037879	4445.8
0.00037503	4450.2
0.0003713	4454.6
0.00036761	4458.9
0.00036396	4463.3
0.00036034	4467.7
0.00035675	4472
0.0003532	4476.4
0.00034969	4480.8
0.00034621	4485.2
0.00034276	4489.5
0.00033934	4493.9
0.00033596	4498.3
0.00033261	4502.6
0.0003293	4507
0.00032601	4511.4
0.00032276	4515.8
0.00031954	4520.1
0.00031635	4524.5
0.0003132	4528.9
0.00031007	4533.2
0.00030698	4537.6
0.00030391	4542
0.00030088	4546.4
0.00029787	4550.7
0.0002949	4555.1
0.00029195	4559.5
0.00028904	4563.8
0.00028615	4568.2
0.00028329	4572.6
0.00028047	4577
0.00027767	4581.3
0.00027489	4585.7
0.00027215	4590.1
0.00026943	4594.4
0.00026674	4598.8
0.00026408	4603.2
0.00026145	4607.6
0.00025884	4611.9
0.00025626	4616.3
0.0002537	4620.7
0.00025117	4625
0.00024867	4629.4
0.00024619	4633.8
0.00024374	4638.2
0.00024131	4642.5
0.00023891	4646.9
0.00023653	4651.3
0.00023418	4655.6
0.00023185	4660
0.00022955	4664.4
0.00022727	4668.8
0.00022502	4673.1
0.00022278	4677.5
0.00022058	4681.9
0.00021839	4686.2
0.00021623	4690.6
0.00021409	4695
0.00021197	4699.4
0.00020988	4703.7
0.00020781	4708.1
0.00020576	4712.5
0.00020374	4716.8
0.00020173	4721.2
0.00019975	4725.6
0.00019779	4730
0.00019584	4734.3
0.00019393	4738.7
0.00019203	4743.1
0.00019015	4747.4
0.00018829	4751.8
0.00018646	4756.2
0.00018464	4760.6
0.00018285	4764.9
0.00018107	4769.3
0.00017931	4773.7
0.00017758	4778
0.00017586	4782.4
0.00017416	4786.8
0.00017249	4791.2
0.00017083	4795.5
0.00016919	4799.9
0.00016757	4804.3
0.00016596	4808.6
0.00016438	4813
0.00016282	4817.4
0.00016127	4821.8
0.00015974	4826.1
0.00015823	4830.5
0.00015673	4834.9
0.00015526	4839.2
0.0001538	4843.6
0.00015236	4848
0.00015093	4852.4
0.00014953	4856.7
0.00014814	4861.1
0.00014676	4865.5
0.00014541	4869.8
0.00014407	4874.2
0.00014274	4878.6
0.00014144	4883
0.00014015	4887.3
0.00013887	4891.7
0.00013761	4896.1
0.00013637	4900.4
0.00013514	4904.8
0.00013393	4909.2
0.00013274	4913.6
0.00013156	4917.9
0.00013039	4922.3
0.00012924	4926.7
0.00012811	4931
0.00012699	4935.4
0.00012588	4939.8
0.00012479	4944.2
0.00012372	4948.5
0.00012266	4952.9
0.00012161	4957.3
0.00012058	4961.6
0.00011956	4966
0.00011856	4970.4
0.00011757	4974.8
0.00011659	4979.1
0.00011563	4983.5
0.00011468	4987.9
0.00011375	4992.2
0.00011282	4996.6
0.00011192	5001
0.00011102	5005.4
0.00011014	5009.7
0.00010928	5014.1
0.00010842	5018.5
0.00010758	5022.9
0.00010675	5027.2
0.00010594	5031.6
0.00010513	5036
0.00010435	5040.3
0.00010357	5044.7
0.0001028	5049.1
0.00010205	5053.5
0.00010131	5057.8
0.00010059	5062.2
9.9873e-05	5066.6
9.9171e-05	5070.9
9.8481e-05	5075.3
9.7803e-05	5079.7
9.7137e-05	5084.1
9.6484e-05	5088.4
9.5842e-05	5092.8
9.5213e-05	5097.2
9.4595e-05	5101.5
9.3989e-05	5105.9
9.3394e-05	5110.3
9.2812e-05	5114.7
9.2241e-05	5119
9.1681e-05	5123.4
9.1133e-05	5127.8
9.0597e-05	5132.1
9.0072e-05	5136.5
8.9558e-05	5140.9
8.9056e-05	5145.3
8.8565e-05	5149.6
8.8085e-05	5154
8.7616e-05	5158.4
8.7159e-05	5162.7
8.6713e-05	5167.1
8.6278e-05	5171.5
8.5853e-05	5175.9
8.544e-05	5180.2
8.5038e-05	5184.6
8.4647e-05	5189
8.4266e-05	5193.3
8.3897e-05	5197.7
8.3538e-05	5202.1
8.3191e-05	5206.5
8.2854e-05	5210.8
8.2527e-05	5215.2
8.2212e-05	5219.6
8.1907e-05	5223.9
8.1613e-05	5228.3
8.1329e-05	5232.7
8.1057e-05	5237.1
8.0794e-05	5241.4
8.0543e-05	5245.8
8.0302e-05	5250.2
8.0072e-05	5254.5
7.9852e-05	5258.9
7.9643e-05	5263.3
7.9444e-05	5267.7
7.9256e-05	5272
7.9078e-05	5276.4
7.8911e-05	5280.8
7.8754e-05	5285.1
7.8608e-05	5289.5
7.8473e-05	5293.9
7.8348e-05	5298.3
7.8233e-05	5302.6
7.8129e-05	5307
7.8035e-05	5311.4
7.7952e-05	5315.7
7.788e-05	5320.1
7.7818e-05	5324.5
7.7766e-05	5328.9
7.7725e-05	5333.2
7.7695e-05	5337.6
7.7675e-05	5342
7.7666e-05	5346.3
7.7667e-05	5350.7
7.7679e-05	5355.1
7.7702e-05	5359.5
7.7735e-05	5363.8
7.7779e-05	5368.2
7.7833e-05	5372.6
7.7899e-05	5376.9
7.7975e-05	5381.3
7.8061e-05	5385.7
7.8159e-05	5390.1
7.8267e-05	5394.4
7.8387e-05	5398.8
7.8517e-05	5403.2
7.8658e-05	5407.5
7.881e-05	5411.9
7.8973e-05	5416.3
7.9147e-05	5420.7
7.9332e-05	5425
7.9528e-05	5429.4
7.9735e-05	5433.8
7.9954e-05	5438.1
8.0184e-05	5442.5
8.0425e-05	5446.9
8.0677e-05	5451.3
8.0941e-05	5455.6
8.1217e-05	5460
