4.6607e-11	0
0.00010473	3.4107
0.00020947	6.8215
0.00031422	10.232
0.00041897	13.643
0.00052374	17.054
0.00062852	20.464
0.00073333	23.875
0.00083815	27.286
0.00094301	30.697
0.0010479	34.107
0.0011528	37.518
0.0012577	40.929
0.0013627	44.339
0.0014677	47.75
0.0015728	51.161
0.0016779	54.572
0.0017831	57.982
0.0018882	61.393
0.0019935	64.804
0.0020988	68.215
0.0022041	71.625
0.0023095	75.036
0.0024149	78.447
0.0025203	81.857
0.0026259	85.268
0.0027314	88.679
0.002837	92.09
0.0029427	95.5
0.0030484	98.911
0.0031541	102.32
0.0032599	105.73
0.0033657	109.14
0.0034716	112.55
0.0035775	115.96
0.0036835	119.38
0.0037895	122.79
0.0038956	126.2
0.0040017	129.61
0.0041078	133.02
0.004214	136.43
0.0043202	139.84
0.0044264	143.25
0.0045327	146.66
0.004639	150.07
0.0047454	153.48
0.0048518	156.89
0.0049582	160.3
0.0050646	163.71
0.0051711	167.13
0.0052775	170.54
0.005384	173.95
0.0054906	177.36
0.0055971	180.77
0.0057037	184.18
0.0058102	187.59
0.0059168	191
0.0060234	194.41
0.00613	197.82
0.0062366	201.23
0.0063432	204.64
0.0064498	208.05
0.0065564	211.47
0.0066631	214.88
0.0067697	218.29
0.0068763	221.7
0.0069829	225.11
0.0070895	228.52
0.007196	231.93
0.0073026	235.34
0.0074092	238.75
0.0075157	242.16
0.0076222	245.57
0.0077287	248.98
0.0078352	252.39
0.0079416	255.8
0.0080481	259.22
0.0081545	262.63
0.0082608	266.04
0.0083672	269.45
0.0084735	272.86
0.0085797	276.27
0.008686	279.68
0.0087921	283.09
0.0088983	286.5
0.0090043	289.91
0.0091104	293.32
0.0092164	296.73
0.0093223	300.14
0.0094281	303.55
0.0095339	306.97
0.0096397	310.38
0.0097453	313.79
0.0098509	317.2
0.0099564	320.61
0.010062	324.02
0.010167	327.43
0.010272	330.84
0.010378	334.25
0.010483	337.66
0.010588	341.07
0.010692	344.48
0.010797	347.89
0.010902	351.31
0.011006	354.72
0.011111	358.13
0.011215	361.54
0.011319	364.95
0.011423	368.36
0.011527	371.77
0.011631	375.18
0.011734	378.59
0.011838	382
0.011941	385.41
0.012044	388.82
0.012147	392.23
0.01225	395.64
0.012353	399.06
0.012455	402.47
0.012558	405.88
0.01266	409.29
0.012762	412.7
0.012863	416.11
0.012965	419.52
0.013066	422.93
0.013167	426.34
0.013268	429.75
0.013369	433.16
0.01347	436.57
0.01357	439.98
0.01367	443.39
0.01377	446.81
0.013869	450.22
0.013969	453.63
0.014068	457.04
0.014167	460.45
0.014266	463.86
0.014364	467.27
0.014462	470.68
0.01456	474.09
0.014658	477.5
0.014755	480.91
0.014852	484.32
0.014949	487.73
0.015046	491.14
0.015142	494.56
0.015238	497.97
0.015334	501.38
0.015429	504.79
0.015525	508.2
0.015619	511.61
0.015714	515.02
0.015808	518.43
0.015902	521.84
0.015996	525.25
0.016089	528.66
0.016183	532.07
0.016275	535.48
0.016368	538.9
0.01646	542.31
0.016552	545.72
0.016643	549.13
0.016735	552.54
0.016826	555.95
0.016916	559.36
0.017006	562.77
0.017096	566.18
0.017186	569.59
0.017275	573
0.017364	576.41
0.017452	579.82
0.017541	583.23
0.017628	586.65
0.017716	590.06
0.017803	593.47
0.01789	596.88
0.017976	600.29
0.018062	603.7
0.018148	607.11
0.018234	610.52
0.018319	613.93
0.018403	617.34
0.018487	620.75
0.018571	624.16
0.018655	627.57
0.018738	630.98
0.018821	634.4
0.018903	637.81
0.018985	641.22
0.019067	644.63
0.019148	648.04
0.019229	651.45
0.019309	654.86
0.01939	658.27
0.019469	661.68
0.019549	665.09
0.019627	668.5
0.019706	671.91
0.019784	675.32
0.019862	678.73
0.019939	682.15
0.020016	685.56
0.020093	688.97
0.020169	692.38
0.020244	695.79
0.02032	699.2
0.020394	702.61
0.020469	706.02
0.020543	709.43
0.020617	712.84
0.02069	716.25
0.020762	719.66
0.020835	723.07
0.020907	726.49
0.020978	729.9
0.021049	733.31
0.02112	736.72
0.02119	740.13
0.02126	743.54
0.021329	746.95
0.021398	750.36
0.021467	753.77
0.021535	757.18
0.021602	760.59
0.021669	764
0.021736	767.41
0.021802	770.82
0.021868	774.24
0.021933	777.65
0.021998	781.06
0.022063	784.47
0.022127	787.88
0.02219	791.29
0.022253	794.7
0.022316	798.11
0.022378	801.52
0.02244	804.93
0.022501	808.34
0.022562	811.75
0.022622	815.16
0.022682	818.57
0.022742	821.99
0.022801	825.4
0.022859	828.81
0.022917	832.22
0.022975	835.63
0.023032	839.04
0.023088	842.45
0.023144	845.86
0.0232	849.27
0.023255	852.68
0.02331	856.09
0.023364	859.5
0.023417	862.91
0.023471	866.33
0.023523	869.74
0.023576	873.15
0.023627	876.56
0.023679	879.97
0.023729	883.38
0.02378	886.79
0.02383	890.2
0.023879	893.61
0.023928	897.02
0.023976	900.43
0.024024	903.84
0.024071	907.25
0.024118	910.66
0.024165	914.08
0.02421	917.49
0.024256	920.9
0.024301	924.31
0.024345	927.72
0.024389	931.13
0.024432	934.54
0.024475	937.95
0.024518	941.36
0.02456	944.77
0.024601	948.18
0.024642	951.59
0.024682	955
0.024722	958.41
0.024762	961.83
0.024801	965.24
0.024839	968.65
0.024877	972.06
0.024914	975.47
0.024951	978.88
0.024988	982.29
0.025024	985.7
0.025059	989.11
0.025094	992.52
0.025128	995.93
0.025162	999.34
0.025196	1002.8
0.025229	1006.2
0.025261	1009.6
0.025293	1013
0.025324	1016.4
0.025355	1019.8
0.025386	1023.2
0.025416	1026.6
0.025445	1030
0.025474	1033.5
0.025502	1036.9
0.02553	1040.3
0.025558	1043.7
0.025585	1047.1
0.025611	1050.5
0.025637	1053.9
0.025663	1057.3
0.025688	1060.7
0.025712	1064.1
0.025736	1067.6
0.025759	1071
0.025782	1074.4
0.025805	1077.8
0.025827	1081.2
0.025848	1084.6
0.025869	1088
0.02589	1091.4
0.02591	1094.8
0.02593	1098.3
0.025949	1101.7
0.025967	1105.1
0.025985	1108.5
0.026003	1111.9
0.02602	1115.3
0.026037	1118.7
0.026053	1122.1
0.026069	1125.5
0.026084	1129
0.026099	1132.4
0.026113	1135.8
0.026127	1139.2
0.02614	1142.6
0.026153	1146
0.026165	1149.4
0.026177	1152.8
0.026188	1156.2
0.026199	1159.6
0.02621	1163.1
0.02622	1166.5
0.026229	1169.9
0.026238	1173.3
0.026247	1176.7
0.026255	1180.1
0.026263	1183.5
0.02627	1186.9
0.026277	1190.3
0.026283	1193.8
0.026289	1197.2
0.026294	1200.6
0.026299	1204
0.026304	1207.4
0.026308	1210.8
0.026311	1214.2
0.026314	1217.6
0.026317	1221
0.026319	1224.5
0.026321	1227.9
0.026322	1231.3
0.026323	1234.7
0.026324	1238.1
0.026324	1241.5
0.026323	1244.9
0.026322	1248.3
0.026321	1251.7
0.026319	1255.1
0.026317	1258.6
0.026315	1262
0.026312	1265.4
0.026308	1268.8
0.026304	1272.2
0.0263	1275.6
0.026295	1279
0.02629	1282.4
0.026284	1285.8
0.026278	1289.3
0.026272	1292.7
0.026265	1296.1
0.026258	1299.5
0.02625	1302.9
0.026242	1306.3
0.026234	1309.7
0.026225	1313.1
0.026216	1316.5
0.026206	1320
0.026196	1323.4
0.026185	1326.8
0.026174	1330.2
0.026163	1333.6
0.026151	1337
0.026139	1340.4
0.026127	1343.8
0.026114	1347.2
0.026101	1350.6
0.026087	1354.1
0.026073	1357.5
0.026059	1360.9
0.026044	1364.3
0.026029	1367.7
0.026013	1371.1
0.025997	1374.5
0.025981	1377.9
0.025964	1381.3
0.025947	1384.8
0.025929	1388.2
0.025912	1391.6
0.025893	1395
0.025875	1398.4
0.025856	1401.8
0.025837	1405.2
0.025817	1408.6
0.025797	1412
0.025777	1415.5
0.025756	1418.9
0.025735	1422.3
0.025713	1425.7
0.025692	1429.1
0.02567	1432.5
0.025647	1435.9
0.025624	1439.3
0.025601	1442.7
0.025578	1446.1
0.025554	1449.6
0.02553	1453
0.025505	1456.4
0.02548	1459.8
0.025455	1463.2
0.02543	1466.6
0.025404	1470
0.025378	1473.4
0.025351	1476.8
0.025324	1480.3
0.025297	1483.7
0.02527	1487.1
0.025242	1490.5
0.025214	1493.9
0.025186	1497.3
0.025157	1500.7
0.025128	1504.1
0.025099	1507.5
0.025069	1511
0.025039	1514.4
0.025009	1517.8
0.024978	1521.2
0.024947	1524.6
0.024916	1528
0.024885	1531.4
0.024853	1534.8
0.024821	1538.2
0.024789	1541.6
0.024756	1545.1
0.024723	1548.5
0.02469	1551.9
0.024657	1555.3
0.024623	1558.7
0.024589	1562.1
0.024555	1565.5
0.02452	1568.9
0.024486	1572.3
0.02445	1575.8
0.024415	1579.2
0.02438	1582.6
0.024344	1586
0.024308	1589.4
0.024271	1592.8
0.024234	1596.2
0.024198	1599.6
0.02416	1603
0.024123	1606.5
0.024085	1609.9
0.024047	1613.3
0.024009	1616.7
0.023971	1620.1
0.023932	1623.5
0.023893	1626.9
0.023854	1630.3
0.023815	1633.7
0.023775	1637.1
0.023735	1640.6
0.023695	1644
0.023655	1647.4
0.023614	1650.8
0.023573	1654.2
0.023532	1657.6
0.023491	1661
0.02345	1664.4
0.023408	1667.8
0.023366	1671.3
0.023324	1674.7
0.023282	1678.1
0.023239	1681.5
0.023197	1684.9
0.023154	1688.3
0.023111	1691.7
0.023067	1695.1
0.023024	1698.5
0.02298	1702
0.022936	1705.4
0.022892	1708.8
0.022848	1712.2
0.022803	1715.6
0.022758	1719
0.022714	1722.4
0.022668	1725.8
0.022623	1729.2
0.022578	1732.7
0.022532	1736.1
0.022486	1739.5
0.02244	1742.9
0.022394	1746.3
0.022348	1749.7
0.022301	1753.1
0.022255	1756.5
0.022208	1759.9
0.022161	1763.3
0.022114	1766.8
0.022066	1770.2
0.022019	1773.6
0.021971	1777
0.021923	1780.4
0.021875	1783.8
0.021827	1787.2
0.021779	1790.6
0.021731	1794
0.021682	1797.5
0.021633	1800.9
0.021585	1804.3
0.021536	1807.7
0.021486	1811.1
0.021437	1814.5
0.021388	1817.9
0.021338	1821.3
0.021289	1824.7
0.021239	1828.2
0.021189	1831.6
0.021139	1835
0.021089	1838.4
0.021038	1841.8
0.020988	1845.2
0.020937	1848.6
0.020887	1852
0.020836	1855.4
0.020785	1858.8
0.020734	1862.3
0.020683	1865.7
0.020632	1869.1
0.02058	1872.5
0.020529	1875.9
0.020477	1879.3
0.020426	1882.7
0.020374	1886.1
0.020322	1889.5
0.02027	1893
0.020218	1896.4
0.020166	1899.8
0.020114	1903.2
0.020062	1906.6
0.020009	1910
0.019957	1913.4
0.019904	1916.8
0.019851	1920.2
0.019799	1923.7
0.019746	1927.1
0.019693	1930.5
0.01964	1933.9
0.019587	1937.3
0.019534	1940.7
0.019481	1944.1
0.019427	1947.5
0.019374	1950.9
0.019321	1954.3
0.019267	1957.8
0.019214	1961.2
0.01916	1964.6
0.019107	1968
0.019053	1971.4
0.018999	1974.8
0.018945	1978.2
0.018891	1981.6
0.018838	1985
0.018784	1988.5
0.01873	1991.9
0.018676	1995.3
0.018621	1998.7
0.018567	2002.1
0.018513	2005.5
0.018459	2008.9
0.018405	2012.3
0.01835	2015.7
0.018296	2019.2
0.018242	2022.6
0.018187	2026
0.018133	2029.4
0.018078	2032.8
0.018024	2036.2
0.017969	2039.6
0.017915	2043
0.01786	2046.4
0.017806	2049.8
0.017751	2053.3
0.017696	2056.7
0.017642	2060.1
0.017587	2063.5
0.017533	2066.9
0.017478	2070.3
0.017423	2073.7
0.017368	2077.1
0.017314	2080.5
0.017259	2084
0.017204	2087.4
0.01715	2090.8
0.017095	2094.2
0.01704	2097.6
0.016985	2101
0.016931	2104.4
0.016876	2107.8
0.016821	2111.2
0.016766	2114.7
0.016712	2118.1
0.016657	2121.5
0.016602	2124.9
0.016547	2128.3
0.016493	2131.7
0.016438	2135.1
0.016383	2138.5
0.016329	2141.9
0.016274	2145.3
0.016219	2148.8
0.016165	2152.2
0.01611	2155.6
0.016056	2159
0.016001	2162.4
0.015947	2165.8
0.015892	2169.2
0.015838	2172.6
0.015783	2176
0.015729	2179.5
0.015675	2182.9
0.01562	2186.3
0.015566	2189.7
0.015512	2193.1
0.015457	2196.5
0.015403	2199.9
0.015349	2203.3
0.015295	2206.7
0.015241	2210.2
0.015187	2213.6
0.015133	2217
0.015079	2220.4
0.015025	2223.8
0.014971	2227.2
0.014917	2230.6
0.014864	2234
0.01481	2237.4
0.014756	2240.8
0.014703	2244.3
0.014649	2247.7
0.014596	2251.1
0.014542	2254.5
0.014489	2257.9
0.014435	2261.3
0.014382	2264.7
0.014329	2268.1
0.014276	2271.5
0.014223	2275
0.014169	2278.4
0.014116	2281.8
0.014064	2285.2
0.014011	2288.6
0.013958	2292
0.013905	2295.4
0.013852	2298.8
0.0138	2302.2
0.013747	2305.7
0.013695	2309.1
0.013642	2312.5
0.01359	2315.9
0.013538	2319.3
0.013486	2322.7
0.013434	2326.1
0.013382	2329.5
0.01333	2332.9
0.013278	2336.3
0.013226	2339.8
0.013174	2343.2
0.013123	2346.6
0.013071	2350
0.01302	2353.4
0.012968	2356.8
0.012917	2360.2
0.012866	2363.6
0.012815	2367
0.012764	2370.5
0.012713	2373.9
0.012662	2377.3
0.012611	2380.7
0.01256	2384.1
0.01251	2387.5
0.012459	2390.9
0.012409	2394.3
0.012358	2397.7
0.012308	2401.2
0.012258	2404.6
0.012208	2408
0.012158	2411.4
0.012108	2414.8
0.012058	2418.2
0.012008	2421.6
0.011959	2425
0.011909	2428.4
0.01186	2431.8
0.011811	2435.3
0.011762	2438.7
0.011712	2442.1
0.011663	2445.5
0.011615	2448.9
0.011566	2452.3
0.011517	2455.7
0.011468	2459.1
0.01142	2462.5
0.011372	2466
0.011323	2469.4
0.011275	2472.8
0.011227	2476.2
0.011179	2479.6
0.011131	2483
0.011084	2486.4
0.011036	2489.8
0.010988	2493.2
0.010941	2496.7
0.010894	2500.1
0.010847	2503.5
0.010799	2506.9
0.010752	2510.3
0.010706	2513.7
0.010659	2517.1
0.010612	2520.5
0.010566	2523.9
0.010519	2527.3
0.010473	2530.8
0.010427	2534.2
0.010381	2537.6
0.010335	2541
0.010289	2544.4
0.010243	2547.8
0.010198	2551.2
0.010152	2554.6
0.010107	2558
0.010062	2561.5
0.010016	2564.9
0.0099714	2568.3
0.0099266	2571.7
0.0098818	2575.1
0.0098371	2578.5
0.0097926	2581.9
0.0097482	2585.3
0.0097039	2588.7
0.0096597	2592.2
0.0096157	2595.6
0.0095718	2599
0.009528	2602.4
0.0094843	2605.8
0.0094407	2609.2
0.0093973	2612.6
0.009354	2616
0.0093108	2619.4
0.0092677	2622.9
0.0092248	2626.3
0.009182	2629.7
0.0091393	2633.1
0.0090968	2636.5
0.0090543	2639.9
0.009012	2643.3
0.0089698	2646.7
0.0089278	2650.1
0.0088858	2653.5
0.008844	2657
0.0088023	2660.4
0.0087608	2663.8
0.0087194	2667.2
0.0086781	2670.6
0.0086369	2674
0.0085959	2677.4
0.0085549	2680.8
0.0085142	2684.2
0.0084735	2687.7
0.008433	2691.1
0.0083926	2694.5
0.0083523	2697.9
0.0083122	2701.3
0.0082722	2704.7
0.0082323	2708.1
0.0081925	2711.5
0.0081529	2714.9
0.0081134	2718.4
0.008074	2721.8
0.0080348	2725.2
0.0079957	2728.6
0.0079567	2732
0.0079179	2735.4
0.0078792	2738.8
0.0078406	2742.2
0.0078021	2745.6
0.0077638	2749
0.0077256	2752.5
0.0076875	2755.9
0.0076496	2759.3
0.0076118	2762.7
0.0075741	2766.1
0.0075366	2769.5
0.0074992	2772.9
0.0074619	2776.3
0.0074248	2779.7
0.0073878	2783.2
0.0073509	2786.6
0.0073141	2790
0.0072775	2793.4
0.007241	2796.8
0.0072047	2800.2
0.0071685	2803.6
0.0071324	2807
0.0070964	2810.4
0.0070606	2813.9
0.0070249	2817.3
0.0069893	2820.7
0.0069539	2824.1
0.0069186	2827.5
0.0068834	2830.9
0.0068484	2834.3
0.0068135	2837.7
0.0067787	2841.1
0.006744	2844.5
0.0067095	2848
0.0066751	2851.4
0.0066409	2854.8
0.0066068	2858.2
0.0065728	2861.6
0.0065389	2865
0.0065052	2868.4
0.0064716	2871.8
0.0064381	2875.2
0.0064048	2878.7
0.0063716	2882.1
0.0063385	2885.5
0.0063056	2888.9
0.0062728	2892.3
0.0062401	2895.7
0.0062076	2899.1
0.0061752	2902.5
0.0061429	2905.9
0.0061107	2909.4
0.0060787	2912.8
0.0060468	2916.2
0.006015	2919.6
0.0059834	2923
0.0059519	2926.4
0.0059205	2929.8
0.0058892	2933.2
0.0058581	2936.6
0.0058271	2940
0.0057963	2943.5
0.0057655	2946.9
0.0057349	2950.3
0.0057044	2953.7
0.0056741	2957.1
0.0056439	2960.5
0.0056138	2963.9
0.0055838	2967.3
0.005554	2970.7
0.0055243	2974.2
0.0054947	2977.6
0.0054652	2981
0.0054359	2984.4
0.0054067	2987.8
0.0053776	2991.2
0.0053487	2994.6
0.0053199	2998
0.0052912	3001.4
0.0052626	3004.9
0.0052342	3008.3
0.0052059	3011.7
0.0051777	3015.1
0.0051496	3018.5
0.0051217	3021.9
0.0050938	3025.3
0.0050662	3028.7
0.0050386	3032.1
0.0050111	3035.5
0.0049838	3039
0.0049566	3042.4
0.0049296	3045.8
0.0049026	3049.2
0.0048758	3052.6
0.0048491	3056
0.0048225	3059.4
0.0047961	3062.8
0.0047697	3066.2
0.0047435	3069.7
0.0047175	3073.1
0.0046915	3076.5
0.0046656	3079.9
0.0046399	3083.3
0.0046143	3086.7
0.0045889	3090.1
0.0045635	3093.5
0.0045383	3096.9
0.0045131	3100.4
0.0044881	3103.8
0.0044633	3107.2
0.0044385	3110.6
0.0044139	3114
0.0043894	3117.4
0.004365	3120.8
0.0043407	3124.2
0.0043165	3127.6
0.0042925	3131
0.0042686	3134.5
0.0042447	3137.9
0.0042211	3141.3
0.0041975	3144.7
0.004174	3148.1
0.0041507	3151.5
0.0041275	3154.9
0.0041044	3158.3
0.0040814	3161.7
0.0040585	3165.2
0.0040357	3168.6
0.0040131	3172
0.0039906	3175.4
0.0039681	3178.8
0.0039458	3182.2
0.0039237	3185.6
0.0039016	3189
0.0038796	3192.4
0.0038578	3195.9
0.0038361	3199.3
0.0038144	3202.7
0.0037929	3206.1
0.0037715	3209.5
0.0037503	3212.9
0.0037291	3216.3
0.003708	3219.7
0.0036871	3223.1
0.0036662	3226.5
0.0036455	3230
0.0036249	3233.4
0.0036044	3236.8
0.003584	3240.2
0.0035637	3243.6
0.0035435	3247
0.0035235	3250.4
0.0035035	3253.8
0.0034836	3257.2
0.0034639	3260.7
0.0034443	3264.1
0.0034247	3267.5
0.0034053	3270.9
0.003386	3274.3
0.0033668	3277.7
0.0033477	3281.1
0.0033287	3284.5
0.0033098	3287.9
0.003291	3291.4
0.0032723	3294.8
0.0032538	3298.2
0.0032353	3301.6
0.0032169	3305
0.0031987	3308.4
0.0031805	3311.8
0.0031625	3315.2
0.0031445	3318.6
0.0031267	3322
0.0031089	3325.5
0.0030913	3328.9
0.0030737	3332.3
0.0030563	3335.7
0.003039	3339.1
0.0030217	3342.5
0.0030046	3345.9
0.0029876	3349.3
0.0029706	3352.7
0.0029538	3356.2
0.0029371	3359.6
0.0029205	3363
0.0029039	3366.4
0.0028875	3369.8
0.0028712	3373.2
0.0028549	3376.6
0.0028388	3380
0.0028227	3383.4
0.0028068	3386.9
0.002791	3390.3
0.0027752	3393.7
0.0027596	3397.1
0.002744	3400.5
0.0027285	3403.9
0.0027132	3407.3
0.0026979	3410.7
0.0026828	3414.1
0.0026677	3417.6
0.0026527	3421
0.0026378	3424.4
0.002623	3427.8
0.0026083	3431.2
0.0025937	3434.6
0.0025792	3438
0.0025648	3441.4
0.0025505	3444.8
0.0025362	3448.2
0.0025221	3451.7
0.0025081	3455.1
0.0024941	3458.5
0.0024802	3461.9
0.0024665	3465.3
0.0024528	3468.7
0.0024392	3472.1
0.0024257	3475.5
0.0024123	3478.9
0.002399	3482.4
0.0023858	3485.8
0.0023726	3489.2
0.0023596	3492.6
0.0023466	3496
0.0023337	3499.4
0.002321	3502.8
0.0023083	3506.2
0.0022957	3509.6
0.0022831	3513.1
0.0022707	3516.5
0.0022584	3519.9
0.0022461	3523.3
0.0022339	3526.7
0.0022218	3530.1
0.0022099	3533.5
0.0021979	3536.9
0.0021861	3540.3
0.0021744	3543.7
0.0021627	3547.2
0.0021511	3550.6
0.0021397	3554
0.0021283	3557.4
0.0021169	3560.8
0.0021057	3564.2
0.0020946	3567.6
0.0020835	3571
0.0020725	3574.4
0.0020616	3577.9
0.0020508	3581.3
0.0020401	3584.7
0.0020294	3588.1
0.0020188	3591.5
0.0020083	3594.9
0.0019979	3598.3
0.0019876	3601.7
0.0019774	3605.1
0.0019672	3608.6
0.0019571	3612
0.0019471	3615.4
0.0019372	3618.8
0.0019274	3622.2
0.0019176	3625.6
0.0019079	3629
0.0018983	3632.4
0.0018888	3635.8
0.0018793	3639.2
0.00187	3642.7
0.0018607	3646.1
0.0018515	3649.5
0.0018423	3652.9
0.0018333	3656.3
0.0018243	3659.7
0.0018154	3663.1
0.0018066	3666.5
0.0017979	3669.9
0.0017892	3673.4
0.0017806	3676.8
0.0017721	3680.2
0.0017637	3683.6
0.0017553	3687
0.001747	3690.4
0.0017388	3693.8
0.0017307	3697.2
0.0017226	3700.6
0.0017146	3704.1
0.0017067	3707.5
0.0016989	3710.9
0.0016911	3714.3
0.0016835	3717.7
0.0016759	3721.1
0.0016683	3724.5
0.0016609	3727.9
0.0016535	3731.3
0.0016462	3734.7
0.0016389	3738.2
0.0016318	3741.6
0.0016247	3745
0.0016177	3748.4
0.0016107	3751.8
0.0016038	3755.2
0.0015971	3758.6
0.0015903	3762
0.0015837	3765.4
0.0015771	3768.9
0.0015706	3772.3
0.0015641	3775.7
0.0015578	3779.1
0.0015515	3782.5
0.0015453	3785.9
0.0015391	3789.3
0.001533	3792.7
0.001527	3796.1
0.0015211	3799.6
0.0015152	3803
0.0015094	3806.4
0.0015037	3809.8
0.0014981	3813.2
0.0014925	3816.6
0.001487	3820
0.0014815	3823.4
0.0014762	3826.8
0.0014708	3830.2
0.0014656	3833.7
0.0014605	3837.1
0.0014554	3840.5
0.0014503	3843.9
0.0014454	3847.3
0.0014405	3850.7
0.0014357	3854.1
0.0014309	3857.5
0.0014263	3860.9
0.0014217	3864.4
0.0014171	3867.8
0.0014127	3871.2
0.0014083	3874.6
0.0014039	3878
0.0013997	3881.4
0.0013955	3884.8
0.0013913	3888.2
0.0013873	3891.6
0.0013833	3895.1
0.0013794	3898.5
0.0013755	3901.9
0.0013717	3905.3
0.001368	3908.7
0.0013644	3912.1
0.0013608	3915.5
0.0013573	3918.9
0.0013538	3922.3
0.0013505	3925.7
0.0013472	3929.2
0.0013439	3932.6
0.0013408	3936
0.0013376	3939.4
0.0013346	3942.8
0.0013316	3946.2
0.0013287	3949.6
0.0013259	3953
0.0013231	3956.4
0.0013204	3959.9
0.0013178	3963.3
0.0013152	3966.7
0.0013127	3970.1
0.0013103	3973.5
0.001308	3976.9
0.0013057	3980.3
0.0013034	3983.7
0.0013013	3987.1
0.0012992	3990.6
0.0012972	3994
0.0012952	3997.4
0.0012933	4000.8
0.0012915	4004.2
0.0012897	4007.6
0.0012881	4011
0.0012864	4014.4
0.0012849	4017.8
0.0012834	4021.2
0.001282	4024.7
0.0012806	4028.1
0.0012794	4031.5
0.0012782	4034.9
0.001277	4038.3
0.0012759	4041.7
0.0012749	4045.1
0.001274	4048.5
0.0012731	4051.9
0.0012723	4055.4
0.0012716	4058.8
0.0012709	4062.2
0.0012703	4065.6
0.0012698	4069
0.0012694	4072.4
0.001269	4075.8
0.0012687	4079.2
0.0012684	4082.6
0.0012682	4086.1
0.0012681	4089.5
0.0012681	4092.9
0.0012681	4096.3
0.0012682	4099.7
0.0012684	4103.1
0.0012686	4106.5
0.0012689	4109.9
0.0012693	4113.3
0.0012698	4116.7
0.0012703	4120.2
0.0012709	4123.6
0.0012716	4127
0.0012723	4130.4
0.0012731	4133.8
0.001274	4137.2
0.0012749	4140.6
0.001276	4144
0.0012771	4147.4
0.0012782	4150.9
0.0012795	4154.3
0.0012808	4157.7
0.0012822	4161.1
0.0012836	4164.5
0.0012852	4167.9
0.0012868	4171.3
0.0012885	4174.7
0.0012902	4178.1
0.001292	4181.6
0.0012939	4185
0.0012959	4188.4
0.001298	4191.8
0.0013001	4195.2
0.0013023	4198.6
0.0013046	4202
0.0013069	4205.4
0.0013094	4208.8
0.0013119	4212.2
0.0013145	4215.7
0.0013171	4219.1
0.0013199	4222.5
0.0013227	4225.9
0.0013256	4229.3
0.0013286	4232.7
0.0013316	4236.1
0.0013347	4239.5
0.001338	4242.9
0.0013412	4246.4
0.0013446	4249.8
0.0013481	4253.2
0.0013516	4256.6
0.0013552	4260
