Datetime	Latitude	Longitude	WaterPressure
2018-06-26T19:38:33.916Z	-14.437951	-179.469025	5000
2018-06-27T19:00:16.235Z	-14.452561	-179.484711	5000
2018-06-27T19:35:41.808Z	-14.454373	-179.485428	5000
2018-06-28T19:01:24.955Z	-14.449224	-179.505402	5000
2018-06-28T19:55:34.079Z	-14.455395	-179.505142	5000
2018-06-29T17:07:31.205Z	-14.451233	-179.505356	151800
2018-07-06T01:49:28.613Z	-14.421253	-179.506897	151200
2018-07-06T07:05:28.219Z	-14.420219	-179.506958	5000
2018-07-06T07:53:27.933Z	-14.41848	-179.505447	5000
2018-07-12T06:51:58.293Z	-14.386436	-179.504669	152200
2018-07-12T12:05:37.158Z	-14.385264	-179.504639	5000
2018-07-12T13:00:25.745Z	-14.390133	-179.503036	5000
2018-07-13T09:48:03.139Z	-14.387584	-179.504089	153200
2018-07-15T22:48:15.969Z	-14.380107	-179.507202	152600
2018-07-16T04:02:29.437Z	-14.379465	-179.507462	5000
2018-07-16T04:57:38.408Z	-14.382322	-179.505386	5000
2018-07-17T07:04:48.331Z	-14.378082	-179.514801	152300
2018-07-18T22:45:22.551Z	-14.37164	-179.529114	152800
2018-07-19T04:09:01.036Z	-14.370765	-179.531052	5000
2018-07-19T05:03:14.530Z	-14.365078	-179.527969	5000
2018-07-24T19:26:56.998Z	-14.314081	-179.633286	152300
2018-07-25T00:37:22.981Z	-14.312119	-179.637344	5000
2018-07-25T01:29:57.486Z	-14.304897	-179.643845	5000
2018-07-28T08:00:18.134Z	-14.237847	-179.694046	153700
2018-08-02T11:04:18.229Z	-14.132739	-179.772751	5000
2018-08-02T11:58:36.069Z	-14.13093	-179.773331	5000
2018-08-04T10:17:59.876Z	-14.07939	-179.804642	153000
2018-08-05T11:55:30.280Z	-14.050879	-179.82196	150600
2018-08-05T17:09:33.083Z	-14.045055	-179.8255	5000
2018-08-05T18:00:21.427Z	-14.043815	-179.821594	5000
2018-08-07T07:56:01.331Z	-13.997047	-179.831512	148600
2018-08-08T01:41:39.066Z	-13.975147	-179.836151	153100
2018-08-08T06:55:56.827Z	-13.968688	-179.837524	5000
2018-08-08T07:51:58.826Z	-13.966627	-179.842056	5000
2018-08-10T05:57:28.120Z	-13.937572	-179.850784	153500
2018-08-10T14:27:36.140Z	-13.932213	-179.852402	152200
2018-08-10T19:40:25.284Z	-13.928926	-179.853394	5000
2018-08-10T20:55:13.688Z	-13.926491	-179.854523	5000
2018-08-12T03:41:51.829Z	-13.906832	-179.835129	152100
2018-08-12T09:01:02.055Z	-13.903434	-179.831787	152500
2018-08-15T03:14:24.295Z	-13.861134	-179.790054	150400
2018-08-15T08:30:19.697Z	-13.85777	-179.786743	5000
2018-08-15T09:50:26.370Z	-13.850763	-179.780716	5000
2018-08-17T15:42:39.483Z	-13.84278	-179.724823	151500
2018-08-17T20:55:29.521Z	-13.842008	-179.719421	5000
2018-08-17T22:04:30.317Z	-13.843097	-179.727463	5000
2018-08-19T00:19:27.435Z	-13.854613	-179.709763	150100
2018-08-19T00:32:48.652Z	-13.854711	-179.70961	149600
2018-08-19T00:47:26.467Z	-13.854818	-179.709442	149200
2018-08-19T00:52:19.438Z	-13.854854	-179.709381	149100
2018-08-19T00:58:18.461Z	-13.854897	-179.70932	149000
2018-08-19T01:03:38.898Z	-13.854937	-179.709259	148900
2018-08-19T01:10:11.909Z	-13.854984	-179.709183	148500
2018-08-19T01:16:17.704Z	-13.855029	-179.709122	148300
2018-08-19T01:33:59.179Z	-13.855158	-179.708923	148300
2018-08-19T01:39:44.707Z	-13.855201	-179.708847	148500
2018-08-19T01:53:07.223Z	-13.855298	-179.70871	148600
2018-08-19T01:57:31.380Z	-13.85533	-179.708649	148500
2018-08-19T02:17:52.323Z	-13.855479	-179.70842	147900
2018-08-19T02:25:39.433Z	-13.855536	-179.708344	147800
2018-08-19T02:41:53.088Z	-13.855655	-179.70816	148500
2018-08-19T02:59:49.908Z	-13.855786	-179.707947	149000
2018-08-19T03:06:43.511Z	-13.855837	-179.70787	148900
2018-08-19T03:47:55.387Z	-13.856137	-179.707413	147300
2018-08-19T04:15:22.228Z	-13.856339	-179.707108	148400
2018-08-19T04:28:30.025Z	-13.856435	-179.706955	149200
2018-08-19T05:45:12.225Z	-13.856996	-179.7061	151200
2018-08-19T05:58:21.446Z	-13.857091	-179.705948	151000
2018-08-19T06:06:52.740Z	-13.857154	-179.705856	150300
2018-08-19T06:19:09.840Z	-13.857244	-179.705719	149500
2018-08-19T06:36:40.593Z	-13.857371	-179.705521	149900
2018-08-19T06:45:32.785Z	-13.857436	-179.705414	150800
2018-08-19T07:25:37.459Z	-13.85773	-179.704971	150600
2018-08-19T07:48:43.719Z	-13.857899	-179.704712	151200
2018-08-19T08:05:27.639Z	-13.858021	-179.704514	151500
2018-08-19T08:17:30.833Z	-13.858109	-179.704376	151000
2018-08-19T09:18:25.041Z	-13.858554	-179.703705	150600
2018-08-19T09:43:14.614Z	-13.858736	-179.703415	151000
2018-08-19T10:09:19.286Z	-13.858927	-179.703125	151600
2018-08-19T10:29:46.277Z	-13.859076	-179.702896	151600
2018-08-19T10:49:47.527Z	-13.859222	-179.702667	152300
2018-08-19T11:00:20.503Z	-13.8593	-179.702545	152600
2018-08-19T18:43:43.096Z	-13.862688	-179.697342	150900
2018-08-19T18:49:11.280Z	-13.862728	-179.697281	151100
2018-08-19T19:12:53.052Z	-13.862901	-179.697021	151100
2018-08-20T00:03:46.880Z	-13.865028	-179.693741	152000
2018-08-20T05:11:22.914Z	-13.867277	-179.690292	5000
2018-08-20T06:14:04.200Z	-13.870704	-179.699707	5000
2018-08-21T02:36:08.478Z	-13.888008	-179.682648	150500
2018-08-21T06:28:44.335Z	-13.891302	-179.679413	151400
2018-08-21T08:55:53.088Z	-13.893386	-179.677353	151900
2018-08-21T09:57:55.546Z	-13.894264	-179.676483	152100
2018-08-21T10:56:25.530Z	-13.895093	-179.675674	152700
2018-08-21T18:35:10.772Z	-13.901588	-179.669266	151300
2018-08-21T21:47:46.635Z	-13.904316	-179.66658	151800
2018-08-21T22:33:43.710Z	-13.904966	-179.665939	152800
2018-08-22T00:46:43.463Z	-13.90685	-179.664093	152100
2018-08-22T20:06:52.353Z	-13.923278	-179.647903	5000
2018-08-22T21:05:00.877Z	-13.931258	-179.655182	5000
2018-08-24T17:51:15.811Z	-13.975645	-179.596725	151700
2018-08-26T07:26:47.507Z	-14.012914	-179.547638	150800
2018-08-26T12:42:06.680Z	-14.018124	-179.540771	5000
2018-08-26T13:46:32.333Z	-14.018697	-179.538467	5000
2018-08-28T13:09:00.160Z	-14.071249	-179.513123	153600
2018-08-29T05:15:06.152Z	-14.08911	-179.504501	5000
2018-08-29T06:21:05.066Z	-14.093781	-179.509232	5000
2018-08-31T01:12:23.937Z	-14.156578	-179.502609	152200
2018-08-31T01:22:59.412Z	-14.156837	-179.502579	152200
2018-08-31T11:58:41.882Z	-14.172362	-179.500946	5000
2018-08-31T13:02:40.029Z	-14.177083	-179.506439	5000
2018-09-02T18:27:52.867Z	-14.267834	-179.459763	5000
2018-09-02T19:32:22.849Z	-14.271609	-179.460938	5000
2018-09-03T19:52:38.015Z	-14.312531	-179.453094	149400
2018-09-05T02:24:18.259Z	-14.36386	-179.443283	5000
2018-09-05T03:26:40.975Z	-14.373044	-179.444595	5000
2018-09-06T05:13:18.882Z	-14.411666	-179.435715	152600
2018-09-06T12:06:38.012Z	-14.421987	-179.43335	152500
2018-09-06T15:49:09.715Z	-14.427544	-179.432068	151900
2018-09-06T16:22:52.550Z	-14.428386	-179.431885	152400
2018-09-06T16:31:24.269Z	-14.428598	-179.431824	152400
2018-09-06T16:43:07.120Z	-14.428891	-179.431763	152400
2018-09-06T18:13:46.971Z	-14.431155	-179.431244	152200
2018-09-06T18:22:19.740Z	-14.431369	-179.431198	152100
2018-09-06T23:39:10.267Z	-14.439281	-179.429367	153400
2018-09-06T23:55:28.046Z	-14.439688	-179.429276	152900
2018-09-07T05:10:00.022Z	-14.447542	-179.427475	152100
2018-09-07T10:35:34.189Z	-14.455672	-179.425613	5000
2018-09-07T11:49:53.673Z	-14.457047	-179.414062	5000
2018-09-08T08:45:17.073Z	-14.479647	-179.405563	147900
2018-09-09T18:14:36.645Z	-14.515818	-179.391968	5000
2018-09-09T19:20:59.435Z	-14.511331	-179.387604	5000
2018-09-10T19:33:09.287Z	-14.540886	-179.367706	151600
2018-09-10T20:24:24.049Z	-14.541929	-179.367004	151900
2018-09-11T08:17:54.610Z	-14.556451	-179.357239	152600
2018-09-11T09:25:31.575Z	-14.557827	-179.356308	152000
2018-09-12T00:41:41.025Z	-14.576474	-179.343765	5000
2018-09-12T01:44:58.870Z	-14.564707	-179.345245	5000
2018-09-15T23:09:39.254Z	-14.630536	-179.30452	152100
2018-09-16T04:25:57.605Z	-14.634251	-179.302231	5000
2018-09-16T05:29:33.194Z	-14.633315	-179.301086	5000
2018-09-17T00:09:20.386Z	-14.653026	-179.299728	151100
2018-09-17T09:33:28.900Z	-14.662955	-179.299042	152300
2018-09-18T12:38:34.274Z	-14.69156	-179.297058	152500
2018-09-18T17:54:33.295Z	-14.697122	-179.296661	5000
2018-09-18T19:44:40.771Z	-14.698381	-179.307114	5000
2018-09-21T03:40:23.360Z	-14.7333	-179.302582	149900
2018-09-21T08:54:18.845Z	-14.736567	-179.302155	5000
2018-09-21T10:40:28.698Z	-14.746717	-179.320465	5000
2018-09-22T12:53:03.871Z	-14.767308	-179.314987	152200
2018-09-23T06:41:17.056Z	-14.781295	-179.311264	153100
2018-09-23T19:54:14.456Z	-14.791677	-179.308502	152800
2018-09-24T01:18:34.623Z	-14.795924	-179.307373	5000
2018-09-24T02:59:01.361Z	-14.805824	-179.334	5000
2018-09-25T17:50:57.677Z	-14.836822	-179.345551	148700
2018-09-26T00:37:15.130Z	-14.842223	-179.347565	148300
2018-09-26T21:52:50.412Z	-14.859179	-179.353882	148500
2018-09-27T22:25:23.469Z	-14.878753	-179.361176	151000
2018-09-28T03:36:44.538Z	-14.882892	-179.362717	5000
2018-09-28T05:37:42.206Z	-14.884353	-179.377396	5000
2018-09-30T10:52:03.992Z	-14.925568	-179.376144	151400
2018-09-30T15:59:33.853Z	-14.929535	-179.376022	5000
2018-09-30T17:02:03.789Z	-14.922408	-179.376389	5000
2018-10-04T04:16:00.797Z	-14.94787	-179.378845	151300
2018-10-04T09:47:13.087Z	-14.949559	-179.378998	151400
2018-10-04T15:04:02.536Z	-14.951174	-179.37915	5000
2018-10-04T16:05:55.940Z	-14.951247	-179.371033	5000
2018-10-07T17:43:35.212Z	-14.934838	-179.336395	152200
2018-10-07T23:01:21.007Z	-14.933658	-179.333908	5000
2018-10-08T00:01:34.883Z	-14.928514	-179.327164	5000
2018-10-09T23:12:19.244Z	-14.910423	-179.296555	153300
2018-10-10T20:53:09.284Z	-14.902109	-179.282486	153100
2018-10-11T02:15:47.749Z	-14.900047	-179.278992	5000
2018-10-11T03:33:17.728Z	-14.891551	-179.280136	5000
2018-10-12T05:46:30.205Z	-14.882513	-179.273132	148700
2018-10-13T00:15:14.587Z	-14.876143	-179.268204	152200
2018-10-13T11:19:25.963Z	-14.872327	-179.265244	150800
2018-10-13T16:37:53.098Z	-14.870498	-179.263824	5000
2018-10-13T17:38:13.391Z	-14.874865	-179.25914	5000
2018-10-16T00:29:59.534Z	-14.860781	-179.237579	150500
2018-10-16T05:39:50.059Z	-14.859455	-179.23555	5000
2018-10-16T06:34:45.821Z	-14.873061	-179.239594	5000
2018-10-21T01:15:49.660Z	-14.906099	-179.154541	153100
2018-10-21T06:35:50.207Z	-14.907636	-179.150574	5000
2018-10-21T07:43:24.274Z	-14.919332	-179.160263	5000
2018-10-23T09:16:13.957Z	-14.974689	-179.136612	151300
2018-10-24T07:37:38.080Z	-14.999667	-179.125946	151700
2018-10-24T11:29:10.966Z	-15.003979	-179.1241	150500
2018-10-25T18:32:15.075Z	-15.038671	-179.109283	150700
2018-10-25T23:47:11.696Z	-15.044537	-179.106781	5000
2018-10-26T00:48:42.891Z	-15.049644	-179.101395	5000
2018-10-26T18:29:33.448Z	-15.070145	-179.105072	151200
2018-10-27T07:16:43.814Z	-15.08497	-179.107742	149400
2018-10-27T21:56:03.738Z	-15.101964	-179.110809	152000
2018-10-30T02:17:00.671Z	-15.162664	-179.121735	151200
2018-10-30T07:34:02.529Z	-15.168791	-179.122833	5000
2018-10-30T08:53:55.747Z	-15.181342	-179.132263	5000
2018-11-03T11:36:27.847Z	-15.289273	-179.190201	153100
2018-11-03T22:21:30.233Z	-15.301028	-179.196503	153800
2018-11-04T15:04:01.357Z	-15.319299	-179.206314	152500
2018-11-04T15:15:50.181Z	-15.319513	-179.206421	152700
2018-11-07T18:19:44.138Z	-15.401592	-179.250488	5000
2018-11-07T19:36:08.528Z	-15.390823	-179.248306	5000
2018-11-10T08:33:41.969Z	-15.455244	-179.310898	150600
2018-11-10T13:44:20.324Z	-15.460715	-179.316223	5000
2018-11-10T15:10:55.250Z	-15.455643	-179.31662	5000
2018-11-14T16:09:53.357Z	-15.452198	-179.387756	149400
2018-11-14T17:57:26.899Z	-15.452134	-179.389069	149000
2018-11-14T23:11:47.580Z	-15.451948	-179.392914	5000
2018-11-15T00:09:51.767Z	-15.44798	-179.393814	5000
2018-11-16T03:29:44.738Z	-15.436715	-179.397278	152600
2018-11-17T10:39:53.810Z	-15.423868	-179.401215	152800
2018-11-17T16:02:27.916Z	-15.421652	-179.401901	5000
2018-11-17T17:07:04.636Z	-15.419685	-179.388824	5000
2018-11-18T20:25:19.194Z	-15.415311	-179.37471	151700
2018-11-18T22:26:07.569Z	-15.414989	-179.373672	150100
2018-11-19T03:57:44.670Z	-15.414104	-179.370804	150500
2018-11-19T12:16:50.925Z	-15.41277	-179.366501	153300
2018-11-20T20:31:56.514Z	-15.407604	-179.349823	151400
2018-11-21T01:44:55.760Z	-15.406769	-179.347137	5000
2018-11-21T03:23:02.134Z	-15.395275	-179.351303	5000
2018-11-22T22:13:53.109Z	-15.392825	-179.306931	152700
2018-11-23T13:45:09.688Z	-15.391938	-179.290863	153100
2018-11-23T19:12:12.191Z	-15.391626	-179.285217	5000
2018-11-23T20:34:00.250Z	-15.385597	-179.284286	5000
2018-11-25T22:06:27.294Z	-15.376818	-179.291092	153100
2018-11-26T03:31:45.192Z	-15.375857	-179.29184	5000
2018-11-26T04:45:58.849Z	-15.374946	-179.300064	5000
2018-11-27T02:45:09.205Z	-15.385028	-179.312149	150500
2018-11-27T03:14:03.342Z	-15.385249	-179.312424	152100
2018-11-27T04:56:25.171Z	-15.386031	-179.313354	151100
2018-11-27T05:01:02.973Z	-15.386067	-179.3134	151100
2018-11-27T05:21:45.808Z	-15.386226	-179.313599	151400
2018-11-27T05:29:22.872Z	-15.386284	-179.31366	151600
2018-11-27T06:03:24.575Z	-15.386543	-179.31398	152200
2018-11-27T06:43:49.592Z	-15.386852	-179.314346	152500
2018-11-27T06:51:42.650Z	-15.386912	-179.314423	152600
2018-11-27T06:58:45.550Z	-15.386967	-179.314484	152900
2018-11-27T07:23:51.993Z	-15.387158	-179.314713	152800
2018-11-27T12:53:32.226Z	-15.389678	-179.317734	152100
2018-11-27T15:42:23.943Z	-15.390969	-179.319275	151600
2018-11-27T21:13:50.060Z	-15.393502	-179.322311	151500
2018-11-28T20:41:51.184Z	-15.404264	-179.33522	151900
2018-11-29T02:08:50.591Z	-15.406763	-179.338211	5000
2018-11-29T03:48:40.922Z	-15.407852	-179.367401	5000
2018-11-30T17:39:56.917Z	-15.43716	-179.387177	151800
2018-12-01T05:49:13.156Z	-15.446569	-179.393524	150800
2018-12-01T10:59:23.838Z	-15.450572	-179.396225	5000
2018-12-01T12:50:15.083Z	-15.471289	-179.408554	5000
2018-12-02T10:20:58.804Z	-15.494603	-179.419403	152500
2018-12-02T13:49:04.357Z	-15.498362	-179.421143	152300
2018-12-02T13:53:58.953Z	-15.49845	-179.421188	152000
2018-12-02T21:00:46.272Z	-15.50616	-179.424774	152000
2018-12-03T05:48:13.880Z	-15.515688	-179.429199	151100
2018-12-04T23:43:47.401Z	-15.561127	-179.450348	150700
2018-12-05T04:19:41.072Z	-15.56611	-179.452667	151300
2018-12-05T09:35:03.468Z	-15.571807	-179.455322	5000
2018-12-05T11:20:39.072Z	-15.581047	-179.471375	5000
2018-12-06T04:09:15.418Z	-15.587523	-179.475998	153400
2018-12-06T15:49:45.239Z	-15.592021	-179.479202	154200
2018-12-10T04:22:40.494Z	-15.624593	-179.502457	151800
2018-12-11T10:26:43.082Z	-15.636176	-179.510742	154100
2018-12-13T00:54:30.054Z	-15.650993	-179.521317	152600
2018-12-13T06:13:00.183Z	-15.653039	-179.522781	5000
2018-12-13T07:46:42.039Z	-15.676795	-179.511292	5000
2018-12-14T08:11:21.595Z	-15.686606	-179.517059	152100
2018-12-16T09:48:41.512Z	-15.706551	-179.528763	154000
2018-12-16T15:12:46.500Z	-15.708722	-179.530029	5000
2018-12-16T16:48:33.438Z	-15.710626	-179.51442	5000
2018-12-17T10:27:59.485Z	-15.710885	-179.507126	149100
2018-12-17T13:31:26.693Z	-15.71093	-179.505859	149600
2018-12-17T15:08:40.530Z	-15.710954	-179.505188	149800
2018-12-17T23:17:46.121Z	-15.711074	-179.501816	150700
2018-12-18T05:30:17.967Z	-15.711165	-179.499252	151500
2018-12-18T14:10:55.672Z	-15.711293	-179.495667	151400
2018-12-18T20:39:28.903Z	-15.711389	-179.492996	151900
2018-12-19T02:01:29.268Z	-15.711467	-179.490784	5000
2018-12-19T03:46:50.580Z	-15.708899	-179.483124	5000
2018-12-20T02:05:19.515Z	-15.699509	-179.473251	152100
2018-12-20T04:00:42.892Z	-15.698699	-179.472412	151900
2018-12-20T17:11:42.883Z	-15.693149	-179.466568	152800
2018-12-21T00:09:02.228Z	-15.690221	-179.463501	152100
2018-12-22T05:37:19.851Z	-15.677814	-179.450455	151800
2018-12-22T14:26:56.688Z	-15.674097	-179.446548	152200
2018-12-22T19:49:18.254Z	-15.671835	-179.444168	5000
2018-12-22T21:00:18.978Z	-15.670372	-179.452728	5000
2018-12-23T23:08:35.684Z	-15.649735	-179.461792	150600
2018-12-26T04:34:22.660Z	-15.607552	-179.480316	152000
2018-12-26T14:11:07.646Z	-15.599962	-179.483658	153300
2018-12-26T19:28:14.076Z	-15.595789	-179.485489	5000
2018-12-26T20:52:54.949Z	-15.587046	-179.489014	5000
2018-12-28T16:44:06.694Z	-15.535636	-179.554123	150100
2018-12-28T17:05:36.663Z	-15.535215	-179.554642	149900
2018-12-28T22:40:31.207Z	-15.528672	-179.562943	150900
2018-12-29T03:36:21.171Z	-15.522892	-179.570251	5000
2018-12-29T05:14:45.190Z	-15.522543	-179.585846	5000
2018-12-30T04:03:35.907Z	-15.495147	-179.615234	151700
2018-12-30T13:11:22.707Z	-15.484183	-179.626999	151400
2018-12-31T13:15:13.589Z	-15.455286	-179.658005	152200
2018-12-31T18:33:39.085Z	-15.448914	-179.664841	5000
2018-12-31T19:52:22.904Z	-15.453381	-179.668167	5000
2019-01-06T06:51:01.734Z	-15.428605	-179.954239	152500
2019-01-06T12:11:08.219Z	-15.427596	-179.965881	5000
2019-01-06T13:07:19.347Z	-15.434784	-179.965973	5000
2019-01-07T06:31:53.139Z	-15.445176	-179.982391	154100
2019-01-07T07:50:38.218Z	-15.44596	-179.983627	153400
2019-01-07T10:52:54.800Z	-15.447773	-179.986481	153500
2019-01-10T16:15:24.901Z	-15.493959	179.940536	152200
2019-01-11T05:58:42.230Z	-15.502151	179.927597	152300
2019-01-11T11:18:17.544Z	-15.50533	179.922577	5000
2019-01-11T12:46:15.951Z	-15.506522	179.906006	5000
2019-01-12T06:48:33.865Z	-15.501604	179.902222	151000
2019-01-12T16:22:24.290Z	-15.498997	179.900223	152400
2019-01-12T18:00:21.111Z	-15.498551	179.899872	153600
2019-01-13T10:29:10.359Z	-15.494058	179.896423	151300
2019-01-13T10:58:50.879Z	-15.493923	179.896317	151700
2019-01-13T13:16:45.253Z	-15.493297	179.895844	151500
2019-01-14T14:15:27.719Z	-15.486485	179.890594	151100
2019-01-14T19:34:37.100Z	-15.485036	179.889481	5000
2019-01-14T21:04:41.024Z	-15.476514	179.886902	5000
2019-01-15T18:08:08.447Z	-15.454281	179.868134	151400
2019-01-15T18:47:00.497Z	-15.453596	179.867554	151700
2019-01-18T13:19:39.323Z	-15.383336	179.808243	153900
2019-01-18T18:42:29.616Z	-15.377655	179.803452	5000
2019-01-18T19:49:34.540Z	-15.378124	179.804794	5000
2019-01-22T05:18:45.440Z	-15.259726	179.720398	150200
2019-01-22T10:35:18.725Z	-15.25206	179.714935	5000
2019-01-22T11:42:47.165Z	-15.262993	179.70578	5000
2019-01-24T06:53:50.343Z	-15.235141	179.674347	151300
2019-01-25T03:34:57.857Z	-15.2218	179.659302	152200
2019-01-26T19:56:46.528Z	-15.195767	179.629913	152100
2019-01-27T01:07:15.434Z	-15.19243	179.626144	5000
2019-01-27T02:28:07.537Z	-15.199162	179.613556	5000
2019-01-28T10:54:55.256Z	-15.184795	179.574234	150300
2019-01-28T15:59:59.184Z	-15.182545	179.568069	150400
2019-01-29T23:13:51.850Z	-15.168716	179.530212	151600
2019-01-30T04:37:05.394Z	-15.166331	179.523682	5000
2019-01-30T05:48:04.503Z	-15.169022	179.50061	5000
2019-01-31T09:37:17.364Z	-15.150301	179.480499	150200
2019-01-31T17:44:47.951Z	-15.144834	179.474625	151600
2019-02-02T07:01:47.825Z	-15.119744	179.447678	148600
2019-02-02T12:01:17.252Z	-15.116385	179.444061	5000
2019-02-02T13:17:44.141Z	-15.114354	179.441269	5000
2019-02-03T08:59:55.394Z	-15.109264	179.429901	151300
2019-02-04T15:19:33.080Z	-15.101431	179.412399	152500
2019-02-09T15:03:46.360Z	-15.070502	179.343307	150800
2019-02-09T20:17:53.296Z	-15.06915	179.340286	5000
2019-02-09T21:19:30.338Z	-15.073605	179.337494	5000
2019-02-15T13:40:48.109Z	-15.097212	179.25827	151300
2019-02-15T19:00:07.571Z	-15.098133	179.255188	5000
2019-02-15T20:00:35.615Z	-15.093248	179.253555	5000
2019-02-17T14:39:50.133Z	-15.081774	179.209579	153800
2019-02-17T18:03:23.234Z	-15.080861	179.206085	152700
2019-02-17T19:22:36.777Z	-15.080506	179.204727	153000
2019-02-21T06:34:43.372Z	-15.058123	179.118958	152300
2019-02-21T11:53:45.152Z	-15.056692	179.11348	5000
2019-02-21T13:07:37.039Z	-15.041577	179.114334	5000
2019-02-27T02:00:16.550Z	-14.928821	178.895309	150100
2019-02-27T07:19:22.627Z	-14.924307	178.886536	5000
2019-02-27T08:18:26.452Z	-14.916382	178.891556	5000
2019-03-07T17:51:21.502Z	-14.700161	178.631119	5000
2019-03-07T18:57:02.574Z	-14.693237	178.617966	5000
2019-03-10T08:12:12.599Z	-14.627833	178.528595	150600
2019-03-10T13:33:51.159Z	-14.622109	178.520782	5000
2019-03-10T14:38:36.592Z	-14.623024	178.512054	5000
2019-03-12T03:25:12.783Z	-14.59524	178.474762	153300
2019-03-16T19:11:16.617Z	-14.510802	178.361404	149100
2019-03-17T00:21:48.932Z	-14.506892	178.356155	5000
2019-03-17T01:31:00.190Z	-14.502143	178.345596	5000
2019-03-20T05:59:13.432Z	-14.437286	178.286057	150100
2019-03-20T13:22:33.675Z	-14.43102	178.280304	150400
2019-03-20T18:37:02.473Z	-14.426574	178.276215	5000
2019-03-20T19:52:07.782Z	-14.419885	178.261963	5000
2019-03-23T02:43:01.670Z	-14.388514	178.24437	152200
2019-03-23T07:52:39.884Z	-14.385562	178.242706	5000
2019-03-23T08:52:05.131Z	-14.382953	178.236435	5000
2019-03-27T06:24:29.118Z	-14.371304	178.231064	150100
2019-03-27T11:30:26.976Z	-14.370668	178.230774	5000
2019-03-27T12:36:45.500Z	-14.37361	178.224594	5000
2019-03-28T08:03:55.601Z	-14.378813	178.225311	146400
2019-03-31T15:39:53.704Z	-14.400101	178.228241	153100
2019-04-01T17:46:34.117Z	-14.407084	178.229218	147800
2019-04-01T22:49:08.520Z	-14.408432	178.229401	5000
2019-04-02T00:18:00.810Z	-14.410326	178.231628	5000
2019-04-06T22:01:55.415Z	-14.461401	178.243561	151400
2019-04-07T03:17:29.982Z	-14.463683	178.244095	5000
2019-04-07T04:13:29.655Z	-14.465764	178.247223	5000
2019-04-10T09:19:48.527Z	-14.533033	178.270477	151800
2019-04-12T12:23:58.185Z	-14.577588	178.285873	150200
2019-04-12T17:40:54.222Z	-14.582196	178.28746	5000
2019-04-12T18:49:47.677Z	-14.595927	178.283997	5000
2019-04-16T09:42:10.528Z	-14.64454	178.346863	150700
2019-04-16T14:53:10.739Z	-14.647441	178.350616	5000
2019-04-16T15:44:14.523Z	-14.648512	178.355621	5000
2019-04-18T07:27:07.557Z	-14.669653	178.387314	150800
2019-04-18T08:57:20.443Z	-14.670454	178.388519	150500
2019-04-19T23:02:42.379Z	-14.69073	178.4189	150600
2019-04-20T04:20:07.522Z	-14.693546	178.423126	5000
2019-04-20T05:16:27.365Z	-14.700104	178.425156	5000
2019-04-21T07:26:59.778Z	-14.715924	178.456543	152100
2019-04-22T12:30:20.056Z	-14.733485	178.491379	150200
2019-04-23T14:21:05.196Z	-14.749105	178.522369	150000
2019-04-23T19:31:14.000Z	-14.75223	178.52858	5000
2019-04-23T20:34:43.358Z	-14.748211	178.541031	5000
2019-04-24T23:18:14.296Z	-14.761676	178.590912	152700
2019-04-30T19:45:57.805Z	-14.832446	178.853134	150700
2019-05-01T00:53:56.671Z	-14.835032	178.862717	5000
2019-05-07T03:30:57.698Z	-14.930139	179.128998	5000
2019-05-09T23:58:03.393Z	-14.960682	179.236572	153900
2019-05-10T05:18:20.597Z	-14.963063	179.244965	5000
2019-05-10T06:04:09.494Z	-14.956613	179.2453	5000
2019-05-11T09:05:10.738Z	-14.982884	179.274323	152200
2019-05-12T02:47:31.820Z	-15.000101	179.293335	151500
2019-05-14T13:02:52.023Z	-15.05675	179.355911	153500
2019-05-14T18:24:53.917Z	-15.061969	179.361679	5000
2019-05-14T19:35:21.074Z	-15.053703	179.363937	5000
2019-05-19T01:24:37.102Z	-15.154939	179.455536	148500
2019-05-19T06:36:02.801Z	-15.160099	179.460205	5000
2019-05-19T07:36:35.298Z	-15.157347	179.457077	5000
2019-05-24T09:35:13.102Z	-15.224694	179.541611	150700
2019-05-25T10:32:12.510Z	-15.23847	179.558914	151400
2019-05-25T15:44:01.012Z	-15.241339	179.562515	5000
2019-05-25T16:36:22.898Z	-15.235408	179.557541	5000
2019-05-27T01:56:20.896Z	-15.233606	179.550766	151400
2019-05-27T09:28:23.829Z	-15.233199	179.54924	151400
2019-05-30T15:38:17.140Z	-15.228973	179.533386	151700
2019-05-30T20:55:09.886Z	-15.228688	179.532318	5000
2019-05-30T22:06:54.304Z	-15.222608	179.525925	5000
2019-06-02T10:37:09.585Z	-15.18917	179.471527	150700
2019-06-02T15:49:07.144Z	-15.186297	179.466858	5000
2019-06-02T16:55:50.793Z	-15.191665	179.46196	5000
2019-06-04T04:46:56.594Z	-15.168849	179.467422	149500
2019-06-11T02:09:17.625Z	-15.063607	179.492569	5000
2019-06-11T03:07:39.378Z	-15.071029	179.494186	5000
2019-06-14T07:54:00.655Z	-15.016831	179.482025	150900
2019-06-15T22:57:31.801Z	-14.989258	179.47583	150600
2019-06-16T04:20:30.166Z	-14.985457	179.474976	5000
2019-06-16T05:13:43.290Z	-14.992175	179.472748	5000
2019-06-17T00:54:05.032Z	-14.983326	179.468109	151400
2019-06-19T17:31:32.152Z	-14.954254	179.452881	150500
2019-06-19T22:43:30.952Z	-14.951916	179.45166	5000
2019-06-19T23:34:39.325Z	-14.955481	179.451355	5000
2019-06-24T03:00:37.805Z	-14.889366	179.431396	153400
2019-06-24T08:24:38.369Z	-14.885775	179.430313	5000
2019-06-24T09:16:16.822Z	-14.888043	179.425919	5000
2019-06-27T14:14:13.237Z	-14.842949	179.400665	152500
2019-06-27T19:28:35.308Z	-14.83988	179.398941	5000
2019-06-27T20:13:58.829Z	-14.836183	179.394272	5000
2019-07-01T17:07:04.505Z	-14.819861	179.324646	152100
2019-07-01T22:20:57.483Z	-14.818942	179.320724	5000
2019-07-01T23:26:16.608Z	-14.81817	179.318924	5000
2019-07-03T03:45:44.361Z	-14.824879	179.302887	150600
2019-07-07T15:16:51.381Z	-14.850346	179.242004	149300
2019-07-07T20:20:19.819Z	-14.851543	179.239136	5000
2019-07-07T21:31:41.657Z	-14.846766	179.238571	5000
2019-07-10T01:08:52.842Z	-14.838392	179.206573	148100
2019-07-10T06:02:31.030Z	-14.837599	179.203537	5000
2019-07-10T06:50:39.170Z	-14.83503	179.195633	5000
2019-07-14T09:18:43.206Z	-14.856273	179.200027	150900
2019-07-14T14:43:30.734Z	-14.857441	179.200272	5000
2019-07-14T15:35:38.212Z	-14.853501	179.193756	5000
2019-07-17T18:02:36.431Z	-14.896406	179.193527	152700
2019-07-17T23:14:36.314Z	-14.899403	179.193512	5000
2019-07-18T00:05:21.720Z	-14.894401	179.17865	5000
2019-07-23T19:27:59.474Z	-14.999777	179.237625	152200
2019-07-26T09:46:34.319Z	-15.046885	179.263992	5000
2019-07-26T10:37:53.129Z	-15.040546	179.258362	5000
2019-07-27T22:00:21.031Z	-15.082003	179.261414	150700
2019-07-29T23:43:57.149Z	-15.140279	179.265717	149300
2019-07-30T04:55:50.830Z	-15.146371	179.266159	5000
2019-07-30T05:50:46.436Z	-15.142647	179.256348	5000
2019-07-31T15:03:29.380Z	-15.183207	179.236084	151200
2019-08-06T22:15:16.538Z	-15.367852	179.143845	153100
2019-08-07T03:36:57.056Z	-15.3744	179.140579	5000
2019-08-07T04:37:33.597Z	-15.365106	179.129715	5000
2019-08-09T01:39:29.079Z	-15.390362	179.075134	150300
2019-08-12T17:20:47.219Z	-15.439541	178.968857	149600
2019-08-12T22:41:44.026Z	-15.442541	178.962372	5000
2019-08-12T23:36:49.024Z	-15.4382	178.945969	5000
2019-08-20T13:05:31.725Z	-15.514637	178.75354	151900
2019-08-20T18:18:44.173Z	-15.516835	178.748001	5000
2019-08-20T19:28:08.298Z	-15.523458	178.745163	5000
2019-08-22T15:29:37.493Z	-15.562659	178.695862	152000
2019-08-22T19:26:38.591Z	-15.566177	178.691437	151300
2019-08-23T00:33:22.469Z	-15.570729	178.685715	5000
2019-08-23T01:29:49.822Z	-15.580528	178.679291	5000
2019-08-24T15:52:44.099Z	-15.615189	178.656097	148900
2019-08-31T11:10:42.724Z	-15.762657	178.557434	5000
2019-08-31T12:01:52.976Z	-15.767427	178.565262	5000
2019-09-01T15:54:19.030Z	-15.79188	178.570953	148700
2019-09-01T17:18:32.468Z	-15.793111	178.571243	151100
2019-09-04T09:48:17.914Z	-15.84969	178.584412	153500
2019-09-04T15:13:55.155Z	-15.854451	178.585526	5000
2019-09-04T16:13:25.972Z	-15.850753	178.598404	5000
2019-09-06T15:29:01.119Z	-15.821431	178.603973	151800
2019-09-10T12:54:51.569Z	-15.763462	178.61496	152400
2019-09-10T20:06:57.201Z	-15.758994	178.615814	152800
2019-09-11T01:33:53.705Z	-15.755612	178.616455	5000
2019-09-11T02:30:17.834Z	-15.752005	178.614288	5000
2019-09-11T23:12:30.821Z	-15.753539	178.612213	152200
2019-09-19T12:17:18.826Z	-15.766964	178.594131	5000
2019-09-19T13:08:12.260Z	-15.765945	178.592285	5000
2019-09-20T08:28:14.129Z	-15.771022	178.5923	150900
2019-09-24T01:46:14.412Z	-15.794471	178.592361	150500
2019-09-24T06:53:09.634Z	-15.795814	178.592377	5000
2019-09-24T07:55:12.170Z	-15.803573	178.595947	5000
2019-09-25T23:54:15.523Z	-15.806498	178.594376	150000
2019-09-30T13:29:54.720Z	-15.814517	178.590057	151300
2019-09-30T18:46:02.011Z	-15.814902	178.589844	5000
2019-09-30T19:57:15.772Z	-15.822631	178.5896	5000
2019-10-05T00:38:38.612Z	-15.793624	178.609665	146500
2019-10-05T05:52:12.633Z	-15.792119	178.610703	5000
2019-10-05T06:43:31.737Z	-15.799292	178.61705	5000
2019-10-13T16:25:20.680Z	-15.777103	178.630173	5000
2019-10-13T17:12:45.654Z	-15.77931	178.630005	5000
2019-10-15T02:19:53.768Z	-15.769691	178.625076	152000
2019-10-15T03:09:53.557Z	-15.769449	178.624939	152400
2019-10-16T11:45:24.298Z	-15.759983	178.620087	150800
2019-10-16T16:56:30.349Z	-15.758477	178.619308	5000
2019-10-16T17:52:09.824Z	-15.761692	178.623077	5000
2019-10-18T13:25:46.188Z	-15.751181	178.596603	149800
2019-10-19T20:31:12.379Z	-15.743678	178.577713	153300
2019-10-21T02:53:04.449Z	-15.73635	178.559265	151200
2019-10-21T08:06:08.860Z	-15.735091	178.556091	5000
2019-10-21T09:07:26.626Z	-15.743006	178.553406	5000
2019-10-22T04:19:14.710Z	-15.742058	178.550888	151300
2019-10-24T06:03:13.816Z	-15.739602	178.544403	147300
2019-10-24T11:07:44.557Z	-15.739352	178.543747	5000
2019-10-24T12:02:33.020Z	-15.743926	178.538956	5000
2019-10-26T03:34:31.902Z	-15.743359	178.527679	152900
2019-10-29T01:13:05.627Z	-15.742358	178.507812	152700
2019-10-29T06:38:58.570Z	-15.74228	178.506271	5000
2019-10-29T07:30:18.679Z	-15.755421	178.500595	5000
2019-10-31T02:08:43.021Z	-15.743915	178.473465	149600
2019-11-04T22:43:42.178Z	-15.712455	178.399277	152700
2019-11-05T03:58:37.463Z	-15.711038	178.395935	5000
2019-11-05T04:55:22.803Z	-15.716454	178.389496	5000
2019-11-05T23:18:21.548Z	-15.703212	178.368408	154900
2019-11-06T00:40:02.816Z	-15.702231	178.366852	150800
2019-11-08T10:44:54.424Z	-15.660395	178.300201	151700
2019-11-08T15:51:54.586Z	-15.656709	178.294327	5000
2019-11-08T16:48:36.589Z	-15.657948	178.295303	5000
2019-11-11T09:32:47.840Z	-15.613148	178.187912	148200
2019-11-11T14:45:57.119Z	-15.609535	178.179245	5000
2019-11-11T15:38:07.812Z	-15.610829	178.179565	5000
2019-11-12T12:40:36.793Z	-15.607367	178.147507	148200
2019-11-13T07:21:48.460Z	-15.604292	178.119019	150500
2019-11-14T13:23:31.730Z	-15.599351	178.073242	149000
2019-11-14T18:33:57.494Z	-15.598499	178.065353	5000
2019-11-14T19:28:05.214Z	-15.599463	178.067032	5000
2019-11-17T12:13:32.326Z	-15.587539	177.970947	152000
2019-11-17T17:21:31.476Z	-15.586594	177.963333	5000
2019-11-17T18:08:07.790Z	-15.588347	177.962738	5000
2019-11-21T04:27:20.754Z	-15.592693	177.81369	150400
2019-11-21T09:43:34.579Z	-15.592972	177.804153	5000
2019-11-21T10:37:38.230Z	-15.602177	177.806122	5000
2019-11-26T14:24:27.011Z	-15.666374	177.646347	151200
2019-11-26T19:38:17.569Z	-15.669087	177.639587	5000
2019-11-26T20:24:13.852Z	-15.672726	177.636124	5000
2019-11-30T19:53:34.780Z	-15.702722	177.51799	150800
2019-12-04T20:10:22.323Z	-15.732965	177.398865	151700
2019-12-05T01:32:42.856Z	-15.734653	177.392212	5000
2019-12-05T02:25:48.233Z	-15.733417	177.38768	5000
2019-12-09T05:37:53.887Z	-15.710705	177.289139	149500
2019-12-09T10:45:12.296Z	-15.709533	177.284058	5000
2019-12-09T11:46:56.312Z	-15.709103	177.280228	5000
2019-12-10T08:41:45.069Z	-15.708064	177.264938	152400
2019-12-14T04:58:22.639Z	-15.703482	177.197525	152400
2019-12-14T10:15:55.445Z	-15.703219	177.193665	5000
2019-12-14T11:18:37.542Z	-15.699701	177.192749	5000
2019-12-15T06:19:58.557Z	-15.699188	177.180847	154600
2019-12-16T03:40:43.061Z	-15.698613	177.167496	157400
2019-12-16T14:57:20.373Z	-15.698309	177.160446	160100
2019-12-16T20:41:53.505Z	-15.698154	177.156845	5000
2019-12-16T21:57:46.609Z	-15.714687	177.144714	5000
2019-12-17T14:54:56.932Z	-15.725756	177.133728	152600
2019-12-17T17:12:50.358Z	-15.727256	177.132248	152600
2019-12-17T20:33:23.178Z	-15.729438	177.130081	154900
2019-12-18T12:20:33.885Z	-15.739744	177.119858	150300
2019-12-19T04:50:25.871Z	-15.750516	177.109177	152900
2019-12-19T10:05:48.590Z	-15.753947	177.105774	5000
2019-12-19T11:05:37.835Z	-15.752395	177.111404	5000
2019-12-21T03:05:27.010Z	-15.75905	177.099045	152800
2019-12-21T16:10:31.453Z	-15.761228	177.095001	154600
2019-12-21T21:36:09.088Z	-15.762131	177.093323	5000
2019-12-21T22:27:53.672Z	-15.756365	177.090927	5000
2019-12-27T20:42:40.102Z	-15.742318	177.137695	175200
2019-12-28T02:30:39.889Z	-15.741745	177.139603	5000
2019-12-28T03:20:13.984Z	-15.735062	177.136551	5000
2020-01-05T07:20:43.692Z	-15.858315	177.475662	149400
2020-01-05T12:21:48.681Z	-15.86147	177.484344	5000
2020-01-05T13:25:26.756Z	-15.866419	177.487213	5000
2020-01-09T03:59:36.038Z	-15.836898	177.637558	152300
2020-01-09T09:10:19.068Z	-15.835132	177.646561	5000
2020-01-09T10:07:50.084Z	-15.840805	177.643433	5000
2020-01-10T22:56:30.137Z	-15.679161	177.551041	77100
2020-01-17T17:08:53.271Z	-14.966886	177.143921	5000
2020-01-17T18:04:38.812Z	-14.967585	177.141953	5000
2020-01-26T01:07:06.646Z	-15.130618	177.017258	5000
2020-01-26T02:10:21.005Z	-15.129283	177.00676	5000
2020-01-27T05:04:16.822Z	-15.007681	176.908508	73600
2020-01-29T13:51:54.943Z	-14.750932	176.701065	77600
2020-01-29T16:31:35.909Z	-14.7389	176.691345	5000
2020-01-29T17:24:11.900Z	-14.745394	176.688248	5000
2020-01-31T13:54:24.988Z	-14.783007	176.482513	75200
2020-02-05T18:20:27.084Z	-14.888173	175.907288	76900
2020-02-05T21:04:50.461Z	-14.89049	175.894623	5000
2020-02-05T22:00:33.029Z	-14.896065	175.891647	5000
2020-02-09T10:27:21.127Z	-15.133986	175.94252	76300
2020-02-09T13:10:58.121Z	-15.141669	175.944153	5000
2020-02-09T14:05:19.548Z	-15.145325	175.94101	5000
2020-02-11T11:07:55.031Z	-15.062488	176.057327	78100
2020-02-12T14:57:51.382Z	-15.011302	176.129196	77000
2020-02-12T17:35:07.383Z	-15.006482	176.135971	5000
2020-02-12T18:31:49.943Z	-15.003264	176.128647	5000
2020-02-15T09:38:50.054Z	-14.696537	176.009308	75300
2020-02-15T12:18:24.646Z	-14.683612	176.004272	5000
2020-02-15T13:09:52.996Z	-14.689397	175.991104	5000
2020-02-23T20:15:55.934Z	-14.774702	175.284866	5000
2020-02-23T21:17:14.235Z	-14.775203	175.277969	5000
2020-02-25T02:07:35.440Z	-14.773493	175.321426	76800
2020-02-26T10:44:48.461Z	-14.771558	175.370575	76900
2020-02-26T13:28:38.437Z	-14.771396	175.374695	5000
2020-02-26T14:22:26.383Z	-14.77069	175.371124	5000
2020-03-01T18:13:37.522Z	-14.303591	175.339523	75200
2020-03-01T20:51:36.614Z	-14.291274	175.338699	5000
2020-03-01T21:47:02.807Z	-14.29194	175.330475	5000
2020-03-10T04:59:41.876Z	-14.108364	174.535233	5000
2020-03-10T06:04:28.092Z	-14.115546	174.538467	5000
2020-03-14T10:03:30.819Z	-14.310073	174.496033	78500
2020-03-14T12:35:43.715Z	-14.315008	174.494949	5000
2020-03-14T13:41:32.888Z	-14.323244	174.494736	5000
2020-03-17T16:08:01.628Z	-14.135265	174.48262	76600
2020-03-17T18:49:41.018Z	-14.128462	174.482178	5000
2020-03-17T19:43:43.304Z	-14.131946	174.482956	5000
2020-03-21T18:28:25.243Z	-14.113576	174.139435	76400
2020-03-21T21:10:50.425Z	-14.113051	174.129623	5000
2020-03-21T22:01:24.409Z	-14.118926	174.131363	5000
2020-03-23T20:34:49.723Z	-14.228321	174.174271	76900
2020-03-25T02:58:18.611Z	-14.299731	174.202271	77500
2020-03-25T05:43:09.719Z	-14.306188	174.204803	5000
2020-03-25T06:42:58.555Z	-14.30993	174.197632	5000
2020-03-28T17:48:23.366Z	-13.988705	174.232864	75000
2020-03-28T20:29:37.414Z	-13.978316	174.233994	5000
2020-03-28T21:23:01.568Z	-13.976491	174.236786	5000
2020-04-06T04:19:31.235Z	-14.023786	174.094162	5000
2020-04-06T05:23:05.378Z	-14.025338	174.090286	5000
2020-04-14T01:09:29.518Z	-13.852967	173.870636	78000
2020-04-14T03:55:50.314Z	-13.850422	173.867401	5000
2020-04-14T04:58:51.045Z	-13.847903	173.860764	5000
2020-04-16T05:29:23.558Z	-13.790768	173.935394	78100
2020-04-16T08:13:44.804Z	-13.787541	173.939606	5000
2020-04-16T09:05:47.898Z	-13.780403	173.93544	5000
2020-04-18T08:32:30.665Z	-13.651949	173.889099	77400
2020-04-19T16:51:13.594Z	-13.564467	173.857544	77100
2020-04-20T00:34:32.873Z	-13.54356	173.849991	77800
2020-04-20T20:01:25.088Z	-13.490907	173.831009	77300
2020-04-20T22:49:20.025Z	-13.48333	173.828262	5000
2020-04-20T23:59:22.302Z	-13.491758	173.825867	5000
2020-04-22T13:00:54.767Z	-13.548142	173.739304	73600
2020-04-22T22:33:07.740Z	-13.562665	173.71701	73400
2020-04-23T21:55:33.900Z	-13.59826	173.662369	75100
2020-04-24T18:45:35.756Z	-13.629986	173.613678	75500
2020-04-24T21:28:52.988Z	-13.63413	173.607315	5000
2020-04-24T22:40:04.027Z	-13.636894	173.605499	5000
2020-05-03T05:37:00.826Z	-13.348095	173.596115	5000
2020-05-03T06:31:40.589Z	-13.352008	173.598053	5000
2020-05-06T14:00:13.784Z	-13.477203	173.506653	76400
2020-05-06T16:34:18.830Z	-13.481249	173.503708	5000
2020-05-06T17:24:50.719Z	-13.493823	173.501419	5000
2020-05-12T22:41:21.241Z	-13.328421	173.763672	76500
2020-05-13T01:21:45.571Z	-13.325459	173.768372	5000
2020-05-13T02:21:43.859Z	-13.32104	173.760788	5000
2020-05-13T20:11:50.979Z	-13.272653	173.757812	77200
2020-05-16T03:15:40.912Z	-13.123262	173.748657	77900
2020-05-16T05:59:25.459Z	-13.115858	173.748199	5000
2020-05-16T06:53:10.707Z	-13.121195	173.741135	5000
2020-05-24T14:04:00.714Z	-12.728776	173.564194	5000
2020-05-24T15:04:38.982Z	-12.732649	173.558212	5000
2020-05-26T22:52:28.453Z	-12.743534	173.486877	77700
2020-05-27T07:09:24.495Z	-12.74515	173.476288	76200
2020-05-29T11:08:15.688Z	-12.75529	173.409836	77400
2020-05-29T13:53:41.704Z	-12.755828	173.406311	5000
2020-05-29T14:49:33.133Z	-12.758994	173.403366	5000
2020-06-03T09:33:37.913Z	-12.749468	173.446014	77400
2020-06-03T12:13:46.331Z	-12.749246	173.447006	5000
2020-06-03T13:23:48.815Z	-12.755887	173.448898	5000
2020-06-05T06:21:32.934Z	-12.717419	173.45546	76500
2020-06-06T10:55:24.389Z	-12.690593	173.460037	78300
2020-06-06T13:38:10.647Z	-12.688045	173.460464	5000
2020-06-06T14:34:21.339Z	-12.695498	173.464844	5000
2020-06-07T19:40:47.570Z	-12.674143	173.468796	74800
2020-06-10T04:30:24.909Z	-12.63245	173.476486	76100
2020-06-10T07:12:58.058Z	-12.630463	173.476868	5000
2020-06-10T08:21:24.757Z	-12.635389	173.473236	5000
2020-06-18T15:23:20.095Z	-12.589272	173.539642	5000
2020-06-18T16:21:04.665Z	-12.59775	173.545853	5000
2020-06-19T10:08:30.048Z	-12.586977	173.582077	72900
2020-06-26T23:13:26.856Z	-12.47733	173.950806	5000
2020-06-27T00:23:29.690Z	-12.475742	173.946579	5000
2020-07-05T07:30:19.715Z	-12.101387	174.642807	5000
2020-07-05T08:43:34.944Z	-12.104356	174.64241	5000
2020-07-13T15:41:08.570Z	-12.099485	175.106705	5000
2020-07-13T16:30:27.736Z	-12.105545	175.105042	5000
2020-07-17T02:54:23.938Z	-12.189735	175.189346	77400
2020-07-17T05:41:58.885Z	-12.19259	175.1922	5000
2020-07-17T06:34:50.693Z	-12.194047	175.186554	5000
2020-07-18T15:33:58.460Z	-12.240826	175.230789	75600
2020-07-19T02:48:22.918Z	-12.256766	175.245865	74400
2020-07-20T11:49:25.385Z	-12.303591	175.290146	76100
2020-07-20T14:23:56.034Z	-12.307242	175.293594	5000
2020-07-20T15:19:40.496Z	-12.310828	175.299728	5000
2020-07-21T20:57:08.688Z	-12.373386	175.36055	76100
2020-07-28T22:26:50.922Z	-12.731306	175.708496	5000
2020-07-28T23:13:09.780Z	-12.729209	175.700348	5000
2020-08-03T00:58:59.014Z	-12.679167	176.00415	78700
2020-08-03T03:42:10.250Z	-12.678048	176.010925	5000
2020-08-03T04:56:50.840Z	-12.682225	175.996521	5000
2020-08-04T16:32:19.954Z	-12.622188	176.073837	79200
2020-08-05T12:06:10.609Z	-12.589186	176.116333	77800
2020-08-05T14:49:18.070Z	-12.584599	176.122253	5000
2020-08-05T15:46:23.689Z	-12.590409	176.115646	5000
2020-08-13T22:49:24.931Z	-12.148728	176.30481	5000
2020-08-13T23:41:08.429Z	-12.149865	176.298187	5000
2020-08-18T22:39:42.183Z	-12.041479	176.504074	78400
2020-08-19T01:26:07.078Z	-12.038953	176.508865	5000
2020-08-19T02:22:51.114Z	-12.044271	176.509949	5000
2020-08-19T21:03:05.624Z	-12.034627	176.558945	77600
2020-08-21T04:16:34.580Z	-12.018499	176.640869	75100
2020-08-21T07:01:54.295Z	-12.017076	176.648102	5000
2020-08-21T07:52:56.914Z	-12.017117	176.645386	5000
2020-08-28T01:57:06.396Z	-12.13532	177.002426	78500
2020-08-28T04:47:39.450Z	-12.137393	177.008682	5000
2020-08-28T05:39:20.414Z	-12.140362	177.006821	5000
2020-09-05T12:32:00.308Z	-12.372049	176.971039	5000
2020-09-05T13:18:28.902Z	-12.372174	176.967712	5000
2020-09-06T14:56:55.920Z	-12.392365	176.93399	74100
2020-09-09T22:56:06.079Z	-12.455347	176.828796	75500
2020-09-10T01:38:04.735Z	-12.457473	176.825241	5000
2020-09-10T02:31:56.960Z	-12.455091	176.835159	5000
2020-09-12T02:37:45.507Z	-12.49579	176.763229	78300
2020-09-12T05:22:29.222Z	-12.498113	176.759125	5000
2020-09-12T06:18:59.102Z	-12.498489	176.756897	5000
2020-09-15T04:11:51.627Z	-12.542071	176.668503	77800
2020-09-15T06:59:21.968Z	-12.543812	176.664963	5000
2020-09-15T07:58:32.806Z	-12.541924	176.654434	5000
2020-09-23T14:37:57.917Z	-12.580521	176.530533	5000
2020-09-23T15:48:34.668Z	-12.585091	176.5327	5000
2020-10-01T00:19:50.051Z	-12.52169	176.415466	78800
2020-10-01T01:14:47.187Z	-12.521361	176.414856	77400
2020-10-01T03:51:55.187Z	-12.520421	176.413116	5000
2020-10-01T04:44:51.218Z	-12.521408	176.404099	5000
2020-10-06T10:12:04.476Z	-12.500278	176.304871	74200
2020-10-06T12:49:15.314Z	-12.499836	176.302795	5000
2020-10-06T14:10:52.815Z	-12.512476	176.293793	5000
2020-10-07T22:09:05.698Z	-12.489504	176.230865	77300
2020-10-14T21:09:39.261Z	-12.3695	175.902084	5000
2020-10-14T22:14:53.648Z	-12.376222	175.909195	5000
2020-10-19T21:04:33.765Z	-12.271856	175.860703	75300
2020-10-19T23:44:58.713Z	-12.269508	175.859619	5000
2020-10-20T00:35:11.754Z	-12.273133	175.857681	5000
2020-10-22T08:25:12.069Z	-12.206536	175.893845	74200
2020-10-22T11:06:31.150Z	-12.203329	175.895599	5000
2020-10-22T11:56:41.400Z	-12.208801	175.888535	5000
2020-10-28T14:13:26.028Z	-12.110178	176.099899	75400
2020-10-28T16:58:35.160Z	-12.108322	176.103882	5000
2020-10-28T18:07:08.964Z	-12.104074	176.092819	5000
2020-11-03T08:19:38.141Z	-12.157572	176.351807	75400
2020-11-03T11:04:10.816Z	-12.158665	176.357101	5000
2020-11-03T11:59:07.643Z	-12.161713	176.358765	5000
2020-11-11T00:49:17.650Z	-12.234638	176.595596	76400
2020-11-11T03:24:37.631Z	-12.235682	176.598984	5000
2020-11-11T04:30:10.415Z	-12.243517	176.595886	5000
2020-11-12T14:34:45.436Z	-12.248326	176.651749	75400
2020-11-14T11:13:09.365Z	-12.254626	176.724945	74700
2020-11-14T13:48:57.928Z	-12.254992	176.729202	5000
2020-11-14T15:04:02.430Z	-12.25196	176.721436	5000
2020-11-22T05:18:13.258Z	-12.436188	176.803726	74700
2020-11-22T07:55:17.184Z	-12.438834	176.804916	5000
2020-11-22T09:05:04.642Z	-12.449006	176.796036	5000
2020-11-29T09:02:18.936Z	-12.460866	176.694748	75600
2020-11-29T11:42:19.764Z	-12.461054	176.693146	5000
2020-11-29T12:50:21.373Z	-12.466253	176.680817	5000
2020-11-30T23:03:02.550Z	-12.44258	176.718155	75900
2020-12-07T05:26:24.124Z	-12.338514	176.882309	76100
2020-12-07T08:06:05.479Z	-12.336673	176.885223	5000
2020-12-07T09:02:41.862Z	-12.334608	176.886963	5000
2020-12-10T20:45:11.035Z	-12.322556	176.978149	76100
2020-12-10T23:29:42.837Z	-12.322162	176.98114	5000
2020-12-11T00:19:10.426Z	-12.321002	176.98732	5000
2020-12-14T01:58:16.447Z	-12.303177	177.051773	73800
2020-12-14T04:33:54.654Z	-12.302549	177.054047	5000
2020-12-14T05:24:57.675Z	-12.307344	177.061829	5000
2020-12-22T12:36:12.649Z	-12.209096	177.253738	5000
2020-12-22T13:30:59.238Z	-12.214593	177.246597	5000
2020-12-24T23:52:19.338Z	-12.177547	177.273941	78200
2020-12-25T02:41:49.037Z	-12.175754	177.275269	5000
2020-12-25T03:46:44.915Z	-12.182992	177.277756	5000
2020-12-26T00:57:29.166Z	-12.200841	177.298126	77000
2020-12-30T06:18:32.104Z	-12.28626	177.395615	78500
2020-12-30T09:01:57.864Z	-12.288555	177.398224	5000
2020-12-30T10:12:10.262Z	-12.288088	177.403091	5000
2020-12-31T14:44:37.504Z	-12.339211	177.429169	72900
2021-01-06T16:55:33.457Z	-12.601055	177.562714	77100
2021-01-06T19:37:59.440Z	-12.605905	177.565186	5000
2021-01-06T20:45:24.383Z	-12.604718	177.557861	5000
2021-01-08T00:30:57.461Z	-12.648337	177.606323	76100
2021-01-08T05:02:04.616Z	-12.655437	177.614212	75800
2021-01-15T04:00:27.309Z	-12.917809	177.905701	5000
2021-01-15T04:53:31.811Z	-12.9228	177.904953	5000
2021-01-20T05:01:38.544Z	-13.077949	178.425705	78800
2021-01-20T07:51:44.505Z	-13.08161	178.437988	5000
2021-01-20T08:51:35.884Z	-13.083677	178.432938	5000
2021-01-21T12:30:45.563Z	-13.117909	178.550827	76600
2021-01-23T11:48:36.941Z	-13.176459	178.752457	78100
2021-01-23T14:38:07.065Z	-13.179956	178.764496	5000
2021-01-23T15:35:10.387Z	-13.184305	178.771164	5000
2021-01-31T22:40:50.628Z	-13.231058	179.158066	5000
2021-01-31T23:24:33.472Z	-13.239937	179.16394	5000
2021-02-04T12:15:50.742Z	-13.095594	179.147949	73600
2021-02-04T14:55:54.062Z	-13.091056	179.147461	5000
2021-02-04T15:44:52.707Z	-13.083186	179.155289	5000
2021-02-07T02:25:29.953Z	-12.994479	179.092178	76400
2021-02-08T08:08:33.928Z	-12.949553	179.060211	76900
2021-02-08T10:53:11.025Z	-12.945405	179.057251	5000
2021-02-08T11:48:11.833Z	-12.939801	179.070496	5000
2021-02-10T13:21:26.412Z	-12.883144	179.018112	74000
2021-02-10T15:59:17.049Z	-12.880136	179.01532	5000
2021-02-10T16:51:44.670Z	-12.883586	179.016617	5000
2021-02-13T14:16:22.900Z	-12.795022	178.821594	76100
2021-02-13T16:58:48.000Z	-12.791569	178.813995	5000
2021-02-13T18:04:57.000Z	-12.798541	178.822205	5000
2021-02-16T00:50:41.558Z	-12.738928	178.793381	76500
2021-02-16T03:35:18.772Z	-12.735941	178.791931	5000
2021-02-16T04:32:55.994Z	-12.737884	178.795975	5000
2021-02-24T11:29:22.541Z	-12.706059	178.678711	5000
2021-02-24T12:20:48.073Z	-12.70361	178.682373	5000
2021-02-27T02:13:11.670Z	-12.577572	178.662964	76100
2021-02-27T05:01:02.806Z	-12.571873	178.662094	5000
2021-02-27T05:58:59.427Z	-12.57188	178.656693	5000
2021-03-03T08:26:46.806Z	-12.329535	178.604721	76700
2021-03-03T11:06:17.725Z	-12.322992	178.603333	5000
2021-03-03T12:03:16.332Z	-12.324711	178.60704	5000
2021-03-04T13:31:23.922Z	-12.257908	178.573318	76300
2021-03-04T16:54:12.277Z	-12.249043	178.568848	76100
2021-03-04T17:43:56.924Z	-12.246867	178.567749	76100
2021-03-04T19:31:05.255Z	-12.242184	178.565384	76300
2021-03-04T23:15:26.078Z	-12.232377	178.560425	77800
2021-03-05T00:30:51.580Z	-12.229079	178.558762	77200
2021-03-05T02:33:05.267Z	-12.223736	178.556076	76100
2021-03-05T08:16:24.220Z	-12.208728	178.548492	76600
2021-03-05T14:27:35.433Z	-12.192501	178.540298	77100
2021-03-05T17:08:23.489Z	-12.185472	178.536758	5000
2021-03-05T18:46:15.995Z	-12.181549	178.538696	5000
2021-03-06T12:07:42.987Z	-12.155252	178.531555	72900
2021-03-06T13:14:24.800Z	-12.153568	178.531113	73200
2021-03-07T16:51:33.604Z	-12.111727	178.51976	74500
2021-03-09T19:57:48.093Z	-12.034307	178.498764	75100
2021-03-09T22:37:27.687Z	-12.030274	178.497665	5000
2021-03-09T23:48:08.914Z	-12.031999	178.501709	5000
2021-03-10T20:13:06.573Z	-12.002978	178.494797	75100
2021-03-12T00:04:37.275Z	-11.963378	178.485352	76300
2021-03-12T02:45:28.849Z	-11.959567	178.484451	5000
2021-03-12T03:38:09.808Z	-11.965266	178.487411	5000
2021-03-13T14:07:54.966Z	-11.923845	178.491806	77000
2021-03-13T15:52:34.749Z	-11.92175	178.492035	76900
2021-03-13T21:24:18.447Z	-11.915112	178.492737	77300
2021-03-15T00:15:24.174Z	-11.88287	178.49614	76700
2021-03-15T02:58:44.283Z	-11.879601	178.49649	5000
2021-03-15T04:14:17.470Z	-11.881884	178.488693	5000
2021-03-16T09:09:11.855Z	-11.840574	178.518341	73400
2021-03-20T09:18:33.384Z	-11.703202	178.616913	75700
2021-03-20T11:57:46.092Z	-11.699411	178.619629	5000
2021-03-20T12:52:49.608Z	-11.706314	178.619034	5000
2021-03-21T22:36:45.965Z	-11.656368	178.667633	76700
2021-03-22T19:51:44.986Z	-11.624905	178.698257	77600
2021-03-22T22:34:50.492Z	-11.62088	178.702179	5000
2021-03-22T23:30:46.149Z	-11.628951	178.700851	5000
2021-03-31T06:36:07.763Z	-11.672192	179.035187	5000
2021-03-31T07:28:15.600Z	-11.674939	179.030457	5000
2021-04-01T15:12:09.895Z	-11.68569	179.054779	75400
2021-04-03T18:48:54.303Z	-11.703176	179.094345	76300
2021-04-03T21:29:51.312Z	-11.704085	179.096405	5000
2021-04-03T22:29:59.331Z	-11.700862	179.097061	5000
2021-04-05T08:11:42.667Z	-11.721806	179.120712	78000
2021-04-07T09:56:01.460Z	-11.75272	179.15564	75100
2021-04-07T12:45:54.535Z	-11.75448	179.157623	5000
2021-04-07T13:55:58.895Z	-11.758415	179.152039	5000
2021-04-09T11:24:32.133Z	-11.785042	179.140152	78900
2021-04-13T19:20:14.613Z	-11.845893	179.113007	77400
2021-04-13T22:05:05.210Z	-11.847502	179.112274	5000
2021-04-13T23:00:36.536Z	-11.846473	179.111908	5000
2021-04-15T03:19:43.193Z	-11.853212	179.102264	73000
2021-04-16T09:35:48.334Z	-11.860416	179.091965	77100
2021-04-16T12:15:33.325Z	-11.86105	179.091064	5000
2021-04-16T13:09:47.959Z	-11.864536	179.092972	5000
2021-04-23T02:15:46.380Z	-11.858437	179.031982	77700
2021-04-23T05:03:55.571Z	-11.858327	179.030899	5000
2021-04-23T05:54:56.629Z	-11.860976	179.030441	5000
2021-04-23T23:12:26.804Z	-11.860449	179.031693	77600
2021-04-24T00:23:58.164Z	-11.860413	179.031769	77700
2021-04-25T22:28:49.173Z	-11.859006	179.03508	77600
2021-04-26T01:11:42.920Z	-11.858923	179.035278	5000
2021-04-26T02:18:42.581Z	-11.861959	179.030716	5000
2021-04-29T06:53:07.093Z	-11.855673	179.045547	77200
2021-04-29T09:43:04.269Z	-11.85544	179.046097	5000
2021-04-29T10:32:01.320Z	-11.862009	179.046967	5000
2021-05-02T10:13:49.177Z	-11.84543	179.073776	75600
2021-05-02T12:52:02.748Z	-11.844821	179.074768	5000
2021-05-02T13:50:11.566Z	-11.850855	179.076797	5000
2021-05-07T23:35:27.354Z	-11.781076	179.145081	76700
2021-05-08T02:21:36.146Z	-11.779588	179.14653	5000
2021-05-08T03:19:38.644Z	-11.776001	179.140167	5000
2021-05-13T13:31:21.769Z	-11.69926	179.222717	75200
2021-05-13T16:15:05.281Z	-11.697652	179.224457	5000
2021-05-13T17:10:58.415Z	-11.693933	179.219086	5000
2021-05-15T21:34:23.495Z	-11.684283	179.254349	74100
2021-05-16T00:17:14.285Z	-11.683784	179.25618	5000
2021-05-16T01:08:28.684Z	-11.684959	179.25087	5000
2021-05-21T22:13:12.937Z	-11.661069	179.37323	75400
2021-05-22T00:50:16.662Z	-11.660625	179.375504	5000
2021-05-22T01:59:05.891Z	-11.663517	179.372833	5000
2021-05-22T21:33:04.985Z	-11.669563	179.373306	76500
2021-05-25T21:37:10.514Z	-11.691836	179.375092	75400
2021-05-26T00:19:34.569Z	-11.692673	179.375153	5000
2021-05-26T01:17:26.925Z	-11.699095	179.382141	5000
2021-05-30T03:55:21.078Z	-11.711665	179.374969	75200
2021-05-30T06:34:08.521Z	-11.712003	179.374786	5000
2021-05-30T07:24:24.666Z	-11.714252	179.362549	5000
2021-06-01T06:08:15.279Z	-11.746235	179.406281	74100
2021-06-10T02:16:59.155Z	-11.891434	179.604813	5000
2021-06-10T03:12:59.405Z	-11.898415	179.594772	5000
2021-06-20T22:19:14.504Z	-12.08345	179.878021	5000
2021-06-20T23:14:02.498Z	-12.085057	179.865463	5000
2021-07-01T18:18:57.169Z	-12.290648	179.964035	5000
2021-07-01T19:27:03.523Z	-12.295216	179.963684	5000
2021-07-12T14:18:00.599Z	-12.658104	179.890305	5000
2021-07-12T15:22:51.586Z	-12.658596	179.887466	5000
2021-07-17T03:24:08.445Z	-12.721017	179.828995	78300
2021-07-23T10:31:25.406Z	-12.808343	179.747192	5000
2021-07-23T11:38:56.286Z	-12.812216	179.733078	5000
2021-07-26T06:29:48.097Z	-12.842067	179.691544	77300
2021-07-26T09:14:49.857Z	-12.843295	179.689835	5000
2021-07-26T10:10:27.665Z	-12.843587	179.679855	5000
2021-08-04T06:02:18.209Z	-12.907136	179.526993	76600
2021-08-04T08:45:50.769Z	-12.907953	179.525024	5000
2021-08-04T09:38:15.376Z	-12.904229	179.519165	5000
2021-08-12T03:47:01.382Z	-12.852309	179.368698	77000
2021-08-15T04:50:17.213Z	-12.831933	179.309631	5000
2021-08-15T05:51:11.414Z	-12.83385	179.294342	5000
2021-08-26T00:37:21.744Z	-12.79262	179.054092	5000
2021-08-26T01:25:00.752Z	-12.791883	179.046371	5000
2021-08-31T10:05:00.789Z	-12.719454	178.932632	77100
2021-08-31T12:41:30.581Z	-12.717985	178.930313	5000
2021-08-31T13:33:29.953Z	-12.717875	178.92601	5000
2021-09-11T08:32:10.020Z	-12.650852	178.853973	5000
2021-09-11T09:27:15.817Z	-12.658186	178.844574	5000
2021-09-22T04:35:16.249Z	-12.511943	179.080292	5000
2021-09-22T05:28:03.572Z	-12.517694	179.077316	5000
2021-10-02T06:29:58.233Z	-12.583632	179.378281	75300
2021-10-02T09:08:18.876Z	-12.584353	179.381577	5000
2021-10-02T10:05:49.879Z	-12.580537	179.385803	5000
2021-10-09T10:59:06.979Z	-12.810073	179.501205	74800
2021-10-09T13:35:54.180Z	-12.813624	179.502991	5000
2021-10-09T14:28:16.715Z	-12.816627	179.497345	5000
2021-10-15T02:48:10.520Z	-12.936648	179.613297	77000
2021-10-15T05:27:57.443Z	-12.939064	179.615631	5000
2021-10-15T06:42:49.439Z	-12.944592	179.612183	5000
2021-10-21T08:11:54.472Z	-13.065742	179.659698	78400
2021-10-21T10:55:14.321Z	-13.068009	179.660583	5000
2021-10-21T11:46:58.798Z	-13.073684	179.653732	5000
2021-11-01T06:59:59.285Z	-12.89383	179.81044	5000
2021-11-01T07:54:01.231Z	-12.898881	179.80098	5000
2021-11-12T03:02:05.546Z	-12.523621	179.834793	5000
2021-11-12T03:56:18.981Z	-12.520129	179.833572	5000
2021-11-13T03:19:23.836Z	-12.494625	179.83905	77000
2021-11-17T14:22:00.417Z	-12.377879	179.864059	77900
2021-11-17T17:06:57.770Z	-12.374881	179.8647	5000
2021-11-17T18:13:36.861Z	-12.382914	179.866882	5000
2021-11-28T13:15:26.739Z	-12.316291	179.926086	5000
2021-11-28T14:07:18.024Z	-12.323387	179.927505	5000
2021-12-09T09:15:39.864Z	-12.535474	179.990891	5000
2021-12-09T10:04:08.261Z	-12.53197	179.997253	5000
2021-12-17T20:02:26.914Z	-12.849157	179.919724	76700
2021-12-17T22:39:28.363Z	-12.853267	179.918716	5000
2021-12-17T23:30:42.199Z	-12.861871	179.915848	5000
2021-12-19T16:27:42.543Z	-12.939151	179.916595	77900
2021-12-26T15:42:54.437Z	-13.254785	179.919647	78400
2021-12-26T18:28:28.574Z	-13.259992	179.919708	5000
2021-12-26T19:32:36.601Z	-13.269745	179.915604	5000
2021-12-29T18:33:12.178Z	-13.371871	179.972839	78800
2021-12-29T21:22:50.502Z	-13.375937	179.975113	5000
2021-12-29T22:13:19.811Z	-13.376875	179.974594	5000
2022-01-09T17:22:29.540Z	-13.465097	-179.46373	5000
2022-01-09T18:13:00.883Z	-13.468731	-179.459885	5000
2022-01-20T13:25:49.766Z	-13.590442	-179.122955	5000
2022-01-20T14:40:31.917Z	-13.586776	-179.122253	5000
2022-01-23T05:08:50.525Z	-13.57865	-179.054779	79600
2022-01-23T08:01:15.684Z	-13.578277	-179.051682	5000
2022-01-23T08:54:56.644Z	-13.583706	-179.04805	5000
2022-01-25T03:25:17.518Z	-13.621569	-179.016373	75900
2022-02-03T04:05:11.640Z	-13.814569	-178.854889	5000
2022-02-03T05:01:24.851Z	-13.818512	-178.856369	5000
2022-02-07T19:05:51.573Z	-13.738909	-178.696594	75000
2022-02-14T00:05:56.484Z	-13.631155	-178.480316	5000
2022-02-14T01:04:26.895Z	-13.632413	-178.488678	5000
2022-02-16T20:21:53.302Z	-13.52262	-178.426224	77000
2022-02-16T23:05:07.007Z	-13.518181	-178.423691	5000
2022-02-16T23:56:24.206Z	-13.515193	-178.423874	5000
2022-02-21T18:20:39.395Z	-13.43656	-178.375885	76100
2022-02-22T10:43:50.844Z	-13.425297	-178.369019	74900
2022-02-23T04:40:58.604Z	-13.412957	-178.361481	77000
2022-02-27T18:55:20.742Z	-13.337187	-178.315247	5000
2022-02-27T19:57:49.222Z	-13.338804	-178.316437	5000
2022-03-07T05:34:29.482Z	-13.389101	-178.225464	75600
2022-03-07T08:18:56.064Z	-13.389877	-178.22406	5000
2022-03-07T09:16:23.576Z	-13.392525	-178.234299	5000
2022-03-10T22:12:04.056Z	-13.388312	-178.116104	74500
2022-03-11T00:43:14.466Z	-13.388187	-178.11261	5000
2022-03-11T01:46:57.591Z	-13.394008	-178.109695	5000
2022-03-13T06:27:09.666Z	-13.355559	-178.078674	78800
2022-03-13T09:15:32.278Z	-13.353511	-178.077026	5000
2022-03-13T10:08:37.964Z	-13.351916	-178.078323	5000
2022-03-23T21:58:55.242Z	-13.11427	-178.025909	76600
2022-03-24T00:41:21.778Z	-13.111715	-178.025345	5000
2022-03-24T01:37:44.783Z	-13.114385	-178.021225	5000
2022-04-03T20:40:59.326Z	-12.946313	-178.106415	5000
2022-04-03T21:34:21.010Z	-12.940393	-178.100723	5000
2022-04-09T09:39:52.062Z	-12.980974	-178.21608	76700
2022-04-09T12:18:04.968Z	-12.981784	-178.218384	5000
2022-04-09T13:14:01.446Z	-12.983084	-178.214981	5000
2022-04-12T08:33:47.144Z	-12.960372	-178.257599	75400
2022-04-12T11:15:41.102Z	-12.959461	-178.259308	5000
2022-04-12T12:13:58.610Z	-12.952541	-178.265945	5000
2022-04-23T07:15:26.978Z	-13.030259	-178.478348	5000
2022-04-23T08:36:08.838Z	-13.025727	-178.47937	5000
2022-05-02T16:28:47.919Z	-12.974874	-178.721146	77500
2022-05-02T19:11:27.069Z	-12.974257	-178.724075	5000
2022-05-02T20:03:20.796Z	-12.97503	-178.718521	5000
2022-05-06T17:03:32.134Z	-12.911721	-178.786911	75900
2022-05-06T19:38:40.030Z	-12.909962	-178.788803	5000
2022-05-06T20:34:21.873Z	-12.905767	-178.783051	5000
2022-05-17T15:36:22.570Z	-12.827652	-178.885132	5000
2022-05-17T16:35:01.885Z	-12.823467	-178.890717	5000
2022-05-19T09:23:50.050Z	-12.817817	-178.914368	77200
2022-05-22T07:07:50.001Z	-12.808162	-178.954773	77800
2022-05-22T09:53:23.980Z	-12.80778	-178.956375	5000
2022-05-22T10:48:19.623Z	-12.815918	-178.965591	5000
2022-05-24T18:28:30.253Z	-12.830919	-178.988495	78100
2022-05-24T21:15:42.267Z	-12.83167	-178.989655	5000
2022-05-24T22:06:43.181Z	-12.841155	-178.993347	5000
2022-06-04T13:07:23.598Z	-12.963932	-179.095245	72800
2022-06-04T15:40:32.555Z	-12.96516	-179.096268	5000
2022-06-04T16:40:01.214Z	-12.967408	-179.099777	5000
2022-06-15T11:48:07.037Z	-12.880546	-179.347183	5000
2022-06-15T12:37:20.746Z	-12.88306	-179.349915	5000
2022-06-26T07:56:17.716Z	-12.878312	-179.563568	5000
2022-06-26T08:44:55.717Z	-12.879187	-179.566971	5000
2022-07-04T07:26:57.174Z	-12.86872	-179.812363	76500
2022-07-07T03:54:40.914Z	-12.864963	-179.900452	5000
2022-07-07T04:44:27.730Z	-12.864828	-179.906097	5000
2022-07-17T23:45:50.657Z	-12.797325	179.873566	5000
2022-07-18T00:39:10.835Z	-12.800297	179.869507	5000
2022-07-27T16:17:42.074Z	-12.678439	179.846008	75700
2022-07-27T18:57:29.944Z	-12.677038	179.845749	5000
2022-07-27T20:04:29.662Z	-12.679334	179.841446	5000
2022-08-02T21:11:48.823Z	-12.659149	179.792419	76300
2022-08-07T15:02:37.975Z	-12.643314	179.753937	5000
2022-08-07T15:53:24.417Z	-12.64153	179.748947	5000
2022-08-18T11:00:32.474Z	-12.571	179.733704	5000
2022-08-18T11:56:32.366Z	-12.578878	179.718552	5000
2022-08-29T06:55:27.027Z	-12.557579	179.805695	5000
2022-08-29T07:46:13.591Z	-12.558572	179.803146	5000
2022-09-03T06:43:19.123Z	-12.572415	179.824799	73600
2022-09-09T02:47:58.456Z	-12.588717	179.850296	5000
2022-09-09T03:38:51.819Z	-12.585616	179.845657	5000
2022-09-11T09:07:19.584Z	-12.613382	179.824432	74100
2022-09-19T22:46:50.204Z	-12.72017	179.742813	5000
2022-09-19T23:35:06.683Z	-12.720848	179.734283	5000
2022-09-30T18:46:34.842Z	-12.974242	179.539749	5000
2022-09-30T19:38:51.404Z	-12.967341	179.539734	5000
2022-10-11T14:40:01.857Z	-13.316311	179.321457	5000
2022-10-22T11:27:48.057Z	-13.357924	179.278305	5000
2022-11-02T06:36:54.280Z	-13.21082	179.004547	5000
2022-11-02T07:44:48.931Z	-13.20624	178.991669	5000
2022-11-09T09:39:52.474Z	-13.24775	178.781189	78700
2022-11-09T12:28:58.435Z	-13.248439	178.77771	5000
2022-11-09T13:23:16.042Z	-13.250369	178.781143	5000
2022-11-11T10:49:46.289Z	-13.268205	178.745422	78300
2022-11-12T07:09:30.619Z	-13.276183	178.729446	77800
2022-11-12T09:55:48.625Z	-13.277271	178.727264	5000
2022-11-12T10:58:21.743Z	-13.287326	178.726501	5000
2022-11-14T05:05:26.614Z	-13.294406	178.717041	75300
2022-11-22T02:06:04.018Z	-13.326178	178.674576	76600
2022-11-22T04:53:17.976Z	-13.326646	178.67395	5000
2022-11-22T05:59:38.300Z	-13.328665	178.66597	5000
2022-11-25T11:28:16.673Z	-13.327726	178.645325	77900
2022-11-25T14:14:23.051Z	-13.327693	178.644592	5000
2022-11-25T15:18:56.518Z	-13.333481	178.648453	5000
2022-12-04T19:24:52.601Z	-13.192096	178.597946	75800
2022-12-04T22:07:54.313Z	-13.190351	178.597336	5000
2022-12-04T22:59:13.266Z	-13.194079	178.593033	5000
2022-12-07T20:21:16.271Z	-13.148092	178.571228	76400
2022-12-07T23:06:11.663Z	-13.14627	178.570358	5000
2022-12-08T00:01:31.786Z	-13.139639	178.576843	5000
2022-12-18T19:05:59.124Z	-13.0859	178.457733	5000
2022-12-18T20:00:39.870Z	-13.081294	178.457581	5000
2022-12-29T15:12:25.430Z	-13.084498	178.449844	5000
2022-12-29T16:03:46.885Z	-13.088694	178.454437	5000
2022-12-31T09:34:38.914Z	-13.100206	178.465332	74000
2023-01-09T11:15:07.600Z	-13.160569	178.52243	5000
2023-01-09T12:14:29.212Z	-13.159304	178.526367	5000
2023-01-20T07:19:30.128Z	-13.414	178.448929	5000
2023-01-20T08:17:51.855Z	-13.409784	178.455551	5000
2023-01-31T03:21:49.023Z	-13.574836	178.284119	5000
2023-01-31T04:12:25.198Z	-13.572645	178.29158	5000
2023-02-10T23:24:09.994Z	-13.655535	178.090088	5000
2023-02-11T00:37:34.546Z	-13.666171	178.093002	5000
2023-02-21T19:48:27.707Z	-13.669816	177.893585	5000
2023-02-21T20:49:16.376Z	-13.687829	177.896317	5000
2023-03-04T06:43:24.688Z	-13.571692	177.812164	76400
2023-03-04T09:22:33.434Z	-13.570459	177.811264	5000
2023-03-04T10:12:46.077Z	-13.575605	177.812851	5000
2023-03-06T21:00:25.495Z	-13.530248	177.872101	76200
2023-03-06T23:45:00.706Z	-13.528131	177.874863	5000
2023-03-07T00:45:23.194Z	-13.534852	177.877502	5000
2023-03-14T00:53:40.107Z	-13.492293	178.225281	74500
2023-03-14T03:28:19.120Z	-13.491641	178.230621	5000
2023-03-14T04:22:12.276Z	-13.486066	178.233902	5000
2023-03-16T00:58:30.614Z	-13.522902	178.34819	77100
2023-03-18T03:01:13.101Z	-13.564229	178.476425	77100
2023-03-18T05:48:00.294Z	-13.566525	178.483536	5000
2023-03-18T06:40:51.097Z	-13.566062	178.48671	5000
2023-03-19T10:45:49.690Z	-13.623959	178.54953	76900
2023-03-24T13:01:51.558Z	-13.876026	178.823013	73600
2023-03-24T15:37:28.316Z	-13.881372	178.828812	5000
2023-03-24T16:46:35.247Z	-13.887069	178.836655	5000
2023-03-25T09:47:07.067Z	-13.926763	178.86795	75500
2023-03-27T02:29:07.457Z	-14.021745	178.942825	72700
2023-03-27T05:07:09.045Z	-14.027891	178.947678	5000
2023-03-27T06:12:07.134Z	-14.024816	178.957458	5000
2023-03-27T23:17:11.274Z	-14.045334	178.967056	77200
2023-03-29T04:11:18.751Z	-14.080046	178.983307	74700
2023-03-29T08:57:04.323Z	-14.085766	178.985977	76600
2023-03-29T11:35:03.277Z	-14.088927	178.987457	5000
2023-03-29T12:43:29.193Z	-14.087148	178.991409	5000
2023-03-30T06:35:42.225Z	-14.104823	179.004944	75500
2023-03-30T20:54:57.895Z	-14.118987	179.015793	74800
2023-03-31T00:33:24.073Z	-14.122588	179.018539	75200
2023-03-31T03:02:17.323Z	-14.125043	179.020432	74700
2023-03-31T05:38:13.399Z	-14.127613	179.0224	73600
2023-03-31T15:59:46.301Z	-14.137859	179.030243	73800
2023-04-01T18:12:01.862Z	-14.163777	179.050095	72100
2023-04-01T20:47:52.353Z	-14.166347	179.052063	5000
2023-04-01T21:55:33.391Z	-14.164801	179.052719	5000
2023-04-02T18:09:54.699Z	-14.175195	179.068817	78800
2023-04-05T14:33:37.663Z	-14.21032	179.12323	75500
2023-04-05T17:11:36.452Z	-14.211672	179.12532	5000
2023-04-05T18:07:20.742Z	-14.21755	179.12764	5000
2023-04-07T12:42:55.459Z	-14.204616	179.127472	74200
2023-04-14T10:04:03.411Z	-14.1544	179.126862	78100
2023-04-14T12:51:31.959Z	-14.153552	179.126846	5000
2023-04-14T13:59:07.928Z	-14.152673	179.124527	5000
2023-04-18T04:32:07.247Z	-14.001088	179.207733	73300
2023-04-21T04:26:16.288Z	-13.875156	179.276855	74200
2023-04-21T07:07:13.552Z	-13.870458	179.279434	5000
2023-04-21T08:09:37.732Z	-13.862194	179.270676	5000
2023-04-22T06:05:45.168Z	-13.82709	179.299652	76200
2023-04-24T00:44:21.043Z	-13.758845	179.356003	76200
2023-04-27T05:22:13.648Z	-13.636209	179.457245	77300
2023-04-28T03:14:41.549Z	-13.601202	179.48616	77000
2023-04-28T05:56:37.200Z	-13.596883	179.489716	5000
2023-04-28T06:57:57.102Z	-13.597276	179.48819	5000
2023-05-02T14:25:28.822Z	-13.581773	179.615829	75600
2023-05-06T03:35:09.319Z	-13.569012	179.720901	75500
2023-05-06T06:17:58.524Z	-13.568604	179.724243	5000
2023-05-06T07:20:00.006Z	-13.572672	179.727707	5000
2023-05-10T06:44:51.759Z	-13.660886	179.784317	78600
2023-05-10T16:01:48.898Z	-13.669468	179.789825	77700
2023-05-10T16:32:31.248Z	-13.669941	179.790131	78000
2023-05-10T20:13:31.171Z	-13.673347	179.792313	77400
2023-05-11T06:22:45.561Z	-13.682734	179.79834	78200
2023-05-11T06:47:21.241Z	-13.683113	179.798584	76000
2023-05-17T02:13:09.436Z	-13.812021	179.881302	5000
2023-05-17T03:34:16.949Z	-13.830928	179.897812	5000
2023-05-19T02:58:32.995Z	-13.863947	179.912857	79200
2023-05-19T08:29:06.300Z	-13.867785	179.914612	77700
2023-05-20T01:52:25.372Z	-13.879897	179.92012	78400
2023-05-20T02:11:35.117Z	-13.880119	179.920227	78400
2023-05-21T05:23:59.923Z	-13.89907	179.928864	77700
2023-05-21T08:53:27.865Z	-13.901502	179.929977	78900
2023-05-21T14:11:54.226Z	-13.905199	179.931656	78900
2023-05-22T13:31:00.219Z	-13.921441	179.939056	78800
2023-05-22T16:16:54.223Z	-13.923367	179.939941	5000
2023-05-22T17:47:00.015Z	-13.931035	179.932861	5000
2023-05-23T23:49:09.813Z	-13.944632	179.940887	76900
2023-05-24T15:56:43.813Z	-13.951931	179.94519	77300
2023-05-27T00:10:57.834Z	-13.977387	179.96019	78600
2023-05-27T07:15:41.696Z	-13.980592	179.962082	78400
2023-05-31T04:33:15.721Z	-14.022821	179.986984	75600
2023-06-02T12:49:45.738Z	-14.048294	-179.998001	5000
2023-06-02T13:58:00.129Z	-14.050803	-179.998672	5000
2023-06-09T21:33:13.610Z	-13.929562	-179.939835	76200
2023-06-10T00:17:58.726Z	-13.927666	-179.938904	5000
2023-06-10T01:18:42.995Z	-13.925945	-179.938354	5000
2023-06-12T17:37:48.977Z	-13.90765	-179.878326	75900
2023-06-15T18:07:05.327Z	-13.88703	-179.810669	77000
2023-06-15T20:53:48.858Z	-13.886239	-179.808075	5000
2023-06-15T21:46:54.141Z	-13.881959	-179.810913	5000
2023-06-16T19:12:00.469Z	-13.914923	-179.763779	77100
2023-06-17T18:45:00.768Z	-13.951167	-179.711945	76100
2023-06-18T15:06:00.608Z	-13.982486	-179.66716	77900
2023-06-20T19:58:56.046Z	-14.063873	-179.550766	78200
2023-06-22T02:22:49.953Z	-14.110658	-179.483856	77600
2023-06-22T08:05:40.324Z	-14.119452	-179.471283	78500
2023-06-22T10:57:29.140Z	-14.123858	-179.464981	5000
2023-06-22T12:03:43.766Z	-14.125955	-179.468704	5000
2023-06-24T02:52:25.322Z	-14.27853	-179.417953	77800
2023-06-26T17:54:08.581Z	-14.526309	-179.335541	76700
2023-06-28T04:20:31.558Z	-14.661698	-179.290497	77400
2023-06-28T07:11:12.507Z	-14.672882	-179.286789	5000
2023-06-28T08:07:09.379Z	-14.66801	-179.287781	5000
2023-06-29T05:15:49.118Z	-14.742207	-179.22644	77500
2023-06-29T10:08:17.979Z	-14.759312	-179.212296	77400
2023-06-30T13:07:13.049Z	-14.853992	-179.134033	78200
2023-06-30T14:41:45.574Z	-14.859522	-179.129471	78100
2023-07-02T10:27:18.670Z	-15.013075	-179.002548	78500
2023-07-03T18:04:22.106Z	-15.124023	-178.910828	78900
2023-07-03T20:52:10.260Z	-15.133837	-178.902725	5000
2023-07-03T22:10:53.238Z	-15.137944	-178.918686	5000
2023-07-04T17:58:57.018Z	-15.088737	-178.891617	75000
2023-07-05T09:56:53.100Z	-15.049061	-178.869781	76600
2023-07-07T07:09:05.163Z	-14.936728	-178.807968	77100
2023-07-12T12:42:30.540Z	-14.624708	-178.636276	78100
2023-07-14T17:14:25.006Z	-14.494163	-178.564438	5000
2023-07-14T18:05:06.365Z	-14.490853	-178.568451	5000
2023-07-21T09:33:31.549Z	-14.312784	-179.012543	75600
2023-07-24T02:50:42.338Z	-14.239885	-179.194336	75700
2023-07-24T05:37:16.905Z	-14.236786	-179.202072	5000
2023-07-24T06:32:13.480Z	-14.240302	-179.20874	5000
2023-07-26T12:46:02.787Z	-14.234019	-179.312698	78100
2023-07-27T00:29:08.685Z	-14.232662	-179.335159	78200
2023-07-27T11:44:41.916Z	-14.231358	-179.356735	78400
2023-08-02T01:32:57.172Z	-14.215858	-179.61322	75400
2023-08-02T04:15:39.478Z	-14.215543	-179.618408	5000
2023-08-02T05:22:31.008Z	-14.22538	-179.625397	5000
2023-08-03T20:31:03.936Z	-14.165474	-179.672058	77000
2023-08-07T23:32:34.620Z	-14.013918	-179.790131	76600
2023-08-08T02:12:05.426Z	-14.00985	-179.793304	5000
2023-08-08T03:06:33.161Z	-14.012931	-179.790665	5000
2023-08-14T05:10:35.109Z	-13.751334	-179.660782	75000
2023-08-16T12:49:02.853Z	-13.651685	-179.611313	75700
2023-08-16T15:32:19.614Z	-13.646811	-179.608887	5000
2023-08-16T16:39:13.133Z	-13.65578	-179.609955	5000
2023-08-17T10:46:57.664Z	-13.676508	-179.582153	77900
2023-08-23T03:28:11.989Z	-13.832797	-179.372482	75300
2023-08-26T14:41:17.888Z	-13.927949	-179.244827	73700
2023-08-27T11:45:42.052Z	-13.952044	-179.212494	5000
2023-08-27T12:33:23.572Z	-13.952117	-179.215378	5000
2023-08-28T20:03:39.420Z	-14.022707	-179.204697	72900
2023-09-04T04:19:32.171Z	-14.363878	-179.153122	76000
2023-09-07T07:26:51.320Z	-14.532201	-179.12767	5000
2023-09-07T08:32:18.180Z	-14.534759	-179.128525	5000
2023-09-08T09:12:42.920Z	-14.542655	-179.090454	76300
2023-09-08T16:34:44.919Z	-14.545013	-179.079086	77100
2023-09-18T03:29:29.398Z	-14.617638	-178.729034	5000
2023-09-18T04:23:14.409Z	-14.616533	-178.731598	5000
2023-09-20T05:42:48.078Z	-14.523177	-178.744156	73500
2023-09-20T08:50:14.138Z	-14.517264	-178.744949	73500
2023-09-21T21:13:27.784Z	-14.448397	-178.754211	75700
2023-09-26T14:06:07.270Z	-14.234759	-178.782944	77800
2023-09-27T18:00:36.121Z	-14.181939	-178.790039	77700
2023-09-27T20:48:33.453Z	-14.176641	-178.790756	5000
2023-09-27T21:54:31.820Z	-14.171928	-178.798676	5000
2023-09-28T14:42:00.573Z	-14.139524	-178.849396	77100
2023-09-28T23:27:48.000Z	-14.122611	-178.875854	77600
2023-10-04T22:21:49.745Z	-13.846829	-179.307449	77700
2023-10-08T16:44:23.581Z	-13.672414	-179.580399	5000
2023-10-08T17:40:13.666Z	-13.670661	-179.586578	5000
2023-10-12T05:00:12.407Z	-13.423468	-179.885452	77900
2023-10-14T06:36:22.999Z	-13.276329	179.936646	77800
2023-10-14T09:23:46.971Z	-13.268053	179.926636	5000
2023-10-14T10:14:33.622Z	-13.266404	179.918488	5000
2023-10-16T08:45:14.103Z	-13.200145	179.739655	77900
2023-10-16T09:27:43.229Z	-13.199137	179.736923	77900
2023-10-23T10:31:16.461Z	-12.9583	179.086853	76000
2023-10-23T13:10:06.590Z	-12.954529	179.076675	5000
2023-10-23T13:59:53.916Z	-12.949393	179.067383	5000
2023-10-28T04:34:14.754Z	-12.839439	178.797623	75000
2023-10-28T09:56:36.010Z	-12.834097	178.7845	73800
2023-10-28T14:04:12.497Z	-12.829993	178.774445	74900
2023-10-28T16:43:34.965Z	-12.827352	178.76796	5000
2023-10-28T17:48:46.878Z	-12.832335	178.757446	5000
2023-10-31T05:47:12.064Z	-12.755496	178.631302	73800
2023-10-31T11:10:49.744Z	-12.748586	178.619949	73500
2023-11-01T10:15:30.856Z	-12.719017	178.571411	73900
2023-11-03T11:54:14.049Z	-12.655411	178.46698	74000
2023-11-03T14:25:23.035Z	-12.652184	178.461685	5000
2023-11-03T15:24:16.482Z	-12.652841	178.4561	5000
2023-11-08T12:29:23.610Z	-12.526727	178.372421	77500
2023-11-14T10:42:15.169Z	-12.373546	178.270767	5000
2023-11-14T11:32:01.617Z	-12.37992	178.27034	5000
2023-11-17T08:22:08.927Z	-12.327889	178.278305	76200
2023-11-22T04:48:44.161Z	-12.239872	178.291763	76200
2023-11-22T07:26:42.185Z	-12.237883	178.292068	5000
2023-11-22T08:34:34.270Z	-12.240054	178.273727	5000
2023-11-23T20:07:48.983Z	-12.254019	178.313675	77600
2023-11-24T09:12:00.995Z	-12.259151	178.328354	77200
2023-12-01T12:40:20.654Z	-12.326498	178.520981	78600
2023-12-02T14:45:08.627Z	-12.33674	178.550278	77600
2023-12-02T17:29:53.047Z	-12.337819	178.55336	5000
2023-12-02T18:24:16.559Z	-12.339779	178.547791	5000
2023-12-07T12:57:45.096Z	-12.482422	178.624451	75700
2023-12-08T07:21:09.932Z	-12.505321	178.636765	77000
2023-12-08T10:02:44.024Z	-12.508674	178.638565	5000
2023-12-08T10:58:41.372Z	-12.510253	178.628555	5000
2023-12-11T06:33:54.274Z	-12.598439	178.63205	74500
2023-12-12T04:00:33.111Z	-12.626419	178.633163	75300
2023-12-12T12:55:14.852Z	-12.638047	178.633621	74900
2023-12-13T23:34:48.643Z	-12.68327	178.635422	75100
2023-12-14T02:19:55.461Z	-12.686861	178.635559	5000
2023-12-14T03:34:29.779Z	-12.683623	178.620865	5000
2023-12-16T06:11:51.631Z	-12.726249	178.595169	78600
2023-12-22T03:18:53.802Z	-12.845072	178.523575	74100
2023-12-22T05:56:49.912Z	-12.847288	178.522232	5000
2023-12-22T06:53:15.118Z	-12.845862	178.516342	5000
2024-01-01T07:19:36.544Z	-13.056583	178.262299	77300
2024-01-01T10:02:40.436Z	-13.058965	178.259415	5000
2024-01-01T11:05:00.238Z	-13.058766	178.253418	5000
2024-01-04T00:22:38.982Z	-13.133378	178.213425	77400
2024-01-04T22:39:17.187Z	-13.160496	178.198883	77900
2024-01-04T23:42:31.749Z	-13.161778	178.198196	77700
2024-01-08T20:56:32.233Z	-13.27527	178.137344	78300
2024-01-08T23:42:22.875Z	-13.278635	178.135544	5000
2024-01-09T00:54:31.317Z	-13.279922	178.122177	5000
2024-01-13T02:39:04.938Z	-13.379114	178.105896	76500
2024-01-16T18:33:38.569Z	-13.468328	178.091248	77000
2024-01-16T21:16:57.898Z	-13.471089	178.09079	5000
2024-01-16T22:30:06.741Z	-13.473058	178.090256	5000
2024-01-18T04:50:44.491Z	-13.494326	178.086105	74600
2024-01-18T22:12:43.869Z	-13.506497	178.08374	75600
2024-01-20T15:55:04.614Z	-13.535728	178.078033	76400
2024-01-23T14:34:47.574Z	-13.585254	178.06839	77900
2024-01-23T17:22:28.570Z	-13.587212	178.068008	5000
