Datetime	Latitude	Longitude	WaterPressure
2018-08-31T17:20:53.069Z	-11.502439	-143.996872	5000
2018-09-01T16:40:58.562Z	-11.497346	-143.994812	5000
2018-09-01T17:38:04.982Z	-11.503556	-143.998077	5000
2018-09-06T15:53:50.332Z	-11.472344	-143.954224	152200
2018-09-06T21:07:09.152Z	-11.470966	-143.952301	5000
2018-09-06T22:03:08.419Z	-11.476431	-143.954056	5000
2018-09-10T04:24:43.100Z	-11.487534	-143.927979	151400
2018-09-10T09:34:25.317Z	-11.488265	-143.926254	5000
2018-09-10T10:30:34.253Z	-11.488685	-143.929825	5000
2018-09-16T21:16:46.675Z	-11.545623	-143.962845	149900
2018-09-17T02:32:28.615Z	-11.547559	-143.963974	5000
2018-09-17T03:23:25.192Z	-11.552164	-143.971924	5000
2018-09-21T03:45:08.353Z	-11.577379	-143.989059	152900
2018-09-21T08:42:30.823Z	-11.578676	-143.989944	5000
2018-09-21T09:41:59.837Z	-11.576956	-143.99823	5000
2018-09-23T06:02:07.643Z	-11.602385	-143.993164	153700
2018-09-29T19:08:47.069Z	-11.692496	-143.975174	5000
2018-09-29T20:00:48.492Z	-11.690021	-143.98053	5000
2018-10-08T05:42:32.504Z	-11.783749	-143.904724	5000
2018-10-08T06:39:52.478Z	-11.781665	-143.902512	5000
2018-10-16T00:35:05.193Z	-11.786176	-143.876144	151700
2018-10-16T05:42:32.028Z	-11.7863	-143.875412	5000
2018-10-16T06:33:08.456Z	-11.785388	-143.885681	5000
2018-10-24T15:58:00.576Z	-11.775201	-143.909882	5000
2018-10-24T16:50:37.210Z	-11.775002	-143.910599	5000
2018-10-25T23:13:18.724Z	-11.77634	-143.917709	151900
2018-10-30T02:20:01.669Z	-11.780705	-143.940903	151600
2018-10-30T07:31:38.867Z	-11.780934	-143.942108	5000
2018-10-30T08:21:56.731Z	-11.786737	-143.952423	5000
2018-11-02T11:11:29.845Z	-11.812861	-143.970764	152400
2018-11-02T16:28:59.344Z	-11.814709	-143.972061	5000
2018-11-02T17:19:23.581Z	-11.821977	-143.975235	5000
2018-11-11T03:00:01.891Z	-11.817029	-143.971359	5000
2018-11-11T04:04:33.856Z	-11.822572	-143.971283	5000
2018-11-18T20:30:13.079Z	-11.765581	-143.984085	153100
2018-11-19T01:50:04.510Z	-11.763934	-143.984451	5000
2018-11-19T02:45:20.081Z	-11.770969	-143.986618	5000
2018-11-27T12:27:05.663Z	-11.697992	-144.070541	5000
2018-11-27T13:24:38.388Z	-11.704885	-144.074066	5000
2018-11-30T17:39:19.045Z	-11.693668	-144.142685	152900
2018-11-30T22:52:37.861Z	-11.692901	-144.147385	5000
2018-11-30T23:57:56.825Z	-11.699967	-144.161896	5000
2018-12-05T04:24:52.696Z	-11.700415	-144.25499	146000
2018-12-05T09:15:46.485Z	-11.700437	-144.259491	5000
2018-12-05T10:12:14.686Z	-11.711112	-144.26326	5000
2018-12-13T19:32:11.934Z	-11.6929	-144.406952	5000
2018-12-13T20:25:20.209Z	-11.693844	-144.413528	5000
2018-12-16T09:52:55.802Z	-11.685658	-144.462418	150200
2018-12-16T15:01:50.480Z	-11.684972	-144.466522	5000
2018-12-16T15:54:07.454Z	-11.684131	-144.469772	5000
2018-12-20T17:12:25.239Z	-11.680416	-144.565353	152800
2018-12-20T22:20:49.952Z	-11.680221	-144.570404	5000
2018-12-20T23:15:17.921Z	-11.677958	-144.576813	5000
2018-12-23T23:13:10.306Z	-11.717031	-144.659515	152100
2018-12-24T04:21:46.974Z	-11.719824	-144.665421	5000
2018-12-24T05:23:42.833Z	-11.732854	-144.677368	5000
2019-01-01T15:00:35.117Z	-11.823572	-144.796173	5000
2019-01-01T15:54:08.186Z	-11.828772	-144.800049	5000
2019-01-10T01:27:34.571Z	-11.864755	-144.830841	5000
2019-01-10T02:19:38.129Z	-11.862839	-144.838531	5000
2019-01-18T12:05:39.659Z	-11.842679	-144.823853	5000
2019-01-18T13:08:58.403Z	-11.843907	-144.830032	5000
2019-01-26T22:40:55.096Z	-11.874433	-144.729507	5000
2019-01-26T23:37:44.795Z	-11.879148	-144.73024	5000
2019-02-04T09:13:27.600Z	-11.950038	-144.547668	5000
2019-02-04T10:03:19.666Z	-11.946824	-144.554108	5000
2019-02-12T19:41:45.733Z	-12.054658	-144.337173	5000
2019-02-12T20:32:27.549Z	-12.06048	-144.338882	5000
2019-02-17T14:44:18.548Z	-12.140253	-144.195389	152100
2019-02-17T19:56:24.279Z	-12.143887	-144.188843	5000
2019-02-17T20:50:03.147Z	-12.147714	-144.185822	5000
2019-02-22T10:26:26.815Z	-12.180711	-144.088791	152100
2019-02-22T15:44:01.200Z	-12.182303	-144.084106	5000
2019-02-22T16:42:08.795Z	-12.182768	-144.08931	5000
2019-03-01T09:00:00.173Z	-12.150342	-143.952927	153600
2019-03-01T14:21:09.183Z	-12.14926	-143.948364	5000
2019-03-01T15:27:46.498Z	-12.156352	-143.946091	5000
2019-03-10T01:04:32.374Z	-12.007809	-143.759491	5000
2019-03-10T02:03:58.522Z	-12.011162	-143.767105	5000
2019-03-11T16:35:07.390Z	-11.959985	-143.732422	152600
2019-03-18T11:24:58.758Z	-11.743646	-143.585785	5000
2019-03-18T12:28:42.763Z	-11.746915	-143.596237	5000
2019-03-20T15:30:47.302Z	-11.685661	-143.575928	151400
2019-03-20T20:32:43.924Z	-11.679622	-143.573914	5000
2019-03-20T21:39:00.037Z	-11.684432	-143.582977	5000
2019-03-23T19:30:34.227Z	-11.593602	-143.54953	151500
2019-03-24T00:47:23.922Z	-11.586737	-143.546997	5000
2019-03-24T01:36:10.293Z	-11.589868	-143.553024	5000
2019-03-30T01:54:37.801Z	-11.410871	-143.529922	151000
2019-03-30T06:55:57.407Z	-11.404641	-143.529114	5000
2019-03-30T07:47:31.304Z	-11.402742	-143.529434	5000
2019-04-07T17:26:58.288Z	-11.280568	-143.547852	5000
2019-04-07T18:22:01.149Z	-11.28456	-143.552338	5000
2019-04-16T03:58:02.895Z	-11.270146	-143.599609	5000
2019-04-16T04:52:52.050Z	-11.269047	-143.600845	5000
2019-04-24T14:17:38.111Z	-11.3136	-143.636017	5000
2019-04-24T15:08:19.616Z	-11.315126	-143.635117	5000
2019-04-29T02:43:14.251Z	-11.349067	-143.651276	151300
2019-04-29T07:54:01.434Z	-11.3507	-143.652054	5000
2019-04-29T08:44:18.652Z	-11.359068	-143.658463	5000
2019-05-06T21:28:53.800Z	-11.358227	-143.663971	151200
2019-05-07T02:30:32.171Z	-11.358204	-143.664124	5000
2019-05-07T03:18:21.298Z	-11.365237	-143.670151	5000
2019-05-08T08:13:59.808Z	-11.370078	-143.669418	151500
2019-05-14T13:07:36.286Z	-11.394997	-143.665695	152200
2019-05-14T18:17:27.114Z	-11.395861	-143.665558	5000
2019-05-14T19:09:19.261Z	-11.396951	-143.671555	5000
2019-05-16T17:40:10.037Z	-11.39854	-143.665558	152400
2019-05-17T15:47:02.810Z	-11.399296	-143.66272	152500
2019-05-17T20:59:07.280Z	-11.399473	-143.662048	5000
2019-05-17T21:52:42.189Z	-11.400297	-143.667511	5000
2019-05-26T02:08:15.537Z	-11.369339	-143.618042	151600
2019-05-26T07:29:33.625Z	-11.368494	-143.616684	5000
2019-05-26T08:33:45.987Z	-11.371918	-143.619385	5000
2019-05-27T02:00:51.936Z	-11.369996	-143.621185	149700
2019-05-30T09:11:56.600Z	-11.361276	-143.629364	150800
2019-05-30T14:27:43.972Z	-11.360696	-143.629913	5000
2019-05-30T15:18:50.121Z	-11.357391	-143.630249	5000
2019-06-04T04:49:28.979Z	-11.34513	-143.642395	152300
2019-06-04T09:56:23.084Z	-11.344558	-143.64296	5000
2019-06-04T10:56:22.865Z	-11.342002	-143.646072	5000
2019-06-12T20:39:25.413Z	-11.264689	-143.66925	5000
2019-06-21T19:48:43.791Z	-11.94547	-145.284744	5000
2019-06-22T14:32:00.014Z	-11.942074	-145.258209	150900
2019-06-22T15:21:35.848Z	-11.941923	-145.257034	149700
2019-06-23T10:21:11.606Z	-11.938478	-145.230087	152500
2019-06-23T17:43:45.894Z	-11.93714	-145.219635	152500
2019-06-24T03:04:16.547Z	-11.935445	-145.20639	152300
2019-06-24T08:18:34.799Z	-11.934494	-145.198959	5000
2019-06-24T09:29:52.595Z	-11.931753	-145.208603	5000
2019-06-28T14:00:34.588Z	-11.916999	-145.047943	148300
2019-06-28T19:13:40.011Z	-11.916233	-145.039597	5000
2019-06-28T20:06:32.569Z	-11.918509	-145.044815	5000
2019-06-30T01:40:59.225Z	-11.923991	-144.997162	149000
2019-07-01T17:20:11.745Z	-11.931343	-144.933273	150100
2019-07-01T22:36:30.607Z	-11.932321	-144.924789	5000
2019-07-01T23:36:17.853Z	-11.93469	-144.921829	5000
2019-07-06T03:28:02.408Z	-12.020196	-144.762604	150200
2019-07-06T08:42:46.176Z	-12.024688	-144.754242	5000
2019-07-06T09:32:17.812Z	-12.03293	-144.757523	5000
2019-07-08T03:52:44.973Z	-12.075165	-144.68486	152200
2019-07-08T05:12:52.225Z	-12.076497	-144.682556	151800
2019-07-08T11:43:27.303Z	-12.082991	-144.671387	151200
2019-07-08T16:54:00.486Z	-12.088154	-144.662506	5000
2019-07-08T17:48:00.912Z	-12.091246	-144.663803	5000
2019-07-09T12:32:54.507Z	-12.114908	-144.622391	151000
2019-07-09T13:27:43.204Z	-12.116061	-144.620361	152100
2019-07-09T18:30:03.024Z	-12.122421	-144.609238	151800
2019-07-09T18:44:12.345Z	-12.122719	-144.608719	151600
2019-07-09T19:21:56.002Z	-12.123512	-144.60733	150400
2019-07-09T19:26:13.909Z	-12.123603	-144.607162	150400
2019-07-09T20:02:34.003Z	-12.124367	-144.605835	150700
2019-07-09T20:11:55.877Z	-12.124564	-144.605484	150600
2019-07-09T20:45:05.064Z	-12.125261	-144.604263	150500
2019-07-09T21:53:21.122Z	-12.126698	-144.601746	152100
2019-07-10T06:42:46.685Z	-12.137835	-144.58226	150800
2019-07-10T08:17:46.068Z	-12.139832	-144.578766	151100
2019-07-10T14:08:51.495Z	-12.147218	-144.565842	150900
2019-07-10T14:19:20.895Z	-12.147439	-144.565445	150600
2019-07-10T18:34:16.689Z	-12.152802	-144.556061	151000
2019-07-10T23:42:50.811Z	-12.159292	-144.544708	5000
2019-07-11T00:49:45.295Z	-12.160069	-144.545029	5000
2019-07-12T10:21:05.672Z	-12.199151	-144.46373	150500
2019-07-12T11:24:47.728Z	-12.200389	-144.461151	150900
2019-07-12T13:53:37.046Z	-12.20328	-144.455124	150100
2019-07-12T16:02:17.205Z	-12.205781	-144.449936	149600
2019-07-12T16:06:31.914Z	-12.205863	-144.449753	149600
2019-07-12T16:27:41.484Z	-12.206275	-144.448898	149600
2019-07-12T16:48:46.181Z	-12.206684	-144.448044	149500
2019-07-12T17:06:15.105Z	-12.207024	-144.447342	149700
2019-07-12T17:13:19.653Z	-12.207161	-144.447052	149900
2019-07-12T17:29:51.548Z	-12.207482	-144.446396	150700
2019-07-12T19:02:27.457Z	-12.209282	-144.442642	150100
2019-07-12T21:19:00.147Z	-12.211935	-144.437119	150600
2019-07-13T01:38:21.323Z	-12.216974	-144.426636	150000
2019-07-13T06:46:27.249Z	-12.222961	-144.414185	5000
2019-07-13T07:47:32.408Z	-12.223824	-144.419525	5000
2019-07-14T00:41:02.588Z	-12.242953	-144.386383	151400
2019-07-14T00:51:25.340Z	-12.243149	-144.386047	151600
2019-07-14T01:32:16.710Z	-12.24392	-144.384705	149300
2019-07-14T01:38:54.618Z	-12.244045	-144.384491	149300
2019-07-14T01:43:08.702Z	-12.244125	-144.384354	149400
2019-07-14T01:57:45.188Z	-12.244401	-144.383881	150400
2019-07-14T03:18:41.862Z	-12.245929	-144.381226	151400
2019-07-14T03:32:52.657Z	-12.246196	-144.380768	151300
2019-07-14T03:55:34.944Z	-12.246625	-144.38002	150800
2019-07-14T04:09:22.323Z	-12.246885	-144.379578	150400
2019-07-14T04:59:36.743Z	-12.247833	-144.37793	150100
2019-07-14T05:03:33.858Z	-12.247908	-144.377792	150000
2019-07-14T05:20:32.343Z	-12.248228	-144.377243	150300
2019-07-14T05:31:37.380Z	-12.248438	-144.376877	150800
2019-07-14T05:36:22.927Z	-12.248528	-144.376724	150700
2019-07-14T05:58:52.144Z	-12.248952	-144.375992	148800
2019-07-14T06:03:02.904Z	-12.249031	-144.375854	148800
2019-07-14T06:10:36.142Z	-12.249173	-144.37561	148400
2019-07-14T06:24:06.876Z	-12.249428	-144.375168	149400
2019-07-14T06:30:32.863Z	-12.24955	-144.374954	149700
2019-07-14T11:57:21.513Z	-12.255718	-144.364273	150900
2019-07-14T12:10:20.759Z	-12.255963	-144.363846	150800
2019-07-14T12:17:26.182Z	-12.256097	-144.363617	150700
2019-07-14T12:25:37.756Z	-12.256251	-144.363342	150700
2019-07-14T13:01:30.210Z	-12.256928	-144.362167	151000
2019-07-14T13:12:02.958Z	-12.257128	-144.361816	150900
2019-07-14T13:25:05.303Z	-12.257374	-144.361404	150800
2019-07-14T14:54:18.310Z	-12.259058	-144.358475	151700
2019-07-14T16:04:01.936Z	-12.260374	-144.356201	150400
2019-07-14T16:20:00.293Z	-12.260675	-144.355682	150200
2019-07-14T16:34:29.207Z	-12.260949	-144.355209	151100
2019-07-14T17:33:40.859Z	-12.262066	-144.353271	150200
2019-07-14T17:42:07.428Z	-12.262225	-144.352997	150000
2019-07-14T18:37:00.598Z	-12.263261	-144.351196	150900
2019-07-14T19:11:06.765Z	-12.263905	-144.350082	150700
2019-07-14T19:28:09.674Z	-12.264227	-144.349518	150900
2019-07-14T19:40:35.257Z	-12.264462	-144.349121	150700
2019-07-14T20:43:00.615Z	-12.265639	-144.347076	151000
2019-07-14T22:06:27.746Z	-12.267215	-144.344345	151100
2019-07-14T22:44:07.637Z	-12.267925	-144.343109	151000
2019-07-14T22:52:11.588Z	-12.268078	-144.34285	150800
2019-07-14T23:30:37.837Z	-12.268804	-144.341599	151200
2019-07-14T23:43:03.195Z	-12.269038	-144.341187	151000
2019-07-15T00:07:09.352Z	-12.269493	-144.340393	150900
2019-07-15T00:14:37.466Z	-12.269633	-144.340149	150900
2019-07-15T00:19:12.618Z	-12.26972	-144.340012	151000
2019-07-15T01:26:50.564Z	-12.270997	-144.337799	151300
2019-07-15T03:17:31.560Z	-12.273086	-144.334167	151700
2019-07-15T03:50:07.509Z	-12.273701	-144.333099	150900
2019-07-15T04:06:52.424Z	-12.274017	-144.332565	150900
2019-07-15T04:36:45.682Z	-12.274581	-144.331589	151600
2019-07-15T04:53:53.264Z	-12.274904	-144.331024	150800
2019-07-15T05:01:23.627Z	-12.275046	-144.33078	150700
2019-07-15T05:05:14.570Z	-12.275119	-144.330643	150900
2019-07-15T05:47:58.676Z	-12.275926	-144.329254	152800
2019-07-15T06:12:25.451Z	-12.276387	-144.328445	151300
2019-07-15T06:54:07.904Z	-12.277174	-144.327087	152000
2019-07-15T07:22:57.435Z	-12.277719	-144.326141	151700
2019-07-15T07:37:53.264Z	-12.278	-144.325653	151800
2019-07-15T13:03:32.504Z	-12.284146	-144.315002	5000
2019-07-15T14:07:42.472Z	-12.28376	-144.318039	5000
2019-07-16T06:38:08.627Z	-12.29571	-144.287048	147800
2019-07-16T06:55:09.136Z	-12.295915	-144.286514	148200
2019-07-16T07:28:45.713Z	-12.29632	-144.285461	148100
2019-07-16T07:51:46.044Z	-12.296597	-144.284744	148400
2019-07-16T08:04:13.126Z	-12.296748	-144.284348	148500
2019-07-16T08:10:42.687Z	-12.296826	-144.284149	148400
2019-07-16T08:15:51.851Z	-12.296888	-144.283981	148300
2019-07-16T09:15:14.375Z	-12.297605	-144.282135	148000
2019-07-16T09:20:12.393Z	-12.297665	-144.281967	147900
2019-07-16T09:59:37.295Z	-12.298141	-144.280731	148400
2019-07-16T10:37:38.078Z	-12.298599	-144.279556	147400
2019-07-16T10:47:50.034Z	-12.298722	-144.279236	147500
2019-07-16T12:07:42.917Z	-12.299685	-144.276733	148100
2019-07-16T12:33:57.178Z	-12.300002	-144.275909	148200
2019-07-16T12:43:32.072Z	-12.300117	-144.275604	148000
2019-07-16T14:23:43.044Z	-12.301327	-144.272476	148100
2019-07-16T14:28:19.944Z	-12.301382	-144.272324	148200
2019-07-16T14:44:28.497Z	-12.301577	-144.27182	148200
2019-07-16T14:54:26.933Z	-12.301697	-144.271515	148000
2019-07-16T15:23:45.753Z	-12.302051	-144.270599	148400
2019-07-16T15:32:59.330Z	-12.302162	-144.270309	148400
2019-07-16T17:46:47.404Z	-12.303777	-144.266113	149000
2019-07-16T18:00:30.909Z	-12.303942	-144.265686	149200
2019-07-16T19:01:36.196Z	-12.304679	-144.263779	148600
2019-07-16T19:12:26.738Z	-12.30481	-144.263443	148800
2019-07-16T19:20:13.845Z	-12.304904	-144.263199	149000
2019-07-16T21:07:01.175Z	-12.306192	-144.259857	149400
2019-07-16T21:20:25.312Z	-12.306354	-144.25943	149500
2019-07-16T21:31:07.182Z	-12.306482	-144.259094	149200
2019-07-16T21:39:19.505Z	-12.306581	-144.25885	149000
2019-07-16T21:45:31.622Z	-12.306657	-144.258652	148700
2019-07-16T23:27:37.602Z	-12.307888	-144.255447	148600
2019-07-16T23:36:53.028Z	-12.308	-144.255157	149100
2019-07-16T23:57:01.995Z	-12.308243	-144.254532	149400
2019-07-17T00:23:29.852Z	-12.308562	-144.253708	148800
2019-07-17T00:36:49.665Z	-12.308723	-144.253281	149400
2019-07-17T00:55:57.929Z	-12.308954	-144.252686	149100
2019-07-17T01:27:55.967Z	-12.30934	-144.251694	149400
2019-07-17T01:41:24.652Z	-12.309503	-144.251266	149400
2019-07-17T01:46:11.349Z	-12.30956	-144.251114	149400
2019-07-17T01:54:03.355Z	-12.309655	-144.25087	149400
2019-07-17T02:11:57.520Z	-12.309871	-144.250305	149500
2019-07-17T02:30:52.938Z	-12.3101	-144.249725	149600
2019-07-17T02:42:33.787Z	-12.31024	-144.249359	149500
2019-07-17T02:46:37.600Z	-12.310289	-144.249222	149500
2019-07-17T04:22:15.370Z	-12.311442	-144.246231	149000
2019-07-17T04:28:54.352Z	-12.311523	-144.246033	148800
2019-07-17T04:59:54.360Z	-12.311897	-144.245056	149600
2019-07-17T05:51:15.931Z	-12.312516	-144.243454	149600
2019-07-17T06:19:13.280Z	-12.312854	-144.242569	149300
2019-07-17T06:54:24.474Z	-12.313278	-144.24147	148800
2019-07-17T06:59:50.682Z	-12.313344	-144.241302	148800
2019-07-17T07:10:24.830Z	-12.313472	-144.240967	148500
2019-07-17T20:35:36.281Z	-12.323186	-144.215775	5000
2019-07-17T21:39:13.418Z	-12.311003	-144.220566	5000
2019-07-18T14:15:37.233Z	-12.323057	-144.182739	151900
2019-07-18T14:22:46.779Z	-12.323144	-144.18248	151600
2019-07-18T14:30:13.119Z	-12.323235	-144.18219	151500
2019-07-18T14:48:49.244Z	-12.32346	-144.181488	150700
2019-07-18T15:08:48.089Z	-12.323701	-144.180725	150400
2019-07-20T03:05:03.462Z	-12.349788	-144.098892	5000
2019-07-20T04:05:24.403Z	-12.348495	-144.107605	5000
2019-07-20T22:34:32.601Z	-12.363702	-144.080063	151400
2019-07-21T03:37:26.388Z	-12.367854	-144.07254	152200
2019-07-21T04:08:30.945Z	-12.36828	-144.071762	151900
2019-07-21T06:19:27.529Z	-12.370075	-144.068512	151000
2019-07-21T09:31:59.614Z	-12.372715	-144.063736	151800
2019-07-24T05:19:44.979Z	-12.428484	-143.962708	5000
2019-07-24T06:25:11.098Z	-12.427414	-143.968613	5000
2019-07-24T23:05:07.390Z	-12.443984	-143.950546	150700
2019-07-25T04:39:04.090Z	-12.449517	-143.944519	150500
2019-07-25T11:37:19.824Z	-12.456449	-143.936966	151000
2019-07-25T13:21:22.362Z	-12.458173	-143.935089	153300
2019-07-25T15:00:11.914Z	-12.45981	-143.933304	150700
2019-07-26T13:51:34.842Z	-12.482534	-143.908539	5000
2019-07-26T14:51:58.028Z	-12.476585	-143.915161	5000
2019-07-27T15:38:08.704Z	-12.492616	-143.888779	152600
2019-07-28T08:16:02.450Z	-12.50338	-143.871063	152100
2019-07-29T17:52:29.523Z	-12.525131	-143.835266	150800
2019-07-29T23:08:18.557Z	-12.528538	-143.829666	5000
2019-07-30T00:03:37.893Z	-12.532385	-143.838226	5000
2019-07-31T23:37:08.338Z	-12.574645	-143.813446	151400
2019-08-01T00:54:32.999Z	-12.575791	-143.812775	150700
2019-08-01T06:22:16.300Z	-12.580645	-143.809921	5000
2019-08-01T07:21:42.429Z	-12.588021	-143.826401	5000
2019-08-02T13:05:50.542Z	-12.599275	-143.806244	151200
2019-08-03T12:27:04.775Z	-12.608113	-143.790405	153300
2019-08-03T17:36:07.922Z	-12.610063	-143.786911	5000
2019-08-03T18:33:16.679Z	-12.613645	-143.799057	5000
2019-08-04T11:27:02.091Z	-12.623943	-143.789169	148000
2019-08-04T12:36:13.029Z	-12.624646	-143.788498	148500
2019-08-05T06:17:05.764Z	-12.635423	-143.778137	151400
2019-08-05T06:57:54.961Z	-12.635838	-143.77774	150700
2019-08-05T08:25:05.112Z	-12.636724	-143.776901	150000
2019-08-05T14:44:39.708Z	-12.640579	-143.773193	151500
2019-08-05T15:36:09.576Z	-12.641103	-143.77269	151400
2019-08-05T16:18:57.281Z	-12.641537	-143.772278	151200
2019-08-05T23:51:07.160Z	-12.646131	-143.767853	150100
2019-08-06T04:54:57.527Z	-12.649217	-143.764893	5000
2019-08-06T05:56:03.894Z	-12.649737	-143.776428	5000
2019-08-14T15:38:27.723Z	-12.703872	-143.761795	5000
2019-08-14T16:45:14.069Z	-12.70069	-143.767319	5000
2019-08-23T02:29:32.190Z	-12.75928	-143.740005	5000
2019-08-23T03:58:15.500Z	-12.751843	-143.750595	5000
2019-08-31T13:30:08.297Z	-12.765342	-143.698685	5000
2019-08-31T14:50:11.921Z	-12.773537	-143.701843	5000
2019-09-09T00:17:24.956Z	-12.72907	-143.633682	5000
2019-09-09T01:51:03.538Z	-12.729906	-143.64093	5000
2019-09-17T11:14:01.783Z	-12.675762	-143.590103	5000
2019-09-17T12:41:18.457Z	-12.64808	-143.605942	5000
2019-09-25T22:20:33.706Z	-12.659573	-143.50209	5000
2019-09-25T23:53:43.175Z	-12.65858	-143.509048	5000
2019-10-04T09:26:14.991Z	-12.775931	-143.475281	5000
2019-10-04T10:45:30.448Z	-12.7749	-143.481003	5000
2019-10-12T20:08:02.655Z	-12.961321	-143.471176	5000
2019-10-12T21:29:25.646Z	-12.968619	-143.481201	5000
2019-10-21T06:59:24.489Z	-13.137164	-143.506439	5000
2019-10-21T08:35:21.571Z	-13.152502	-143.510941	5000
2019-10-29T18:12:02.842Z	-13.299057	-143.436325	5000
2019-10-29T19:38:30.554Z	-13.312028	-143.442841	5000
2019-11-07T05:13:13.705Z	-13.38838	-143.403152	5000
2019-11-07T06:43:14.042Z	-13.386304	-143.40892	5000
2019-11-15T16:22:02.984Z	-13.369295	-143.34024	5000
2019-11-15T17:41:34.347Z	-13.371799	-143.332932	5000
2019-11-24T03:20:24.754Z	-13.295184	-143.225662	5000
2019-11-24T04:37:02.095Z	-13.297579	-143.227142	5000
2019-12-02T14:05:39.041Z	-13.151591	-143.139084	5000
2019-12-02T15:25:42.815Z	-13.146732	-143.131409	5000
2019-12-11T01:13:42.363Z	-13.069268	-143.08223	5000
2020-02-25T01:08:47.435Z	-12.758714	-143.706192	5000
2020-03-04T10:38:56.046Z	-12.63706	-143.633102	5000
2020-03-04T11:33:51.031Z	-12.635304	-143.632675	5000
2020-03-12T21:05:36.347Z	-12.598563	-143.482071	5000
2020-03-12T22:04:16.281Z	-12.604984	-143.494614	5000
2020-03-21T07:40:54.014Z	-12.581562	-143.298615	5000
2020-03-21T08:35:28.145Z	-12.581804	-143.300964	5000
2020-03-29T18:12:31.716Z	-12.616094	-143.07692	5000
2020-03-29T19:22:16.046Z	-12.617144	-143.07428	5000
2020-04-07T05:11:15.000Z	-12.59695	-142.884384	5000
2020-04-07T05:27:24.000Z	-12.59695	-142.884262	5000
2020-04-15T15:34:22.000Z	-12.51395	-142.586746	5000
2020-04-15T15:48:50.000Z	-12.514033	-142.586624	5000
2020-04-24T01:52:58.113Z	-12.392288	-142.360291	5000
2020-04-24T02:42:06.722Z	-12.396375	-142.365509	5000
2020-05-02T12:09:25.666Z	-12.29429	-142.219467	5000
2020-05-02T12:58:37.665Z	-12.295489	-142.225616	5000
2020-05-10T22:34:30.245Z	-12.325914	-142.102859	5000
2020-05-10T23:34:34.393Z	-12.32822	-142.110001	5000
2020-05-19T09:07:24.474Z	-12.401877	-142.003601	5000
2020-05-19T10:10:35.966Z	-12.396877	-142.004379	5000
2020-05-27T19:46:41.275Z	-12.39404	-141.8965	5000
2020-05-27T20:56:13.240Z	-12.395206	-141.910538	5000
2020-06-05T06:31:40.130Z	-12.378308	-141.738876	5000
2020-06-05T07:29:08.467Z	-12.374062	-141.738159	5000
2020-06-13T16:49:06.730Z	-12.364568	-141.614243	5000
2020-06-13T17:37:35.210Z	-12.364145	-141.619125	5000
2020-06-22T03:21:53.733Z	-12.43225	-141.499985	5000
2020-06-22T04:09:15.926Z	-12.43652	-141.500183	5000
2020-06-30T13:44:50.430Z	-12.539592	-141.392319	5000
2020-06-30T14:49:03.607Z	-12.53723	-141.401749	5000
2020-07-09T00:30:51.614Z	-12.584543	-141.323639	5000
2020-07-09T01:22:24.920Z	-12.581779	-141.326462	5000
2020-07-17T11:15:59.758Z	-12.545341	-141.34671	5000
2020-07-17T12:09:50.318Z	-12.552357	-141.354889	5000
2020-07-25T21:54:42.264Z	-12.494411	-141.446503	5000
2020-07-25T22:45:33.629Z	-12.496222	-141.449051	5000
2020-08-03T08:22:30.583Z	-12.45152	-141.57637	5000
2020-08-03T09:11:19.096Z	-12.455528	-141.573898	5000
2020-08-11T18:50:30.955Z	-12.384061	-141.688522	5000
2020-08-11T19:41:20.390Z	-12.388807	-141.697449	5000
2020-08-20T05:15:27.333Z	-12.32338	-141.79332	5000
2020-08-20T06:05:03.643Z	-12.325383	-141.797836	5000
2020-08-28T15:39:06.434Z	-12.26983	-141.853271	5000
2020-08-28T16:25:19.914Z	-12.273454	-141.852524	5000
2020-09-06T01:56:17.506Z	-12.167738	-141.911896	5000
2020-09-06T02:41:02.647Z	-12.170241	-141.913467	5000
2020-09-14T12:20:45.546Z	-12.064013	-142.046371	5000
2020-09-14T13:08:02.430Z	-12.063207	-142.049225	5000
2020-09-22T22:56:04.604Z	-12.004422	-142.123184	5000
2020-09-22T23:43:59.776Z	-12.010645	-142.125244	5000
2020-10-01T15:51:55.727Z	-11.956478	-142.226257	5000
2020-10-01T17:02:19.445Z	-11.958561	-142.232025	5000
2020-10-10T09:12:56.112Z	-11.963211	-142.291138	5000
2020-10-10T09:59:55.039Z	-11.963589	-142.287247	5000
2020-10-19T02:08:35.329Z	-12.057565	-142.221649	5000
2020-10-19T03:12:16.888Z	-12.058407	-142.227158	5000
2020-10-27T19:18:25.513Z	-12.231624	-142.053223	5000
2020-10-27T20:08:22.211Z	-12.225728	-142.057007	5000
2020-11-05T12:24:00.317Z	-12.359836	-141.874954	5000
2020-11-14T06:22:50.463Z	-12.546399	-141.655655	5000
2020-11-22T22:42:23.783Z	-12.680992	-141.346313	5000
2020-11-22T23:35:33.094Z	-12.683548	-141.354172	5000
2020-12-01T15:46:15.715Z	-12.690506	-141.03804	5000
2020-12-01T16:41:28.133Z	-12.696503	-141.043396	5000
2020-12-10T08:56:08.044Z	-12.59739	-140.820312	5000
2020-12-10T10:02:15.000Z	-12.596856	-140.824707	5000
2020-12-19T02:04:06.537Z	-12.466256	-140.763641	5000
2020-12-27T20:06:35.839Z	-12.335531	-140.821747	5000
2021-01-05T12:25:23.673Z	-12.291766	-141.049286	5000
2021-01-05T13:36:19.568Z	-12.29749	-141.048889	5000
2021-01-14T05:48:53.641Z	-12.277313	-141.248779	5000
2021-01-14T06:39:04.874Z	-12.283477	-141.25351	5000
2021-01-22T22:41:13.532Z	-12.238242	-141.465561	5000
2021-01-22T23:31:32.004Z	-12.241035	-141.472244	5000
2021-01-31T15:54:41.220Z	-12.192324	-141.763824	5000
2021-01-31T16:54:56.015Z	-12.188151	-141.771759	5000
2021-02-09T09:00:55.991Z	-12.127023	-142.01268	5000
2021-02-09T10:37:14.616Z	-12.126317	-142.023956	5000
2021-02-18T02:53:45.074Z	-12.011055	-142.292007	5000
2021-02-18T03:47:15.338Z	-12.016756	-142.295395	5000
2021-02-26T19:48:24.879Z	-11.94861	-142.514801	5000
2021-02-26T20:51:17.225Z	-11.951068	-142.523239	5000
2021-03-07T12:46:22.970Z	-11.860703	-142.794357	5000
2021-03-07T13:42:46.337Z	-11.861164	-142.802475	5000
2021-03-16T05:50:46.095Z	-11.755047	-143.019501	5000
2021-03-16T06:53:15.556Z	-11.756036	-143.031006	5000
2021-03-24T22:59:07.824Z	-11.690334	-143.137711	5000
2021-03-24T23:51:01.861Z	-11.689625	-143.14476	5000
2021-04-02T15:56:56.509Z	-11.686864	-143.2845	5000
2021-04-02T16:51:08.691Z	-11.684551	-143.285095	5000
2021-04-11T08:57:38.568Z	-11.676049	-143.353165	5000
2021-04-11T10:14:45.421Z	-11.675683	-143.361221	5000
2021-04-20T02:19:12.897Z	-11.712619	-143.410385	5000
2021-04-20T03:13:09.053Z	-11.715256	-143.415482	5000
2021-04-28T19:37:15.153Z	-11.775383	-143.505737	5000
2021-04-28T20:34:28.742Z	-11.777447	-143.511826	5000
2021-05-07T12:39:19.878Z	-11.816668	-143.602844	5000
2021-05-07T13:28:43.970Z	-11.821548	-143.610275	5000
2021-05-16T05:45:36.909Z	-11.882997	-143.773254	5000
2021-05-16T06:38:17.794Z	-11.876738	-143.775894	5000
2021-05-24T22:43:52.258Z	-11.874809	-143.958527	5000
2021-05-24T23:35:37.383Z	-11.876249	-143.962082	5000
2021-06-02T15:54:10.517Z	-11.892186	-144.18898	5000
2021-06-02T16:38:52.101Z	-11.893893	-144.193512	5000
2021-06-11T09:02:06.592Z	-11.911693	-144.480972	5000
2021-06-11T10:04:44.137Z	-11.9146	-144.489288	5000
2021-06-20T02:07:39.426Z	-11.979072	-144.713272	5000
2021-06-20T03:03:59.055Z	-11.985976	-144.718124	5000
2021-06-28T19:20:03.776Z	-11.992432	-144.808533	5000
2021-06-28T20:13:03.066Z	-11.991759	-144.815094	5000
2021-07-07T12:15:07.089Z	-11.973661	-144.898071	5000
2021-07-07T13:10:28.361Z	-11.979378	-144.909897	5000
2021-07-16T05:24:21.541Z	-11.935	-144.95752	5000
2021-07-16T06:30:13.149Z	-11.942928	-144.976837	5000
2021-07-24T22:47:24.628Z	-11.893443	-145.064041	5000
2021-07-24T23:37:43.866Z	-11.899026	-145.06871	5000
2021-08-02T15:47:45.523Z	-11.903442	-145.236389	5000
2021-08-02T16:37:46.586Z	-11.901285	-145.24231	5000
2021-08-11T08:44:13.375Z	-11.954824	-145.505783	5000
2021-08-11T09:36:18.094Z	-11.953946	-145.510513	5000
2021-08-20T01:37:10.017Z	-11.863385	-145.780884	5000
2021-08-20T02:33:02.125Z	-11.871961	-145.797729	5000
2021-08-28T18:47:23.779Z	-11.793926	-146.069046	5000
2021-08-28T19:37:51.113Z	-11.79236	-146.084198	5000
2021-09-06T11:43:44.916Z	-11.580194	-146.435928	5000
2021-09-06T12:51:35.041Z	-11.581806	-146.441864	5000
2021-09-15T04:45:39.170Z	-11.460423	-146.820572	5000
2021-09-15T05:38:41.290Z	-11.464128	-146.827637	5000
2021-09-23T21:45:57.063Z	-11.409163	-147.153046	5000
2021-09-23T22:37:29.206Z	-11.409995	-147.157928	5000
2021-10-02T14:55:55.946Z	-11.382298	-147.411224	5000
2021-10-02T16:44:25.461Z	-11.377472	-147.428955	5000
2021-10-11T08:58:42.306Z	-11.457815	-147.710968	5000
2021-10-11T09:51:45.877Z	-11.459322	-147.714294	5000
2021-10-20T02:09:23.132Z	-11.643725	-147.988724	5000
2021-10-20T03:24:18.888Z	-11.658611	-148.007141	5000
2021-10-28T19:25:03.529Z	-11.879773	-148.211655	5000
2021-10-28T20:17:56.514Z	-11.880446	-148.216812	5000
2021-11-06T12:33:26.182Z	-12.031413	-148.328583	5000
2021-11-06T13:26:13.372Z	-12.037786	-148.332092	5000
2021-11-15T05:44:31.645Z	-12.163262	-148.335709	5000
2021-11-15T06:36:00.784Z	-12.160995	-148.33873	5000
2021-11-23T22:49:57.116Z	-12.148356	-148.26947	5000
2021-11-23T23:43:18.745Z	-12.151137	-148.269547	5000
2021-12-02T16:03:17.704Z	-12.106416	-148.188751	5000
2021-12-02T17:40:13.839Z	-12.105519	-148.194977	5000
2021-12-11T10:04:42.100Z	-11.997582	-147.963486	5000
2021-12-11T11:15:05.000Z	-11.998053	-147.974625	5000
2021-12-20T03:27:49.523Z	-11.932991	-147.783585	5000
2021-12-20T04:47:39.597Z	-11.931945	-147.771103	5000
2021-12-28T21:06:29.694Z	-12.077322	-147.642822	5000
2021-12-28T22:04:07.022Z	-12.084895	-147.647217	5000
2022-01-06T14:23:41.975Z	-12.31267	-147.447479	5000
2022-01-06T15:20:15.500Z	-12.312173	-147.457977	5000
2022-01-15T07:30:45.343Z	-12.619617	-147.337051	5000
2022-01-15T08:20:34.266Z	-12.621447	-147.342072	5000
2022-01-24T00:40:21.602Z	-12.910211	-147.169601	5000
2022-01-24T01:59:13.631Z	-12.91635	-147.185623	5000
2022-02-01T18:06:47.427Z	-13.042763	-146.948929	5000
2022-02-01T19:00:49.440Z	-13.043388	-146.953445	5000
2022-02-10T11:13:16.468Z	-12.907416	-146.714066	5000
2022-02-10T12:08:52.372Z	-12.913261	-146.728226	5000
2022-02-19T04:26:12.024Z	-12.679023	-146.475006	5000
2022-02-19T05:13:53.691Z	-12.676014	-146.480606	5000
2022-02-27T21:30:24.193Z	-12.532276	-146.315399	5000
2022-02-27T22:21:37.998Z	-12.528996	-146.320038	5000
2022-03-08T14:45:53.025Z	-12.422671	-146.220993	5000
2022-03-08T15:34:45.421Z	-12.423308	-146.217804	5000
2022-03-17T07:46:33.130Z	-12.446975	-146.101532	5000
2022-03-17T08:52:07.163Z	-12.453055	-146.103882	5000
2022-03-26T00:56:22.649Z	-12.545167	-146.077011	5000
2022-03-26T01:47:25.795Z	-12.545204	-146.086426	5000
2022-04-03T18:00:06.694Z	-12.538763	-146.162781	5000
2022-04-03T18:48:28.450Z	-12.54075	-146.167557	5000
2022-04-12T10:51:05.968Z	-12.464824	-146.341248	5000
2022-04-12T11:40:44.896Z	-12.465187	-146.347229	5000
2022-04-21T04:00:14.271Z	-12.315468	-146.494888	5000
2022-04-21T04:58:13.593Z	-12.314718	-146.49704	5000
2022-04-29T21:13:20.149Z	-12.08353	-146.465118	5000
2022-04-29T22:23:35.715Z	-12.080113	-146.479675	5000
2022-05-08T14:13:56.140Z	-12.061873	-146.299149	5000
2022-05-08T15:04:08.471Z	-12.066039	-146.303741	5000
2022-05-17T07:26:35.470Z	-12.158041	-146.17038	5000
2022-05-17T08:18:36.542Z	-12.159653	-146.175537	5000
2022-05-26T00:38:49.711Z	-12.389384	-146.033981	5000
2022-05-26T01:30:14.489Z	-12.391379	-146.042633	5000
2022-06-03T17:38:33.613Z	-12.589919	-146.010513	5000
2022-06-03T18:36:20.243Z	-12.589353	-146.011826	5000
2022-06-12T10:52:46.254Z	-12.687834	-145.845932	5000
2022-06-12T11:37:39.814Z	-12.688372	-145.84877	5000
2022-06-21T04:00:42.187Z	-12.660922	-145.640137	5000
2022-06-21T04:47:00.786Z	-12.6622	-145.64624	5000
2022-06-29T21:03:34.429Z	-12.313051	-145.371536	5000
2022-06-29T21:53:28.472Z	-12.313463	-145.379135	5000
2022-07-08T14:02:47.254Z	-11.957945	-145.172913	5000
2022-07-08T14:51:22.000Z	-11.955857	-145.177734	5000
2022-07-17T07:11:05.406Z	-11.953967	-144.95903	5000
2022-07-17T08:04:52.830Z	-11.955881	-144.963028	5000
2022-07-26T00:10:52.268Z	-12.267485	-144.883057	5000
2022-07-26T01:04:05.245Z	-12.272054	-144.892319	5000
2022-08-03T17:19:19.051Z	-12.625205	-144.827576	5000
2022-08-03T18:27:50.640Z	-12.626442	-144.833572	5000
2022-08-12T10:49:57.264Z	-12.872039	-144.620407	5000
2022-08-12T11:36:58.921Z	-12.871374	-144.621704	5000
2022-08-21T03:59:45.065Z	-12.880281	-144.384613	5000
2022-08-21T04:56:47.845Z	-12.887107	-144.3862	5000
2022-08-29T21:08:14.709Z	-12.724464	-144.139725	5000
2022-08-29T21:57:46.017Z	-12.722325	-144.156403	5000
2022-09-07T14:22:53.460Z	-12.596889	-143.953964	5000
2022-09-07T15:07:26.567Z	-12.597361	-143.959488	5000
2022-09-16T07:20:46.047Z	-12.55771	-143.691071	5000
2022-09-16T08:12:38.248Z	-12.550078	-143.69632	5000
2022-09-25T00:32:20.039Z	-12.578677	-143.501831	5000
2022-09-25T01:20:08.966Z	-12.578947	-143.507797	5000
2022-10-03T17:39:52.521Z	-12.790461	-143.404404	5000
2022-10-03T18:38:50.745Z	-12.791455	-143.404831	5000
2022-10-12T10:48:12.847Z	-12.935037	-143.26651	5000
2022-10-12T11:31:50.313Z	-12.930589	-143.263199	5000
2022-10-21T03:49:24.939Z	-13.047964	-143.045731	5000
2022-10-21T04:44:26.376Z	-13.05829	-143.050262	5000
2022-10-29T21:15:20.000Z	-13.001317	-142.86731	5000
2022-10-29T21:29:39.000Z	-13.0013	-142.867126	5000
2022-11-07T13:57:47.775Z	-12.826064	-142.55217	5000
2022-11-07T15:03:52.573Z	-12.827262	-142.551636	5000
2022-11-16T07:45:21.000Z	-12.6137	-142.258438	5000
2022-11-16T08:04:36.000Z	-12.6137	-142.258514	5000
2022-11-25T00:36:26.146Z	-12.542028	-142.017242	5000
2022-11-25T01:25:31.185Z	-12.54544	-142.016708	5000
2022-12-03T17:39:25.062Z	-12.438339	-141.911469	5000
2022-12-03T18:29:13.764Z	-12.435357	-141.913361	5000
2022-12-12T10:41:57.233Z	-12.287145	-141.951309	5000
2022-12-12T11:35:57.520Z	-12.292237	-141.961349	5000
2022-12-21T03:47:26.015Z	-12.170929	-142.068115	5000
2022-12-21T04:39:25.750Z	-12.179283	-142.079681	5000
2022-12-29T21:01:44.744Z	-12.015082	-142.177475	5000
2022-12-29T22:03:00.944Z	-12.012973	-142.185181	5000
2023-01-07T14:14:38.239Z	-11.882941	-142.212692	5000
2023-01-07T15:02:35.492Z	-11.882841	-142.214767	5000
2023-01-16T07:08:48.796Z	-11.955265	-142.157166	5000
2023-01-16T07:59:45.483Z	-11.956345	-142.158279	5000
2023-01-25T00:09:29.845Z	-12.0458	-142.100479	5000
2023-01-25T01:02:07.387Z	-12.047059	-142.107101	5000
2023-02-02T17:20:54.462Z	-12.02842	-141.948822	5000
2023-02-11T11:38:45.895Z	-11.995326	-141.675125	5000
2023-02-20T03:50:50.148Z	-12.151566	-141.39679	5000
2023-02-20T04:40:39.291Z	-12.15989	-141.396484	5000
2023-02-28T21:01:46.138Z	-12.32947	-141.151779	5000
2023-02-28T21:52:32.619Z	-12.329066	-141.159515	5000
2023-03-09T14:07:02.270Z	-12.302042	-140.982483	5000
2023-03-09T15:21:41.192Z	-12.294879	-140.988373	5000
2023-03-18T07:24:33.077Z	-12.090997	-140.858566	5000
2023-03-18T08:29:35.070Z	-12.09468	-140.868378	5000
2023-03-27T00:40:00.086Z	-11.877151	-140.794434	5000
2023-03-27T01:50:49.660Z	-11.869265	-140.794464	5000
2023-04-04T17:54:34.947Z	-11.698659	-140.808151	5000
2023-04-04T18:43:44.410Z	-11.69241	-140.808105	5000
2023-04-13T10:51:48.363Z	-11.5754	-140.889221	5000
2023-04-13T11:48:54.541Z	-11.577904	-140.890656	5000
2023-04-22T04:04:27.490Z	-11.472619	-140.969986	5000
2023-04-22T04:55:31.789Z	-11.471145	-140.976746	5000
2023-04-30T21:04:36.271Z	-11.512187	-141.109497	5000
2023-04-30T21:59:35.882Z	-11.518173	-141.119568	5000
2023-05-09T14:12:48.272Z	-11.709196	-141.310898	5000
2023-05-09T15:18:51.483Z	-11.704323	-141.322418	5000
2023-05-18T07:25:46.605Z	-11.862916	-141.42511	5000
2023-05-18T08:33:24.789Z	-11.867319	-141.43251	5000
2023-05-27T00:45:19.868Z	-11.9776	-141.423004	5000
2023-05-27T01:42:34.037Z	-11.9777	-141.431793	5000
2023-06-04T17:59:01.145Z	-12.001546	-141.303223	5000
2023-06-04T19:15:14.920Z	-11.995588	-141.307846	5000
2023-06-13T11:18:14.441Z	-12.088704	-141.079346	5000
2023-06-13T12:09:58.617Z	-12.092311	-141.074631	5000
2023-06-22T04:27:48.013Z	-12.239399	-140.835388	5000
2023-06-22T05:26:20.840Z	-12.242393	-140.833557	5000
2023-06-30T21:31:22.915Z	-12.277277	-140.464874	5000
2023-06-30T23:04:02.931Z	-12.279612	-140.471588	5000
2023-07-09T15:07:16.599Z	-12.241954	-140.149506	5000
2023-07-09T16:25:46.955Z	-12.248786	-140.161591	5000
2023-07-18T08:26:37.005Z	-12.373755	-139.848984	5000
2023-07-18T09:19:48.557Z	-12.376353	-139.85582	5000
2023-07-27T01:43:16.175Z	-12.602794	-139.546173	5000
2023-07-27T02:49:09.531Z	-12.6067	-139.55368	5000
2023-08-04T19:00:26.643Z	-12.721138	-139.138641	5000
2023-08-04T20:00:37.205Z	-12.718497	-139.14534	5000
2023-08-13T12:12:48.682Z	-12.569008	-138.695633	5000
2023-08-13T13:01:51.520Z	-12.571723	-138.695374	5000
2023-08-22T05:18:57.435Z	-12.317748	-138.312469	5000
2023-08-22T06:29:06.677Z	-12.325774	-138.329391	5000
2023-08-30T22:33:01.566Z	-12.199463	-138.068146	5000
2023-08-30T23:23:44.817Z	-12.202734	-138.075195	5000
2023-09-08T15:44:16.026Z	-12.407599	-137.779495	5000
2023-09-08T16:45:02.527Z	-12.410506	-137.789093	5000
2023-09-17T08:54:44.485Z	-12.598991	-137.406876	5000
2023-09-17T09:52:35.365Z	-12.594916	-137.412399	5000
2023-09-26T02:05:51.320Z	-12.548555	-136.938034	5000
2023-09-26T02:50:37.061Z	-12.55398	-136.943314	5000
2023-10-04T19:12:49.662Z	-12.419898	-136.476273	5000
2023-10-04T20:02:55.082Z	-12.418675	-136.482178	5000
2023-10-13T12:09:57.956Z	-12.339568	-136.083527	5000
2023-10-13T13:02:06.476Z	-12.335018	-136.084412	5000
2023-10-22T05:19:19.129Z	-12.426715	-135.64798	5000
2023-10-22T06:17:33.052Z	-12.433863	-135.656769	5000
2023-10-30T22:24:17.497Z	-12.501936	-135.233627	5000
2023-10-30T23:27:26.034Z	-12.505781	-135.24411	5000
2023-11-08T15:34:07.454Z	-12.49883	-134.801071	5000
2023-11-08T16:27:34.113Z	-12.497586	-134.807938	5000
2023-11-17T08:39:30.317Z	-12.314704	-134.483185	5000
2023-11-17T09:42:21.022Z	-12.321707	-134.483948	5000
2023-11-26T01:52:33.886Z	-12.07321	-134.188522	5000
2023-11-26T02:56:50.141Z	-12.074586	-134.191788	5000
2023-12-04T19:17:16.256Z	-11.963041	-133.890823	5000
2023-12-04T20:20:39.914Z	-11.971602	-133.892502	5000
2023-12-13T12:27:50.059Z	-12.050929	-133.537979	5000
2023-12-13T13:18:04.652Z	-12.053888	-133.539276	5000
2023-12-22T05:39:04.292Z	-12.10786	-133.311218	5000
2023-12-22T06:32:54.730Z	-12.108081	-133.307846	5000
2023-12-30T22:45:15.425Z	-12.128222	-133.194046	5000
2023-12-30T23:35:36.373Z	-12.132092	-133.199905	5000
2024-01-08T15:52:25.404Z	-12.017387	-133.137115	5000
2024-01-08T16:52:46.885Z	-12.021368	-133.139816	5000
2024-01-17T09:02:59.245Z	-11.910424	-133.125168	5000
2024-01-17T09:51:11.700Z	-11.914153	-133.1259	5000
2024-01-26T02:18:07.776Z	-11.770715	-133.171555	5000
2024-01-26T03:08:53.720Z	-11.774666	-133.17482	5000
2024-02-03T19:25:18.471Z	-11.710951	-133.237473	5000
2024-02-03T20:18:19.070Z	-11.713552	-133.237473	5000
2024-02-12T12:24:27.721Z	-11.790092	-133.400299	5000
