Datetime	Latitude	Longitude	WaterPressure
2018-09-06T20:34:20.425Z	-15.427862	-130.718246	5000
2018-09-07T19:43:35.996Z	-15.425298	-130.739014	5000
2018-09-07T20:39:18.221Z	-15.429289	-130.745361	5000
2018-09-10T04:25:54.073Z	-15.450638	-130.759323	150500
2018-09-10T09:30:04.311Z	-15.452579	-130.76059	5000
2018-09-10T10:23:50.651Z	-15.450924	-130.76767	5000
2018-09-16T21:18:07.111Z	-15.472371	-130.753342	151500
2018-09-17T02:37:02.299Z	-15.473107	-130.752853	5000
2018-09-17T03:35:22.558Z	-15.479677	-130.758972	5000
2018-09-25T13:21:52.876Z	-15.417937	-130.670898	5000
2018-09-25T14:17:00.153Z	-15.416606	-130.662842	5000
2018-09-30T10:58:19.376Z	-15.36235	-130.626297	151400
2018-09-30T16:08:21.694Z	-15.359947	-130.62468	5000
2018-09-30T17:12:35.252Z	-15.361238	-130.621826	5000
2018-10-09T02:42:12.052Z	-15.296414	-130.625046	5000
2018-10-09T03:46:42.175Z	-15.299228	-130.621201	5000
2018-10-16T00:36:29.975Z	-15.282403	-130.630295	150600
2018-10-16T05:43:22.856Z	-15.281881	-130.630585	5000
2018-10-16T06:41:57.755Z	-15.288724	-130.628754	5000
2018-10-24T16:18:54.304Z	-15.293638	-130.606537	5000
2018-10-24T17:17:17.788Z	-15.294298	-130.608612	5000
2018-10-25T23:13:00.837Z	-15.302976	-130.601334	151000
2018-10-30T02:21:01.391Z	-15.331718	-130.577255	151800
2018-10-30T07:34:34.647Z	-15.333233	-130.575974	5000
2018-10-30T08:41:43.809Z	-15.341304	-130.570633	5000
2018-11-07T18:14:18.636Z	-15.404917	-130.545074	5000
2018-11-07T19:14:29.126Z	-15.423711	-130.5383	5000
2018-11-16T04:39:00.786Z	-15.415726	-130.467209	5000
2018-11-16T05:45:46.410Z	-15.426422	-130.471939	5000
2018-11-24T15:14:43.082Z	-15.449563	-130.459213	5000
2018-11-24T16:13:43.894Z	-15.459164	-130.458252	5000
2018-11-30T17:39:50.251Z	-15.425658	-130.47023	152800
2018-11-30T22:53:13.230Z	-15.424455	-130.470673	5000
2018-12-01T00:00:59.475Z	-15.430099	-130.479965	5000
2018-12-05T04:26:21.686Z	-15.396047	-130.508621	150900
2018-12-05T09:41:43.957Z	-15.394264	-130.510132	5000
2018-12-05T10:35:55.964Z	-15.39502	-130.510284	5000
2018-12-11T02:37:17.752Z	-15.377172	-130.561417	153900
2018-12-11T08:00:37.837Z	-15.376466	-130.563446	5000
2018-12-11T09:17:39.876Z	-15.371021	-130.569763	5000
2018-12-19T18:53:34.587Z	-15.37743	-130.679443	5000
2018-12-19T19:53:48.134Z	-15.373091	-130.683899	5000
2018-12-20T17:13:16.860Z	-15.383308	-130.694382	151100
2018-12-20T18:53:19.782Z	-15.384108	-130.695206	151900
2018-12-23T23:14:53.367Z	-15.420694	-130.732727	150800
2018-12-24T04:32:32.154Z	-15.423231	-130.735336	5000
2018-12-24T05:31:30.702Z	-15.423848	-130.742386	5000
2019-01-01T15:02:16.517Z	-15.515679	-130.800934	5000
2019-01-01T15:55:38.252Z	-15.517612	-130.808014	5000
2019-01-10T01:32:20.258Z	-15.563031	-130.862595	5000
2019-01-18T13:01:57.669Z	-15.618169	-130.86174	5000
2019-01-26T22:50:00.469Z	-15.632383	-130.788162	5000
2019-01-26T23:48:00.980Z	-15.637675	-130.799957	5000
2019-02-04T09:15:41.307Z	-15.517838	-130.689316	5000
2019-02-04T10:07:07.077Z	-15.517095	-130.694016	5000
2019-02-12T19:37:35.011Z	-15.40948	-130.616379	5000
2019-02-12T20:30:25.390Z	-15.406047	-130.619308	5000
2019-02-21T06:09:56.468Z	-15.415257	-130.607956	5000
2019-02-21T07:04:25.312Z	-15.418588	-130.6064	5000
2019-02-22T10:25:00.577Z	-15.432636	-130.608307	151100
2019-03-01T08:58:38.093Z	-15.518212	-130.619858	151400
2019-03-01T14:11:24.737Z	-15.52089	-130.620224	5000
2019-03-01T15:07:21.788Z	-15.524907	-130.616165	5000
2019-03-10T00:32:26.785Z	-15.551934	-130.577927	5000
2019-03-10T01:39:20.958Z	-15.561428	-130.580246	5000
2019-03-18T11:03:53.029Z	-15.533768	-130.430954	5000
2019-03-18T12:24:37.125Z	-15.543768	-130.429474	5000
2019-03-20T15:32:19.805Z	-15.545623	-130.399597	152900
2019-03-20T20:41:09.273Z	-15.54581	-130.396591	5000
2019-03-20T21:39:01.957Z	-15.548641	-130.397598	5000
2019-03-29T07:06:57.881Z	-15.473071	-130.373428	5000
2019-03-29T08:07:57.429Z	-15.471222	-130.380646	5000
2019-04-06T17:39:03.075Z	-15.325123	-130.323883	5000
2019-04-06T18:31:30.322Z	-15.322919	-130.328781	5000
2019-04-09T18:04:56.378Z	-15.292682	-130.282654	149900
2019-04-09T23:20:28.178Z	-15.29046	-130.279266	5000
2019-04-10T00:17:11.871Z	-15.289662	-130.285446	5000
2019-04-18T09:56:53.134Z	-15.198319	-130.203766	5000
2019-04-18T10:50:16.847Z	-15.193554	-130.205521	5000
2019-04-26T20:11:53.249Z	-15.152267	-130.020981	5000
2019-04-26T21:05:53.306Z	-15.153699	-130.025208	5000
2019-05-05T06:50:19.806Z	-15.271253	-129.869812	5000
2019-05-05T07:48:36.284Z	-15.271402	-129.872787	5000
2019-05-13T17:24:36.424Z	-15.330139	-129.771149	5000
2019-05-13T18:14:31.029Z	-15.334033	-129.773178	5000
2019-05-22T04:16:22.000Z	-15.388383	-129.740402	5000
2019-05-22T04:31:12.000Z	-15.38835	-129.740356	5000
2019-05-26T07:48:58.131Z	-15.420295	-129.757294	152000
2019-05-26T12:53:36.489Z	-15.421928	-129.758163	5000
2019-05-26T13:52:02.483Z	-15.42015	-129.7565	5000
2019-06-03T23:31:51.154Z	-15.393738	-129.825134	5000
2019-06-04T00:28:34.348Z	-15.391232	-129.828003	5000
2019-06-12T10:06:37.458Z	-15.312067	-129.884216	5000
2019-06-21T20:25:22.382Z	-15.260895	-129.85585	5000
2019-06-30T06:16:47.337Z	-15.19199	-129.762863	5000
2019-06-30T07:18:31.159Z	-15.189909	-129.758224	5000
2019-07-08T16:45:26.904Z	-15.27672	-129.702789	5000
2019-07-08T17:40:28.958Z	-15.275191	-129.704926	5000
2019-07-17T03:13:56.446Z	-15.28263	-129.703979	5000
2019-07-17T04:20:17.937Z	-15.285456	-129.703674	5000
2019-07-25T13:47:42.000Z	-15.326128	-129.698975	5000
2019-07-25T14:44:04.166Z	-15.329043	-129.698883	5000
2019-08-03T00:13:33.250Z	-15.448812	-129.640656	5000
2019-08-03T01:16:12.213Z	-15.458598	-129.640915	5000
2019-08-11T10:58:45.440Z	-15.587218	-129.626038	5000
2019-08-11T11:48:29.689Z	-15.596087	-129.627975	5000
2019-08-16T21:54:49.702Z	-15.708959	-129.641769	5000
2019-08-16T23:16:42.260Z	-15.728277	-129.635742	5000
2019-08-25T08:52:20.694Z	-15.848281	-129.674667	5000
2019-08-25T10:22:05.682Z	-15.855598	-129.675705	5000
2019-08-28T00:06:10.704Z	-15.887236	-129.68576	150800
2019-08-28T05:17:21.192Z	-15.889894	-129.6866	5000
2019-08-28T06:52:16.554Z	-15.892603	-129.691315	5000
2019-09-01T16:00:22.068Z	-15.918836	-129.692291	151100
2019-09-01T21:17:34.810Z	-15.920155	-129.692337	5000
2019-09-01T22:40:55.738Z	-15.930396	-129.693298	5000
2019-09-10T08:09:28.831Z	-15.916296	-129.633087	5000
2019-09-10T09:54:16.245Z	-15.925108	-129.640305	5000
2019-09-18T19:29:03.457Z	-15.895232	-129.603317	5000
2019-09-18T20:30:25.451Z	-15.889557	-129.601593	5000
2019-09-27T06:03:48.513Z	-15.854798	-129.590424	5000
2019-09-27T07:14:46.115Z	-15.846405	-129.59581	5000
2019-10-05T16:53:56.372Z	-15.799742	-129.57019	5000
2019-10-05T17:51:44.664Z	-15.794684	-129.573029	5000
2019-10-14T03:32:05.555Z	-15.818298	-129.595261	5000
2019-10-14T04:36:26.475Z	-15.834562	-129.584198	5000
2019-10-22T14:01:56.156Z	-15.931231	-129.617996	5000
2019-10-22T14:59:23.077Z	-15.937507	-129.625824	5000
2019-10-31T00:27:35.310Z	-16.034136	-129.609665	5000
2019-10-31T02:07:51.343Z	-16.054237	-129.614105	5000
2019-11-08T11:43:31.444Z	-16.164146	-129.645432	5000
2019-11-08T12:54:12.735Z	-16.173468	-129.65419	5000
2019-11-16T22:17:31.844Z	-16.299282	-129.634598	5000
2019-11-16T23:13:45.037Z	-16.31123	-129.638519	5000
2019-11-25T08:46:39.245Z	-16.356033	-129.6129	5000
2019-11-25T09:41:40.867Z	-16.348457	-129.61467	5000
2019-12-03T19:27:01.302Z	-16.301813	-129.64801	5000
2019-12-03T20:28:15.917Z	-16.297663	-129.651382	5000
2019-12-04T20:17:57.591Z	-16.289936	-129.651718	148900
2019-12-12T06:06:27.677Z	-16.232285	-129.654266	5000
2019-12-12T07:11:16.183Z	-16.237875	-129.654938	5000
2019-12-20T16:36:47.048Z	-16.166424	-129.643311	5000
2019-12-20T17:34:23.152Z	-16.168516	-129.645584	5000
2019-12-29T03:07:28.936Z	-16.148281	-129.623642	5000
2019-12-29T04:23:09.444Z	-16.157963	-129.622452	5000
2020-01-06T13:53:41.086Z	-16.220932	-129.5121	5000
2020-01-06T14:55:00.013Z	-16.222685	-129.497955	5000
2020-01-15T00:35:30.000Z	-16.273399	-129.355011	5000
2020-01-15T01:35:01.000Z	-16.273333	-129.347229	5000
2020-01-23T11:15:04.065Z	-16.2778	-129.244064	5000
2020-01-23T12:11:29.832Z	-16.281088	-129.24585	5000
2020-01-31T21:22:48.920Z	-16.255531	-129.130432	5000
2020-01-31T22:20:05.026Z	-16.260292	-129.134537	5000
2020-02-09T08:00:43.934Z	-16.269888	-129.090866	5000
2020-02-09T09:07:04.291Z	-16.267965	-129.097122	5000
2020-02-17T18:39:19.565Z	-16.284813	-129.081299	5000
2020-02-17T19:38:09.930Z	-16.28586	-129.085785	5000
2020-02-26T05:16:21.035Z	-16.314493	-129.082413	5000
2020-02-26T06:08:38.888Z	-16.314533	-129.083435	5000
2020-03-05T15:58:25.895Z	-16.35813	-129.115417	5000
2020-03-05T16:53:28.150Z	-16.360023	-129.124954	5000
2020-03-14T02:32:37.134Z	-16.403278	-129.106949	5000
2020-03-14T03:33:36.467Z	-16.409433	-129.105377	5000
2020-03-22T13:13:24.972Z	-16.442957	-129.111664	5000
2020-03-22T14:10:46.897Z	-16.446259	-129.116074	5000
2020-03-25T03:01:13.214Z	-16.461037	-129.093094	153300
2020-03-25T08:15:36.479Z	-16.462309	-129.09111	5000
2020-03-25T09:26:54.460Z	-16.464802	-129.093704	5000
2020-04-02T19:10:36.768Z	-16.414782	-129.071854	5000
2020-04-02T20:21:29.418Z	-16.418354	-129.076828	5000
2020-04-11T05:58:42.244Z	-16.358162	-128.979904	5000
2020-04-11T07:00:28.349Z	-16.351723	-128.974426	5000
2020-04-19T16:32:01.429Z	-16.292454	-128.815842	5000
2020-04-19T17:26:03.466Z	-16.293205	-128.812149	5000
2020-04-24T05:41:17.314Z	-16.290632	-128.719711	153600
2020-04-28T03:19:01.678Z	-16.288406	-128.639771	5000
2020-04-28T04:21:26.889Z	-16.289661	-128.640488	5000
2020-05-06T13:45:19.466Z	-16.306393	-128.47348	5000
2020-05-06T14:37:00.735Z	-16.305964	-128.471451	5000
2020-05-15T00:26:29.107Z	-16.369413	-128.332169	5000
2020-05-15T01:21:51.628Z	-16.372561	-128.331512	5000
2020-05-23T11:03:29.684Z	-16.45363	-128.182343	5000
2020-05-23T11:58:28.130Z	-16.44956	-128.184677	5000
2020-05-31T21:23:46.297Z	-16.527479	-128.071915	5000
2020-05-31T22:25:53.615Z	-16.530041	-128.075821	5000
2020-06-09T08:04:34.724Z	-16.556845	-127.972939	5000
2020-06-09T08:55:02.588Z	-16.561272	-127.974411	5000
2020-06-17T18:36:46.681Z	-16.572664	-127.926414	5000
2020-06-17T19:31:17.853Z	-16.574308	-127.934448	5000
2020-06-18T12:57:09.458Z	-16.574192	-127.934647	147200
2020-06-23T15:35:56.323Z	-16.57338	-127.936043	150300
2020-06-23T20:49:44.755Z	-16.573345	-127.936104	5000
2020-06-23T21:46:14.765Z	-16.569801	-127.939461	5000
2020-07-02T07:22:06.788Z	-16.53112	-127.948853	5000
2020-07-02T08:31:35.760Z	-16.529486	-127.948936	5000
2020-07-10T18:06:02.669Z	-16.489244	-127.95697	5000
2020-07-10T19:03:42.937Z	-16.492889	-127.960999	5000
2020-07-19T04:38:56.591Z	-16.46431	-128.034515	5000
2020-07-19T05:30:18.324Z	-16.466173	-128.035202	5000
2020-07-22T06:23:31.106Z	-16.454184	-128.072968	150800
2020-07-22T11:38:55.593Z	-16.45332	-128.075699	5000
2020-07-22T12:35:16.057Z	-16.452139	-128.082199	5000
2020-07-30T22:11:11.571Z	-16.470833	-128.140442	5000
2020-07-30T23:03:32.276Z	-16.47419	-128.144577	5000
2020-08-08T08:43:27.864Z	-16.479303	-128.196594	5000
2020-08-08T09:36:02.166Z	-16.47809	-128.201004	5000
2020-08-16T19:18:01.104Z	-16.448578	-128.238144	5000
2020-08-16T20:16:14.580Z	-16.446779	-128.240707	5000
2020-08-25T05:37:49.052Z	-16.382	-128.272781	5000
2020-08-25T06:37:07.052Z	-16.384577	-128.270233	5000
2020-09-02T16:14:18.958Z	-16.296021	-128.270248	5000
2020-09-02T17:20:14.562Z	-16.299442	-128.269531	5000
2020-09-11T02:44:51.738Z	-16.201448	-128.294739	5000
2020-09-11T03:49:39.240Z	-16.207798	-128.293442	5000
2020-09-19T13:12:10.990Z	-16.152256	-128.327621	5000
2020-09-19T14:02:44.161Z	-16.157055	-128.32872	5000
2020-09-27T23:35:19.496Z	-16.102753	-128.341736	5000
2020-09-28T00:31:11.101Z	-16.108696	-128.349045	5000
2020-10-06T10:17:53.820Z	-16.014275	-128.254227	50900
2020-10-06T12:00:15.148Z	-16.013475	-128.253418	5000
2020-10-06T13:10:15.051Z	-16.01841	-128.265518	5000
2020-10-15T05:25:47.778Z	-15.794298	-128.194519	5000
2020-10-15T06:16:42.473Z	-15.79635	-128.201157	5000
2020-10-19T21:04:59.096Z	-15.668245	-128.125565	52100
2020-10-19T22:55:42.240Z	-15.666112	-128.124313	5000
2020-10-19T23:52:55.151Z	-15.673559	-128.13063	5000
2020-10-28T16:07:23.692Z	-15.520549	-128.015945	5000
2020-10-28T17:11:52.786Z	-15.525111	-128.016891	5000
2020-11-06T09:25:25.970Z	-15.421751	-127.839119	5000
2020-11-06T10:23:43.869Z	-15.421138	-127.841423	5000
2020-11-15T02:38:46.157Z	-15.36568	-127.658043	5000
2020-11-15T03:31:13.693Z	-15.365697	-127.664879	5000
2020-11-23T19:55:10.729Z	-15.344972	-127.605148	5000
2020-11-23T20:51:51.155Z	-15.345785	-127.611046	5000
2020-12-02T13:19:10.646Z	-15.489015	-127.523071	5000
2020-12-02T14:19:57.700Z	-15.491035	-127.5299	5000
2020-12-11T06:36:58.151Z	-15.741523	-127.420708	5000
2020-12-11T07:37:42.755Z	-15.742964	-127.426003	5000
2020-12-19T23:56:05.944Z	-15.815047	-127.265823	5000
2020-12-20T00:48:39.242Z	-15.820407	-127.271873	5000
2020-12-28T17:15:37.700Z	-15.543469	-127.243874	5000
2020-12-28T18:17:59.108Z	-15.545324	-127.253204	5000
2021-01-06T10:37:22.363Z	-15.113217	-127.220879	5000
2021-01-06T11:53:38.852Z	-15.110657	-127.225548	5000
2021-01-15T04:07:31.459Z	-14.705249	-126.922447	5000
2021-01-15T05:08:36.073Z	-14.704867	-126.929581	5000
2021-01-21T18:35:23.464Z	-14.649053	-126.658264	51100
2021-01-21T20:21:01.472Z	-14.648429	-126.655228	5000
2021-01-21T21:27:05.485Z	-14.653276	-126.662926	5000
2021-01-23T23:46:30.141Z	-14.695013	-126.57724	51500
2021-01-24T01:33:29.802Z	-14.696492	-126.574203	5000
2021-01-24T02:27:30.385Z	-14.697905	-126.576797	5000
2021-01-27T21:33:08.787Z	-14.811818	-126.43679	53100
2021-01-27T23:25:13.107Z	-14.814154	-126.433922	5000
2021-01-28T00:23:17.695Z	-14.817624	-126.443382	5000
2021-02-03T05:28:44.296Z	-15.123892	-126.293915	52300
2021-02-03T07:18:30.133Z	-15.12765	-126.292084	5000
2021-02-03T08:20:34.684Z	-15.128186	-126.298454	5000
2021-02-12T00:39:31.515Z	-15.393039	-126.197746	5000
2021-02-12T01:35:12.666Z	-15.392084	-126.200554	5000
2021-02-12T17:19:42.034Z	-15.403462	-126.199013	52300
2021-02-20T17:54:12.162Z	-15.54266	-126.180145	5000
2021-02-20T18:55:10.400Z	-15.543837	-126.186562	5000
2021-02-25T22:55:55.573Z	-15.560651	-126.247276	52000
2021-02-27T20:34:33.994Z	-15.56684	-126.269623	51100
2021-03-01T11:10:15.128Z	-15.572073	-126.288521	5000
2021-03-01T12:12:57.361Z	-15.57138	-126.295845	5000
2021-03-04T13:35:12.536Z	-15.559233	-126.333534	50800
2021-03-04T15:23:26.300Z	-15.558934	-126.334465	5000
2021-03-04T16:30:51.115Z	-15.565535	-126.346626	5000
2021-03-12T00:10:10.276Z	-15.568014	-126.406998	52400
2021-03-12T01:56:16.278Z	-15.568039	-126.407608	5000
2021-03-12T03:00:55.559Z	-15.571898	-126.408386	5000
2021-03-20T19:20:10.944Z	-15.612151	-126.426445	5000
2021-03-20T20:16:30.812Z	-15.609737	-126.438141	5000
2021-03-29T12:37:20.458Z	-15.639299	-126.424263	5000
2021-03-29T13:31:55.351Z	-15.6344	-126.4338	5000
2021-04-05T07:45:43.728Z	-15.700235	-126.402275	50300
2021-04-05T09:28:27.365Z	-15.70093	-126.401947	5000
2021-04-05T10:28:50.426Z	-15.69955	-126.406219	5000
2021-04-14T02:47:13.330Z	-15.85713	-126.345413	5000
2021-04-14T03:55:29.805Z	-15.860969	-126.351448	5000
2021-04-22T20:21:09.656Z	-16.088833	-126.294243	5000
2021-04-22T21:14:55.106Z	-16.095942	-126.302818	5000
2021-05-01T13:36:08.704Z	-16.208857	-126.260986	5000
2021-05-01T14:31:23.061Z	-16.212255	-126.262718	5000
2021-05-10T06:50:42.069Z	-16.251631	-126.296776	5000
2021-05-10T07:54:22.116Z	-16.254026	-126.310799	5000
2021-05-19T00:07:53.476Z	-16.243443	-126.442055	5000
2021-05-19T01:07:09.515Z	-16.24781	-126.445168	5000
2021-05-27T17:31:20.693Z	-16.184435	-126.420952	5000
2021-05-27T18:42:03.000Z	-16.181896	-126.416893	5000
2021-06-05T10:58:44.446Z	-16.052835	-126.419685	5000
2021-06-05T11:55:53.960Z	-16.054396	-126.421776	5000
2021-06-09T22:52:56.086Z	-15.916291	-126.431015	52900
2021-06-10T00:41:03.500Z	-15.913964	-126.431175	5000
2021-06-10T01:34:38.342Z	-15.918776	-126.432457	5000
2021-06-18T17:59:10.180Z	-15.594012	-126.558777	5000
2021-06-18T19:00:20.365Z	-15.603683	-126.572983	5000
2021-06-25T02:01:08.702Z	-15.297444	-126.675194	54000
2021-06-25T03:48:20.469Z	-15.293821	-126.676407	5000
2021-06-25T04:44:39.033Z	-15.292292	-126.687508	5000
2021-07-03T21:04:24.700Z	-14.875824	-126.901588	5000
2021-07-03T22:00:32.607Z	-14.874371	-126.915062	5000
2021-07-12T14:21:07.764Z	-14.443731	-127.103828	5000
2021-07-12T15:14:38.470Z	-14.443256	-127.108528	5000
2021-07-21T07:32:20.802Z	-14.149491	-127.171234	5000
2021-07-21T08:22:14.000Z	-14.149817	-127.171013	5000
2021-07-29T06:25:53.993Z	-14.185036	-127.187881	51900
2021-07-29T08:12:57.630Z	-14.185366	-127.188034	5000
2021-07-29T09:17:56.269Z	-14.190397	-127.189964	5000
2021-08-07T01:31:12.919Z	-14.5037	-127.173622	5000
2021-08-07T02:31:00.122Z	-14.506757	-127.178764	5000
2021-08-14T12:07:56.963Z	-14.844087	-127.16758	54000
2021-08-14T13:55:45.912Z	-14.8475	-127.167465	5000
2021-08-14T14:56:03.667Z	-14.842966	-127.168411	5000
2021-08-16T11:21:36.599Z	-14.862194	-127.141388	52600
2021-08-22T00:56:04.196Z	-14.920008	-127.060143	53500
2021-08-22T02:42:05.159Z	-14.920773	-127.059067	5000
2021-08-22T03:40:25.467Z	-14.916135	-127.067108	5000
2021-08-22T21:44:16.210Z	-14.919673	-127.043175	51000
2021-08-30T20:04:46.586Z	-14.956954	-126.790955	5000
2021-08-30T20:58:19.000Z	-14.967731	-126.799316	5000
2021-09-08T13:17:32.362Z	-15.008953	-126.541771	5000
2021-09-08T14:18:04.750Z	-15.010154	-126.543571	5000
2021-09-17T06:31:39.701Z	-14.90449	-126.344734	5000
2021-09-17T07:22:52.676Z	-14.906123	-126.3507	5000
2021-09-25T23:48:19.670Z	-14.569579	-126.150002	5000
2021-09-26T00:44:36.004Z	-14.566015	-126.157883	5000
2021-10-02T06:36:34.477Z	-14.382307	-126.03891	52600
2021-10-02T08:24:15.335Z	-14.380107	-126.037483	5000
2021-10-02T09:22:12.861Z	-14.377246	-126.040154	5000
2021-10-09T11:05:49.874Z	-14.386991	-125.862892	51400
2021-10-09T12:49:54.487Z	-14.38709	-125.861084	5000
2021-10-09T13:48:29.165Z	-14.385203	-125.867332	5000
2021-10-18T06:15:34.397Z	-14.560934	-125.564323	5000
2021-10-18T07:11:15.425Z	-14.562905	-125.562187	5000
2021-10-26T23:35:57.140Z	-14.78875	-125.314049	5000
2021-10-27T00:48:17.028Z	-14.79259	-125.326164	5000
2021-10-27T19:48:29.015Z	-14.810637	-125.328407	52500
2021-11-04T17:12:27.935Z	-14.990499	-125.3508	5000
2021-11-04T18:09:17.241Z	-14.994497	-125.355652	5000
2021-11-13T10:31:41.435Z	-15.202792	-125.594872	5000
2021-11-13T11:36:20.791Z	-15.211363	-125.597778	5000
2021-11-22T03:51:32.507Z	-15.308119	-125.850716	5000
2021-11-22T04:48:41.430Z	-15.309813	-125.858688	5000
2021-11-30T21:12:01.872Z	-15.452153	-125.96981	5000
2021-11-30T22:14:42.250Z	-15.450633	-125.984444	5000
2021-12-09T14:28:01.117Z	-15.475399	-126.008194	5000
2021-12-09T15:28:03.587Z	-15.473137	-126.014656	5000
2021-12-18T07:55:22.571Z	-15.347092	-125.891129	5000
2021-12-18T09:01:15.827Z	-15.34915	-125.885765	5000
2021-12-27T01:11:13.775Z	-15.155929	-125.714417	5000
2021-12-27T02:12:56.301Z	-15.156835	-125.721741	5000
2022-01-04T18:27:47.433Z	-14.745827	-125.525681	5000
2022-01-04T19:29:32.856Z	-14.7424	-125.535042	5000
2022-01-13T12:02:12.476Z	-14.219298	-125.287498	5000
2022-01-13T13:01:14.042Z	-14.209723	-125.288391	5000
2022-01-22T05:22:16.438Z	-13.930886	-125.03553	5000
2022-01-22T06:11:31.278Z	-13.933018	-125.039513	5000
2022-01-30T22:44:17.898Z	-14.022857	-125.057434	5000
2022-01-31T00:00:12.090Z	-14.027521	-125.069237	5000
2022-02-03T16:06:34.149Z	-14.061883	-125.161034	49100
2022-02-03T17:52:59.299Z	-14.062574	-125.16288	5000
2022-02-03T18:56:20.585Z	-14.068998	-125.174805	5000
2022-02-12T11:22:57.059Z	-14.146824	-125.399918	5000
2022-02-12T12:13:45.988Z	-14.147795	-125.402496	5000
2022-02-16T20:27:52.770Z	-14.183125	-125.526176	52200
2022-02-16T22:16:22.658Z	-14.183737	-125.52832	5000
2022-02-16T23:13:03.997Z	-14.187086	-125.539925	5000
2022-02-25T15:27:53.178Z	-14.343652	-125.825409	5000
2022-02-25T16:25:58.547Z	-14.349281	-125.825897	5000
2022-03-02T12:59:41.174Z	-14.42956	-125.909958	51800
2022-03-02T14:48:46.064Z	-14.430812	-125.91127	5000
2022-03-02T15:42:21.400Z	-14.432646	-125.914955	5000
2022-03-07T05:40:46.413Z	-14.497606	-125.992294	53300
2022-03-07T07:25:33.860Z	-14.498638	-125.993523	5000
2022-03-07T08:26:52.458Z	-14.500286	-125.995987	5000
2022-03-16T00:42:18.074Z	-14.476232	-125.951767	5000
2022-03-16T01:40:29.568Z	-14.471365	-125.96051	5000
2022-03-24T17:56:20.713Z	-14.35951	-125.860519	5000
2022-03-24T19:24:45.431Z	-14.355199	-125.865028	5000
2022-04-02T11:43:08.018Z	-14.345384	-125.857063	5000
2022-04-02T12:44:05.864Z	-14.345384	-125.861046	5000
2022-04-11T04:47:45.326Z	-14.564236	-125.937393	5000
2022-04-11T05:40:53.329Z	-14.568574	-125.941521	5000
2022-04-19T22:00:06.493Z	-14.796304	-125.945946	5000
2022-04-19T22:56:47.183Z	-14.800406	-125.950172	5000
2022-04-28T15:15:30.087Z	-14.925807	-125.946426	5000
2022-04-28T16:05:56.937Z	-14.927386	-125.953239	5000
2022-05-07T08:23:24.162Z	-14.965393	-125.960983	5000
2022-05-07T09:40:59.352Z	-14.965578	-125.970901	5000
2022-05-10T17:22:31.310Z	-14.982141	-125.970467	48900
2022-05-10T19:00:10.371Z	-14.982479	-125.970459	5000
2022-05-10T19:53:36.925Z	-14.984569	-125.975685	5000
2022-05-19T12:25:02.401Z	-14.963056	-125.945427	5000
2022-05-19T13:22:05.238Z	-14.966959	-125.953972	5000
2022-05-22T07:13:15.315Z	-14.948027	-125.932114	53000
2022-05-22T09:02:51.526Z	-14.947501	-125.931511	5000
2022-05-22T10:12:14.174Z	-14.949998	-125.937553	5000
2022-05-26T12:09:55.491Z	-14.906686	-125.910454	53100
2022-05-26T14:04:32.737Z	-14.905842	-125.909927	5000
2022-05-26T14:58:18.042Z	-14.906376	-125.916046	5000
2022-06-04T07:15:11.555Z	-14.800108	-125.812538	5000
2022-06-04T08:12:03.143Z	-14.79754	-125.813942	5000
2022-06-08T01:02:35.770Z	-14.780728	-125.726006	53700
2022-06-08T02:57:39.994Z	-14.780365	-125.724113	5000
2022-06-08T04:07:30.641Z	-14.775998	-125.728096	5000
2022-06-16T20:13:34.571Z	-14.771636	-125.50386	5000
2022-06-16T21:07:49.667Z	-14.772737	-125.508377	5000
2022-06-25T13:24:21.909Z	-14.83428	-125.358253	5000
2022-06-25T14:29:31.686Z	-14.831582	-125.35202	5000
2022-07-04T06:46:29.806Z	-14.961182	-125.381691	5000
2022-07-04T07:54:06.451Z	-14.965833	-125.381691	5000
2022-07-12T19:22:51.871Z	-15.100364	-125.527451	52400
2022-07-12T21:11:57.441Z	-15.101566	-125.528748	5000
2022-07-12T22:11:06.011Z	-15.104691	-125.53157	5000
2022-07-21T14:26:53.890Z	-15.168601	-125.672203	5000
2022-07-21T15:27:17.107Z	-15.169538	-125.673218	5000
2022-07-30T07:39:36.903Z	-15.259187	-125.755043	5000
2022-07-30T09:41:01.450Z	-15.264859	-125.76786	5000
2022-08-08T01:53:50.304Z	-15.236852	-125.662964	5000
2022-08-08T03:04:16.883Z	-15.237185	-125.666573	5000
2022-08-16T19:22:25.104Z	-15.161146	-125.550598	5000
2022-08-16T20:19:01.923Z	-15.160863	-125.556412	5000
2022-08-24T12:17:31.095Z	-15.073977	-125.505966	51200
2022-08-24T14:06:55.236Z	-15.073116	-125.50547	5000
2022-08-24T15:43:09.557Z	-15.066832	-125.496445	5000
2022-09-02T08:08:29.306Z	-14.921557	-125.457489	5000
2022-09-02T09:45:53.736Z	-14.92745	-125.463081	5000
2022-09-10T23:58:42.094Z	-14.862788	-125.236496	50300
2022-09-11T01:45:56.000Z	-14.862227	-125.234535	5000
2022-09-11T02:36:55.464Z	-14.860643	-125.238113	5000
2022-09-19T18:52:59.282Z	-14.634109	-124.77832	5000
2022-09-19T20:00:53.644Z	-14.642469	-124.783737	5000
2022-09-23T11:14:14.086Z	-14.515195	-124.487167	48500
2022-09-23T12:55:36.954Z	-14.51273	-124.481422	5000
2022-09-23T13:50:40.882Z	-14.512784	-124.485802	5000
2022-10-02T06:18:16.192Z	-14.189088	-124.043236	5000
2022-10-02T07:14:03.841Z	-14.185356	-124.041344	5000
2022-10-10T23:26:56.607Z	-13.847957	-123.836121	5000
2022-10-11T00:25:52.509Z	-13.844199	-123.838943	5000
2022-10-19T16:39:07.782Z	-13.783265	-123.597855	5000
2022-10-19T17:35:52.604Z	-13.789869	-123.599136	5000
2022-10-28T09:49:35.338Z	-14.024579	-123.615944	5000
2022-10-28T10:45:52.696Z	-14.032168	-123.620293	5000
2022-11-06T03:07:09.666Z	-14.252539	-123.691017	5000
2022-11-06T04:27:53.620Z	-14.258518	-123.698212	5000
2022-11-14T20:36:16.232Z	-14.410809	-123.985603	5000
2022-11-14T21:29:13.477Z	-14.41515	-124.002365	5000
2022-11-23T13:45:37.847Z	-14.557869	-124.498856	5000
2022-11-23T14:51:51.364Z	-14.55497	-124.511559	5000
2022-12-02T06:53:27.705Z	-14.624465	-125.166199	5000
2022-12-02T07:55:57.317Z	-14.628299	-125.182205	5000
2022-12-11T00:07:18.518Z	-14.709168	-125.817169	5000
2022-12-11T01:03:42.859Z	-14.709379	-125.830078	5000
2022-12-19T17:16:55.882Z	-14.85162	-126.500015	5000
2022-12-19T18:10:51.103Z	-14.859442	-126.509819	5000
2022-12-28T10:33:22.111Z	-15.099733	-127.014397	5000
2022-12-28T11:36:01.772Z	-15.099733	-127.026382	5000
2023-01-06T03:52:37.611Z	-15.3779	-127.435417	5000
2023-01-06T04:55:20.535Z	-15.378457	-127.441666	5000
2023-01-14T21:11:30.274Z	-15.700724	-127.740814	5000
2023-01-21T00:50:59.655Z	-15.905812	-128.040054	5000
2023-01-24T18:44:43.785Z	-15.995548	-128.195374	50500
2023-01-24T20:28:54.256Z	-15.997281	-128.19838	5000
2023-01-24T21:25:19.303Z	-16.006741	-128.213715	5000
2023-02-02T13:35:13.894Z	-16.18178	-128.431717	5000
2023-02-02T14:35:29.527Z	-16.178637	-128.432816	5000
2023-02-06T01:36:29.618Z	-16.21237	-128.436127	49700
2023-02-06T03:22:38.423Z	-16.213089	-128.436203	5000
2023-02-06T04:39:44.082Z	-16.214001	-128.431976	5000
2023-02-06T10:43:26.783Z	-16.212221	-128.427444	50700
2023-02-14T02:11:51.282Z	-16.158369	-128.289963	49400
2023-02-14T03:51:02.142Z	-16.157885	-128.288712	5000
2023-02-14T04:55:51.382Z	-16.154871	-128.289993	5000
2023-02-15T06:46:02.187Z	-16.149193	-128.244797	48800
2023-02-22T21:16:13.978Z	-16.109087	-127.925545	5000
2023-02-22T22:20:11.198Z	-16.113384	-127.934731	5000
2023-03-01T05:46:03.504Z	-16.101629	-127.637299	49300
2023-03-01T07:26:28.235Z	-16.1015	-127.63401	5000
2023-03-01T08:26:11.171Z	-16.09971	-127.636948	5000
2023-03-09T12:49:18.065Z	-15.956859	-127.413536	51800
2023-03-09T14:28:31.217Z	-15.955655	-127.411652	5000
2023-03-09T15:32:15.894Z	-15.958011	-127.413315	5000
2023-03-16T01:02:56.660Z	-15.711035	-127.418999	50900
2023-03-16T02:45:19.105Z	-15.70829	-127.41906	5000
2023-03-16T03:54:23.447Z	-15.70679	-127.431587	5000
2023-03-21T17:05:24.108Z	-15.478476	-127.504501	51700
2023-03-21T18:51:06.771Z	-15.475455	-127.50547	5000
2023-03-21T19:53:59.479Z	-15.478169	-127.511162	5000
2023-03-22T16:08:27.872Z	-15.445167	-127.52697	53000
2023-03-27T02:35:44.255Z	-15.271598	-127.610107	53100
2023-03-27T04:22:19.054Z	-15.268702	-127.611496	5000
2023-03-27T05:29:01.781Z	-15.263495	-127.619926	5000
2023-03-27T22:28:55.744Z	-15.245577	-127.633232	54400
2023-04-02T18:15:23.979Z	-15.09824	-127.742638	49800
2023-04-02T20:02:59.541Z	-15.09635	-127.744041	5000
2023-04-02T21:03:20.429Z	-15.101565	-127.74913	5000
2023-04-11T13:27:47.555Z	-14.942305	-127.854576	5000
2023-04-11T14:41:12.070Z	-14.945827	-127.854958	5000
2023-04-20T06:56:47.395Z	-14.972544	-127.89653	5000
2023-04-20T08:04:51.978Z	-14.980227	-127.900551	5000
2023-04-24T00:48:58.783Z	-15.071485	-127.926643	51200
2023-04-24T02:37:36.237Z	-15.073346	-127.92717	5000
2023-04-24T03:38:01.700Z	-15.078608	-127.930855	5000
2023-04-28T03:20:16.096Z	-15.20537	-127.963463	51000
2023-04-28T05:06:17.511Z	-15.20771	-127.964066	5000
2023-04-28T06:02:36.755Z	-15.205783	-127.968071	5000
2023-05-06T22:31:19.018Z	-15.585507	-128.113739	5000
2023-05-06T23:46:42.611Z	-15.583251	-128.123154	5000
2023-05-10T16:08:23.821Z	-15.788382	-128.183945	50700
2023-05-10T17:58:52.521Z	-15.792656	-128.185211	5000
2023-05-10T19:21:02.329Z	-15.797574	-128.193192	5000
2023-05-19T03:05:22.862Z	-16.329807	-128.155029	50600
2023-05-19T04:56:07.206Z	-16.334726	-128.154678	5000
2023-05-19T05:50:17.051Z	-16.343435	-128.157532	5000
2023-05-27T22:10:27.606Z	-16.755449	-127.678749	5000
2023-05-27T23:07:17.813Z	-16.753374	-127.676353	5000
2023-06-05T15:29:28.825Z	-16.590883	-127.111862	5000
2023-06-05T16:25:13.969Z	-16.592037	-127.104401	5000
2023-06-11T10:23:52.964Z	-16.296873	-126.946503	50800
2023-06-14T08:47:16.221Z	-16.146294	-126.865944	5000
2023-06-14T09:44:57.160Z	-16.141973	-126.875786	5000
2023-06-15T18:13:19.176Z	-16.087498	-126.857262	50600
2023-06-23T02:09:21.628Z	-15.792347	-126.756889	5000
2023-06-23T03:05:34.640Z	-15.791393	-126.762604	5000
2023-07-01T19:33:42.571Z	-15.679202	-126.650352	5000
2023-07-01T21:06:08.164Z	-15.683032	-126.655579	5000
2023-07-02T10:34:12.340Z	-15.6773	-126.639511	50300
2023-07-10T13:29:42.530Z	-15.594344	-126.406952	5000
2023-07-10T14:50:03.424Z	-15.602817	-126.414391	5000
2023-07-14T09:35:34.665Z	-15.540595	-126.278313	50800
2023-07-14T11:15:00.752Z	-15.539459	-126.275826	5000
2023-07-14T12:17:22.920Z	-15.53597	-126.274635	5000
2023-07-16T06:58:42.283Z	-15.500003	-126.185997	52400
2023-07-17T03:12:41.355Z	-15.482956	-126.143982	53800
2023-07-17T05:09:33.795Z	-15.481315	-126.139938	5000
2023-07-17T06:18:24.091Z	-15.501301	-126.13414	5000
2023-07-25T22:35:28.138Z	-15.243828	-125.782555	5000
2023-07-25T23:29:41.770Z	-15.2512	-125.784355	5000
2023-07-26T12:53:38.478Z	-15.237428	-125.76696	50300
2023-07-30T01:17:07.248Z	-15.150689	-125.657425	50600
2023-07-30T03:04:29.009Z	-15.14885	-125.655106	5000
2023-07-30T04:07:16.088Z	-15.141857	-125.658813	5000
2023-08-05T07:27:37.289Z	-15.060691	-125.451653	52200
2023-08-05T09:11:01.186Z	-15.059741	-125.449226	5000
2023-08-05T10:21:45.635Z	-15.052061	-125.468521	5000
2023-08-05T16:19:51.202Z	-15.049021	-125.461823	49600
2023-08-07T23:59:51.067Z	-15.020665	-125.399277	51500
2023-08-08T01:50:32.448Z	-15.019726	-125.397209	5000
2023-08-08T02:52:58.000Z	-15.013575	-125.40448	5000
2023-08-08T18:45:49.435Z	-15.016924	-125.375443	52600
2023-08-16T19:17:17.288Z	-15.057534	-125.023491	5000
2023-08-16T20:39:55.903Z	-15.047087	-125.025932	5000
2023-08-25T12:56:08.702Z	-15.186676	-124.718079	5000
2023-08-25T13:52:40.336Z	-15.185637	-124.738213	5000
2023-09-03T06:12:04.315Z	-15.487002	-124.584114	5000
2023-09-03T07:20:26.602Z	-15.496657	-124.596634	5000
2023-09-05T20:31:11.590Z	-15.564739	-124.536423	53600
2023-09-05T22:21:22.485Z	-15.566783	-124.534615	5000
2023-09-05T23:14:08.734Z	-15.572897	-124.542313	5000
2023-09-14T15:40:08.862Z	-15.804844	-124.200394	5000
2023-09-14T16:38:09.788Z	-15.807463	-124.202744	5000
2023-09-23T08:56:02.788Z	-15.875108	-123.684418	5000
2023-09-23T09:47:37.470Z	-15.877401	-123.696091	5000
2023-10-02T02:04:55.516Z	-15.661141	-123.236366	5000
2023-10-02T02:59:46.517Z	-15.662547	-123.235474	5000
2023-10-10T19:23:38.905Z	-15.33755	-122.733963	5000
2023-10-10T20:20:13.074Z	-15.33984	-122.73465	5000
2023-10-19T12:49:00.611Z	-15.119528	-122.414948	5000
2023-10-19T13:51:54.975Z	-15.118512	-122.414864	5000
2023-10-28T06:03:54.470Z	-14.982259	-122.299309	5000
2023-10-28T07:04:22.058Z	-14.987911	-122.300873	5000
2023-11-05T23:17:26.996Z	-14.965942	-122.351303	5000
2023-11-06T00:17:51.937Z	-14.968834	-122.358047	5000
2023-11-14T16:47:59.312Z	-14.94584	-122.525597	5000
2023-11-14T17:36:22.193Z	-14.950347	-122.532249	5000
2023-11-20T19:31:32.208Z	-14.972403	-122.681625	52800
2023-11-20T21:20:08.823Z	-14.972676	-122.683479	5000
2023-11-20T22:36:42.706Z	-14.984685	-122.698174	5000
2023-11-29T14:46:14.681Z	-15.0532	-122.868233	5000
2023-11-29T15:40:29.452Z	-15.056609	-122.878128	5000
2023-12-08T08:00:05.017Z	-15.140552	-122.994392	5000
2023-12-08T08:57:59.142Z	-15.145705	-122.997955	5000
2023-12-11T06:40:34.465Z	-15.153505	-123.037689	48200
2023-12-11T08:13:26.235Z	-15.153678	-123.038567	5000
2023-12-11T09:14:00.987Z	-15.153397	-123.047386	5000
2023-12-20T01:30:23.458Z	-15.205088	-122.997437	5000
2023-12-20T02:30:33.885Z	-15.209525	-122.99929	5000
2023-12-28T18:53:46.241Z	-15.175899	-122.873398	5000
2023-12-28T19:51:17.761Z	-15.17701	-122.875694	5000
2024-01-06T12:09:50.634Z	-15.053473	-122.65519	5000
2024-01-06T13:12:15.998Z	-15.054186	-122.658592	5000
2024-01-15T05:26:29.783Z	-14.790172	-122.488144	5000
2024-01-15T06:25:01.792Z	-14.789984	-122.495415	5000
2024-01-20T21:37:33.832Z	-14.574853	-122.331589	54000
2024-01-22T18:27:21.051Z	-14.503525	-122.277267	50600
2024-01-22T20:09:44.996Z	-14.500809	-122.2752	5000
2024-01-22T21:08:39.072Z	-14.497134	-122.275467	5000
2024-01-28T09:45:21.827Z	-14.390422	-122.00071	50700
2024-01-28T11:24:26.711Z	-14.389093	-121.997284	5000
2024-01-28T12:36:38.586Z	-14.385766	-121.999619	5000
2024-02-06T04:49:34.699Z	-14.479577	-121.560852	5000
2024-02-06T05:56:39.874Z	-14.487611	-121.560783	5000
2024-02-14T22:18:31.479Z	-14.61845	-121.343483	5000
