Datetime	Latitude	Longitude	WaterPressure
2018-08-09T11:25:31.012Z	-14.001818	-159.556656	5000
2018-08-10T10:54:14.913Z	-13.991144	-159.573029	5000
2018-08-10T11:35:10.219Z	-13.984273	-159.577881	5000
2018-08-11T10:54:29.690Z	-13.971045	-159.559265	5000
2018-08-11T11:48:58.161Z	-13.967224	-159.569168	5000
2018-08-17T15:44:37.468Z	-13.904903	-159.570679	149000
2018-08-17T20:57:50.436Z	-13.902704	-159.57074	5000
2018-08-17T21:57:08.053Z	-13.906743	-159.579224	5000
2018-08-19T00:21:41.539Z	-13.899939	-159.571152	152200
2018-08-19T04:31:07.238Z	-13.898868	-159.569885	153900
2018-08-19T15:07:26.581Z	-13.896135	-159.56665	152500
2018-08-24T09:14:15.843Z	-13.866733	-159.531769	149500
2018-08-24T14:19:57.424Z	-13.86542	-159.530212	5000
2018-08-24T15:19:35.335Z	-13.86757	-159.534027	5000
2018-09-02T01:04:34.195Z	-13.866266	-159.472351	5000
2018-09-02T01:54:03.424Z	-13.863845	-159.4785	5000
2018-09-06T15:51:40.422Z	-13.869475	-159.432709	150200
2018-09-06T21:08:55.032Z	-13.869746	-159.430496	5000
2018-09-06T22:10:40.140Z	-13.869435	-159.435516	5000
2018-09-09T16:50:57.367Z	-13.895877	-159.390656	151600
2018-09-09T19:37:18.381Z	-13.896976	-159.388794	150600
2018-09-10T00:48:00.033Z	-13.89903	-159.385315	5000
2018-09-10T01:40:08.140Z	-13.893954	-159.390717	5000
2018-09-16T21:14:49.275Z	-13.946981	-159.351913	148100
2018-09-17T02:16:24.920Z	-13.948611	-159.350723	5000
2018-09-17T03:11:25.097Z	-13.941362	-159.351685	5000
2018-09-25T12:52:55.525Z	-13.979351	-159.303833	5000
2018-09-25T13:37:50.042Z	-13.978839	-159.308929	5000
2018-09-30T10:54:36.731Z	-14.003203	-159.269531	151200
2018-09-30T16:05:44.384Z	-14.004281	-159.267792	5000
2018-09-30T17:05:42.958Z	-14.004475	-159.270813	5000
2018-10-09T02:38:18.933Z	-14.046637	-159.254501	5000
2018-10-09T03:34:19.892Z	-14.053815	-159.260406	5000
2018-10-17T13:05:31.113Z	-14.071752	-159.235428	5000
2018-10-26T00:32:16.035Z	-14.152832	-159.21019	5000
2018-10-30T02:18:25.518Z	-14.15904	-159.225098	151200
2018-10-30T07:30:56.411Z	-14.15937	-159.225891	5000
2018-10-30T08:25:06.098Z	-14.162924	-159.225143	5000
2018-11-02T11:10:57.958Z	-14.196192	-159.234726	152000
2018-11-02T16:33:39.591Z	-14.198586	-159.235413	5000
2018-11-02T17:34:53.721Z	-14.202783	-159.23793	5000
2018-11-11T03:05:40.040Z	-14.290521	-159.359634	5000
2018-11-11T04:12:01.153Z	-14.294516	-159.36824	5000
2018-11-18T20:27:57.427Z	-14.355548	-159.434784	150700
2018-11-19T01:51:27.505Z	-14.357333	-159.436737	5000
2018-11-19T02:59:20.612Z	-14.3575	-159.432541	5000
2018-11-27T12:33:33.121Z	-14.425645	-159.526611	5000
2018-11-27T13:34:58.374Z	-14.423409	-159.530182	5000
2018-11-30T17:39:33.801Z	-14.4722	-159.564865	153200
2018-11-30T22:50:08.166Z	-14.47552	-159.56723	5000
2018-11-30T23:59:28.760Z	-14.471879	-159.57019	5000
2018-12-05T04:22:54.423Z	-14.53006	-159.608307	150000
2018-12-05T09:40:11.158Z	-14.533124	-159.610321	5000
2018-12-05T10:37:04.276Z	-14.53147	-159.616623	5000
2018-12-07T04:41:05.879Z	-14.560603	-159.634659	151500
2018-12-12T05:17:50.358Z	-14.644129	-159.686371	152200
2018-12-12T10:25:44.171Z	-14.647682	-159.688568	5000
2018-12-12T11:21:56.921Z	-14.650235	-159.683746	5000
2018-12-20T21:15:20.818Z	-14.775177	-159.734619	5000
2018-12-20T22:10:23.000Z	-14.773344	-159.734589	5000
2018-12-23T23:10:43.159Z	-14.844597	-159.738144	150700
2018-12-23T23:22:18.334Z	-14.844785	-159.738159	150700
2018-12-29T07:46:37.099Z	-14.970106	-159.744415	5000
2018-12-29T08:50:12.412Z	-14.976574	-159.744324	5000
2019-01-04T12:20:06.317Z	-15.098009	-159.7267	150900
2019-01-04T17:41:51.252Z	-15.102424	-159.726059	5000
2019-01-04T18:35:42.851Z	-15.107066	-159.718765	5000
2019-01-11T06:00:13.532Z	-15.181346	-159.6875	151500
2019-01-11T11:17:14.481Z	-15.183871	-159.686447	5000
2019-01-11T12:07:08.385Z	-15.178123	-159.677048	5000
2019-01-15T18:11:32.595Z	-15.198393	-159.633026	153500
2019-01-15T23:36:17.927Z	-15.199468	-159.630692	5000
2019-01-16T00:45:44.359Z	-15.205721	-159.623077	5000
2019-01-24T10:10:18.090Z	-15.138658	-159.504883	5000
2019-01-24T11:12:38.180Z	-15.143277	-159.495956	5000
2019-02-01T20:39:39.946Z	-15.079156	-159.459579	5000
2019-02-01T21:42:29.579Z	-15.086457	-159.458237	5000
2019-02-10T07:17:48.906Z	-15.008471	-159.475098	5000
2019-02-10T08:31:54.853Z	-15.018367	-159.47438	5000
2019-02-18T18:10:54.054Z	-14.983574	-159.509491	5000
2019-02-18T19:04:51.045Z	-14.983005	-159.505493	5000
2019-02-22T10:27:57.784Z	-14.987168	-159.514526	154200
2019-02-22T15:48:33.544Z	-14.987423	-159.515076	5000
2019-02-22T16:47:32.800Z	-14.989088	-159.506409	5000
2019-02-27T02:21:34.934Z	-15.002815	-159.528641	153000
2019-03-01T09:01:22.485Z	-15.009924	-159.540146	150900
2019-03-01T14:23:05.340Z	-15.010621	-159.541275	5000
2019-03-01T15:30:59.671Z	-15.028456	-159.540512	5000
2019-03-10T01:11:24.814Z	-14.948894	-159.524323	5000
2019-03-10T02:00:49.377Z	-14.948767	-159.525391	5000
2019-03-15T17:56:43.929Z	-14.909109	-159.505127	152100
2019-03-15T23:02:18.366Z	-14.907623	-159.504364	5000
2019-03-15T23:57:31.325Z	-14.910376	-159.506012	5000
2019-03-19T22:29:35.071Z	-14.897497	-159.477615	151500
2019-03-19T22:33:22.439Z	-14.897489	-159.477585	151400
2019-03-20T04:20:45.000Z	-14.8967	-159.475845	5000
2019-03-20T04:42:11.000Z	-14.896633	-159.47583	5000
2019-03-28T09:22:16.832Z	-14.852882	-159.489105	150300
2019-03-28T14:29:32.175Z	-14.851743	-159.489441	5000
2019-03-28T15:40:43.783Z	-14.854691	-159.483887	5000
2019-03-29T08:36:33.958Z	-14.849167	-159.484818	150100
2019-03-30T01:25:17.843Z	-14.843681	-159.485748	150300
2019-04-06T00:59:12.029Z	-14.789013	-159.49501	5000
2019-04-06T02:03:49.396Z	-14.787777	-159.496155	5000
2019-04-12T11:51:20.011Z	-14.765559	-159.561188	151400
2019-04-12T17:08:01.675Z	-14.764796	-159.563416	5000
2019-04-12T17:57:05.948Z	-14.766962	-159.563889	5000
2019-04-13T11:25:20.434Z	-14.764882	-159.573593	148700
2019-04-19T09:25:00.084Z	-14.747982	-159.652466	152900
2019-04-19T14:48:33.173Z	-14.74734	-159.655472	5000
2019-04-19T15:58:03.262Z	-14.751342	-159.654297	5000
2019-04-23T05:48:24.432Z	-14.741607	-159.687958	150400
2019-04-23T11:07:23.464Z	-14.741003	-159.690033	5000
2019-04-23T12:05:22.682Z	-14.741308	-159.691452	5000
2019-05-01T21:50:13.062Z	-14.763769	-159.793045	5000
2019-05-01T22:41:07.630Z	-14.77379	-159.797424	5000
2019-05-06T21:27:07.559Z	-14.78748	-159.856216	151700
2019-05-07T02:48:22.577Z	-14.788097	-159.858871	5000
2019-05-07T03:41:08.311Z	-14.785632	-159.857361	5000
2019-05-14T13:05:34.502Z	-14.833841	-159.949142	151300
2019-05-14T18:31:24.476Z	-14.835317	-159.95195	5000
2019-05-14T19:39:31.961Z	-14.833941	-159.946747	5000
2019-05-23T05:10:48.177Z	-14.829433	-160.041565	5000
2019-05-23T06:02:38.562Z	-14.832027	-160.044556	5000
2019-05-26T07:52:00.704Z	-14.816239	-160.088257	149400
2019-05-26T12:53:02.538Z	-14.815166	-160.091232	5000
2019-05-26T13:47:58.061Z	-14.814765	-160.095062	5000
2019-05-30T15:40:12.940Z	-14.793056	-160.121704	153000
2019-06-02T10:53:50.131Z	-14.778144	-160.139984	151300
2019-06-02T16:18:03.387Z	-14.776945	-160.141464	5000
2019-06-02T17:08:34.853Z	-14.780624	-160.142593	5000
2019-06-04T04:48:27.737Z	-14.772639	-160.154663	150800
2019-06-11T02:59:48.933Z	-14.735434	-160.210907	5000
2019-06-21T20:29:35.824Z	-14.607723	-160.447159	5000
2019-06-24T03:02:59.987Z	-14.583694	-160.476364	150000
2019-06-24T08:08:15.924Z	-14.581452	-160.479095	5000
2019-06-24T08:55:35.753Z	-14.579589	-160.488022	5000
2019-06-27T11:08:39.009Z	-14.572932	-160.559067	150300
2019-06-27T16:26:07.532Z	-14.572457	-160.564133	5000
2019-06-27T17:18:44.420Z	-14.566743	-160.570007	5000
2019-07-06T03:11:14.652Z	-14.550714	-160.754913	5000
2019-07-06T03:55:23.967Z	-14.548429	-160.76059	5000
2019-07-11T17:14:32.295Z	-14.568535	-160.882599	151900
2019-07-11T22:31:32.224Z	-14.569331	-160.887436	5000
2019-07-11T23:21:01.220Z	-14.566231	-160.893906	5000
2019-07-20T09:10:50.380Z	-14.546175	-161.044464	5000
2019-07-20T10:07:54.610Z	-14.547904	-161.048264	5000
2019-07-28T19:44:59.490Z	-14.481663	-161.223022	5000
2019-07-28T20:48:26.370Z	-14.489462	-161.232651	5000
2019-08-06T06:19:55.043Z	-14.445576	-161.362213	5000
2019-08-06T07:13:52.658Z	-14.447018	-161.370438	5000
2019-08-14T17:00:37.452Z	-14.416317	-161.504166	5000
2019-08-14T17:51:50.212Z	-14.413928	-161.511841	5000
2019-08-17T05:07:27.347Z	-14.421467	-161.525497	5000
2019-08-17T06:42:28.117Z	-14.428704	-161.534668	5000
2019-08-24T15:55:57.776Z	-14.465219	-161.6492	153100
2019-08-24T21:27:47.520Z	-14.466358	-161.652771	5000
2019-08-24T22:57:31.090Z	-14.46136	-161.667587	5000
2019-09-01T15:56:11.309Z	-14.449743	-161.738281	149700
2019-09-01T21:07:04.244Z	-14.449418	-161.74025	5000
2019-09-01T22:26:58.930Z	-14.45086	-161.755417	5000
2019-09-10T08:14:18.606Z	-14.397772	-161.847488	5000
2019-09-10T09:30:16.329Z	-14.39345	-161.847183	5000
2019-09-13T22:54:58.925Z	-14.344405	-161.824921	149900
2019-09-18T19:10:49.541Z	-14.277645	-161.794617	5000
2019-09-18T20:16:28.759Z	-14.278386	-161.801926	5000
2019-09-20T05:29:28.028Z	-14.270656	-161.79744	150600
2019-09-22T07:33:44.535Z	-14.259003	-161.790695	148500
2019-09-27T05:53:47.136Z	-14.231462	-161.77475	5000
2019-09-27T07:00:54.092Z	-14.232718	-161.782471	5000
2019-10-05T16:28:16.659Z	-14.182897	-161.785858	5000
2019-10-05T17:24:29.666Z	-14.177854	-161.789566	5000
2019-10-14T03:05:46.120Z	-14.045926	-161.852539	5000
2019-10-14T03:58:11.080Z	-14.043916	-161.854507	5000
2019-10-19T08:41:29.220Z	-14.005335	-161.834503	152500
2019-10-19T13:56:00.684Z	-14.003713	-161.833664	5000
2019-10-19T14:48:21.666Z	-14.004811	-161.830322	5000
2019-10-21T02:56:24.662Z	-13.982751	-161.821579	148200
2019-10-22T04:30:50.351Z	-13.967138	-161.815384	150200
2019-10-22T09:42:55.905Z	-13.963963	-161.814133	5000
2019-10-22T11:08:05.871Z	-13.968963	-161.820175	5000
2019-10-23T14:13:16.057Z	-13.951471	-161.804932	152100
2019-10-23T16:26:21.483Z	-13.950039	-161.80368	149800
2019-10-24T00:35:23.637Z	-13.944776	-161.799088	152400
2019-10-24T10:51:24.823Z	-13.938146	-161.793304	150200
2019-10-24T19:17:14.335Z	-13.932701	-161.788559	151800
2019-10-25T00:32:18.525Z	-13.92931	-161.785614	5000
2019-10-25T01:59:50.576Z	-13.93055	-161.791824	5000
2019-10-26T08:53:37.173Z	-13.913132	-161.772232	151800
2019-10-29T01:15:06.597Z	-13.876847	-161.731445	150500
2019-10-29T06:30:50.783Z	-13.873881	-161.728104	5000
2019-10-29T07:41:48.210Z	-13.877687	-161.742737	5000
2019-11-04T18:37:58.398Z	-13.814363	-161.65538	152600
2019-11-05T07:51:52.842Z	-13.808954	-161.647919	152400
2019-11-06T17:24:31.660Z	-13.795244	-161.628998	5000
2019-11-06T18:19:17.782Z	-13.791828	-161.63797	5000
2019-11-08T10:46:52.685Z	-13.773905	-161.619553	151600
2019-11-08T15:55:41.957Z	-13.771625	-161.617218	152800
2019-11-09T11:26:21.934Z	-13.762981	-161.608337	151300
2019-11-09T16:24:58.874Z	-13.760777	-161.606079	5000
2019-11-09T17:18:39.035Z	-13.769335	-161.603088	5000
2019-11-14T16:27:31.828Z	-13.731932	-161.533707	149300
2019-11-14T21:37:58.162Z	-13.730308	-161.530701	5000
2019-11-14T22:45:49.518Z	-13.734659	-161.527466	5000
2019-11-17T12:15:25.479Z	-13.73608	-161.481049	150200
2019-11-17T17:28:21.539Z	-13.7362	-161.477112	5000
2019-11-17T18:22:39.352Z	-13.733949	-161.486206	5000
2019-11-20T08:35:31.778Z	-13.725493	-161.459137	152100
2019-11-20T13:55:46.641Z	-13.724769	-161.456818	5000
2019-11-20T14:53:28.397Z	-13.721847	-161.454865	5000
2019-11-23T18:03:02.152Z	-13.747578	-161.408417	150800
2019-11-26T03:12:40.786Z	-13.767147	-161.373077	151000
2019-11-26T08:28:42.119Z	-13.76895	-161.369827	5000
2019-11-26T09:15:43.252Z	-13.76895	-161.364441	5000
2019-12-03T15:18:02.566Z	-13.842262	-161.209564	151500
2019-12-04T19:04:12.896Z	-13.85396	-161.18486	5000
2019-12-04T20:00:30.468Z	-13.848918	-161.189301	5000
2019-12-07T17:09:15.723Z	-13.865576	-161.137161	150300
2019-12-13T05:34:04.026Z	-13.897475	-161.037292	5000
2019-12-13T06:36:57.554Z	-13.905653	-161.024918	5000
2019-12-18T02:00:38.462Z	-13.93609	-160.899048	153200
2019-12-18T07:10:03.133Z	-13.937449	-160.893417	5000
2019-12-18T08:01:50.616Z	-13.942934	-160.883179	5000
2019-12-23T12:29:57.711Z	-14.026681	-160.816895	152600
2019-12-23T17:57:19.803Z	-14.030353	-160.81398	5000
2019-12-23T18:51:09.841Z	-14.03133	-160.803986	5000
2020-01-01T04:38:35.891Z	-14.121895	-160.711609	5000
2020-01-01T05:50:04.067Z	-14.127938	-160.7061	5000
2020-01-09T15:18:28.251Z	-14.288162	-160.672974	5000
2020-01-09T16:24:13.121Z	-14.290878	-160.672256	5000
2020-01-18T01:53:15.285Z	-14.228319	-160.610809	5000
2020-01-18T02:46:00.542Z	-14.229653	-160.615189	5000
2020-01-24T18:13:41.345Z	-14.12719	-160.586273	151600
2020-01-24T23:41:56.856Z	-14.123674	-160.585281	5000
2020-01-25T00:48:38.057Z	-14.138035	-160.587646	5000
2020-01-27T05:07:46.108Z	-14.111069	-160.576782	154300
2020-01-27T10:25:17.540Z	-14.108341	-160.575684	5000
2020-01-27T12:01:09.761Z	-14.123763	-160.57489	5000
2020-01-28T19:21:53.642Z	-14.115556	-160.574463	148400
2020-01-29T13:55:25.261Z	-14.110696	-160.574203	151000
2020-01-29T19:11:53.816Z	-14.109315	-160.574127	5000
2020-01-29T20:22:31.125Z	-14.112406	-160.577713	5000
2020-02-05T18:22:42.375Z	-14.080226	-160.592911	152200
2020-02-05T23:41:16.966Z	-14.079196	-160.593384	5000
2020-02-06T00:36:49.190Z	-14.083315	-160.602585	5000
2020-02-13T10:43:33.376Z	-14.090307	-160.62352	150300
2020-02-13T15:55:14.855Z	-14.090511	-160.62413	5000
2020-02-13T16:51:18.712Z	-14.08723	-160.621231	5000
2020-02-22T02:32:03.913Z	-14.03537	-160.641281	5000
2020-02-22T03:26:30.401Z	-14.045375	-160.643341	5000
2020-03-01T13:12:18.085Z	-13.975473	-160.723724	5000
2020-03-01T14:04:55.488Z	-13.979626	-160.725662	5000
2020-03-09T23:54:17.869Z	-13.904716	-160.802338	5000
2020-03-10T00:48:15.504Z	-13.909338	-160.80188	5000
2020-03-14T10:04:14.234Z	-13.871484	-160.832672	151200
2020-03-14T15:18:43.894Z	-13.869598	-160.834198	5000
2020-03-14T16:09:38.909Z	-13.869719	-160.831696	5000
2020-03-17T16:07:24.972Z	-13.833793	-160.880051	151900
2020-03-23T01:41:32.841Z	-13.769107	-160.967117	5000
2020-03-23T02:34:41.540Z	-13.772989	-160.972458	5000
2020-03-25T02:59:08.350Z	-13.757693	-161.005508	151000
2020-03-25T08:22:12.563Z	-13.755992	-161.009186	5000
2020-03-25T09:14:29.493Z	-13.761293	-161.008224	5000
2020-03-27T14:28:04.786Z	-13.730069	-161.0513	151400
2020-03-31T20:37:02.346Z	-13.670146	-161.133972	150100
2020-04-01T01:47:20.593Z	-13.667111	-161.138153	5000
2020-04-01T02:53:26.104Z	-13.667989	-161.143707	5000
2020-04-07T11:35:34.426Z	-13.669787	-161.285629	151400
2020-04-07T16:46:00.637Z	-13.669848	-161.290436	5000
2020-04-07T17:43:39.646Z	-13.672068	-161.292938	5000
2020-04-14T01:10:01.838Z	-13.676491	-161.447968	151800
2020-04-14T06:34:56.278Z	-13.676649	-161.453506	5000
2020-04-14T07:28:16.197Z	-13.673918	-161.451736	5000
2020-04-22T17:03:22.991Z	-13.622975	-161.627274	5000
2020-04-22T17:57:29.180Z	-13.617044	-161.629028	5000
2020-05-01T03:40:39.546Z	-13.555382	-161.742691	5000
2020-05-01T04:33:35.461Z	-13.556005	-161.744476	5000
2020-05-05T23:21:37.368Z	-13.529199	-161.870468	150800
2020-05-05T23:32:59.673Z	-13.529155	-161.870667	150800
2020-05-06T14:03:12.901Z	-13.525767	-161.886581	151800
2020-05-06T19:21:57.678Z	-13.524528	-161.89241	5000
2020-05-06T20:16:55.288Z	-13.528506	-161.897797	5000
2020-05-15T05:55:00.584Z	-13.486851	-162.111679	5000
2020-05-15T06:46:00.574Z	-13.491396	-162.114746	5000
2020-05-16T13:12:31.965Z	-13.487796	-162.140533	149800
2020-05-20T13:49:49.205Z	-13.476368	-162.222397	151400
2020-05-23T16:39:10.517Z	-13.467519	-162.285797	5000
2020-05-23T17:38:31.670Z	-13.470046	-162.280304	5000
2020-05-28T07:20:29.729Z	-13.440289	-162.362946	149300
2020-05-28T09:49:50.012Z	-13.439613	-162.364822	150100
2020-05-28T14:57:10.286Z	-13.438224	-162.368683	5000
2020-05-28T15:50:38.070Z	-13.436231	-162.369873	5000
2020-05-31T23:31:02.711Z	-13.425727	-162.453171	154100
2020-05-31T23:45:55.716Z	-13.425694	-162.45343	154100
2020-06-01T05:12:09.561Z	-13.424977	-162.459122	5000
2020-06-01T06:05:09.853Z	-13.424359	-162.462265	5000
2020-06-03T09:34:04.654Z	-13.418549	-162.515228	150600
2020-06-03T09:51:38.701Z	-13.418516	-162.515533	150900
2020-06-03T15:04:04.242Z	-13.417928	-162.520889	5000
2020-06-03T15:56:30.130Z	-13.417138	-162.520599	5000
2020-06-04T08:59:12.714Z	-13.415839	-162.53891	151900
2020-06-10T04:31:40.597Z	-13.405207	-162.688812	151600
2020-06-10T09:43:36.900Z	-13.404811	-162.694397	5000
2020-06-10T10:39:04.301Z	-13.402493	-162.697006	5000
2020-06-17T06:25:30.513Z	-13.44069	-162.859848	149300
2020-06-17T11:26:14.154Z	-13.441859	-162.864822	5000
2020-06-17T12:12:52.467Z	-13.444882	-162.872375	5000
2020-06-18T12:53:37.994Z	-13.452301	-162.903198	153400
2020-06-25T21:51:51.285Z	-13.505501	-163.124222	5000
2020-06-25T22:47:45.863Z	-13.502833	-163.133606	5000
2020-07-04T08:25:41.314Z	-13.53998	-163.45575	5000
2020-07-04T09:47:04.396Z	-13.535932	-163.471069	5000
2020-07-12T19:16:19.567Z	-13.43544	-163.747528	5000
2020-07-12T20:13:51.758Z	-13.433853	-163.750168	5000
2020-07-17T02:57:18.507Z	-13.395732	-163.881287	152300
2020-07-17T08:23:55.413Z	-13.393712	-163.888229	5000
2020-07-17T09:17:39.370Z	-13.392016	-163.893341	5000
2020-07-18T15:33:11.142Z	-13.380446	-163.932983	150900
2020-07-18T15:42:51.658Z	-13.380385	-163.933197	150600
2020-07-22T06:22:12.957Z	-13.347251	-164.046722	152100
2020-07-22T11:40:16.114Z	-13.345224	-164.05368	5000
2020-07-22T12:46:07.005Z	-13.343513	-164.062988	5000
2020-07-30T22:10:07.285Z	-13.233224	-164.228424	5000
2020-07-30T23:00:24.124Z	-13.233294	-164.237427	5000
2020-08-08T08:44:31.822Z	-13.159777	-164.376175	5000
2020-08-08T09:35:15.894Z	-13.162855	-164.377792	5000
2020-08-16T19:25:29.041Z	-13.107351	-164.528595	5000
2020-08-16T20:18:13.641Z	-13.113096	-164.531342	5000
2020-08-21T04:18:38.099Z	-13.091451	-164.634613	150600
2020-08-21T09:43:39.300Z	-13.090323	-164.639999	5000
2020-08-21T10:46:48.340Z	-13.095839	-164.643173	5000
2020-08-29T20:16:11.529Z	-13.04162	-164.763199	5000
2020-08-29T21:11:18.161Z	-13.048057	-164.771072	5000
2020-09-07T06:50:33.048Z	-12.945488	-164.793015	5000
2020-09-07T07:42:46.570Z	-12.944794	-164.797668	5000
2020-09-12T02:38:57.401Z	-12.864348	-164.77066	148900
2020-09-12T07:50:40.252Z	-12.860712	-164.76944	5000
2020-09-12T08:42:16.135Z	-12.863671	-164.772278	5000
2020-09-20T18:27:19.526Z	-12.712729	-164.73584	5000
2020-09-20T19:29:04.359Z	-12.711953	-164.735626	5000
2020-09-29T04:55:14.043Z	-12.66848	-164.698929	5000
2020-09-29T05:42:38.416Z	-12.673855	-164.703201	5000
2020-10-01T01:14:35.107Z	-12.675797	-164.707642	150600
2020-10-06T10:13:10.983Z	-12.681549	-164.720764	151100
2020-10-06T15:30:04.428Z	-12.681785	-164.721298	5000
2020-10-06T16:38:03.119Z	-12.682537	-164.728836	5000
2020-10-08T07:42:32.043Z	-12.699272	-164.737	152500
2020-10-15T02:06:53.350Z	-12.768828	-164.770889	5000
2020-10-15T03:02:40.874Z	-12.772089	-164.782684	5000
2020-10-19T07:12:21.632Z	-12.809315	-164.811432	149800
2020-10-19T21:04:09.315Z	-12.814467	-164.815414	150200
2020-10-20T02:18:37.960Z	-12.816416	-164.816925	5000
2020-10-20T03:11:26.155Z	-12.824512	-164.819885	5000
2020-10-22T08:25:36.793Z	-12.831883	-164.848282	150700
2020-10-22T13:44:27.569Z	-12.832619	-164.85112	5000
2020-10-22T14:38:04.235Z	-12.831227	-164.85199	5000
2020-10-31T00:23:16.983Z	-12.804742	-164.965988	5000
2020-10-31T01:14:23.991Z	-12.804588	-164.975952	5000
2020-11-03T08:20:26.679Z	-12.787285	-165.048141	152100
2020-11-03T13:39:20.545Z	-12.786122	-165.052994	5000
2020-11-03T14:33:10.442Z	-12.791618	-165.053604	5000
2020-11-11T00:50:05.774Z	-12.725523	-165.21138	149700
2020-11-11T06:04:10.644Z	-12.723582	-165.216003	5000
2020-11-11T07:04:43.663Z	-12.720591	-165.223129	5000
2020-11-12T14:35:43.925Z	-12.704601	-165.248596	151400
2020-11-15T22:47:37.722Z	-12.663914	-165.313385	151300
2020-11-16T04:02:20.852Z	-12.661252	-165.317627	5000
2020-11-16T04:59:40.600Z	-12.664745	-165.321732	5000
2020-11-24T14:45:27.622Z	-12.579824	-165.422119	5000
2020-11-24T15:36:51.377Z	-12.581757	-165.421341	5000
2020-12-03T01:20:47.131Z	-12.498502	-165.435715	5000
2020-12-03T02:11:06.565Z	-12.500522	-165.442184	5000
2020-12-05T06:45:47.327Z	-12.487207	-165.44371	149100
2020-12-11T11:56:42.775Z	-12.449429	-165.448059	5000
2020-12-11T12:51:58.561Z	-12.451471	-165.453171	5000
2020-12-19T22:35:40.290Z	-12.418157	-165.471405	5000
2020-12-19T23:27:24.714Z	-12.422766	-165.478195	5000
2020-12-24T04:05:04.830Z	-12.417789	-165.481552	152800
2020-12-27T02:38:20.784Z	-12.4143	-165.483902	152100
2020-12-27T07:55:16.559Z	-12.41404	-165.484085	5000
2020-12-27T09:09:53.837Z	-12.420444	-165.491669	5000
2021-01-04T18:30:27.030Z	-12.416186	-165.480072	5000
2021-01-04T19:35:39.715Z	-12.416444	-165.484497	5000
2021-01-06T16:58:05.771Z	-12.416012	-165.464966	153800
2021-01-08T05:04:48.413Z	-12.415668	-165.449432	153100
2021-01-08T10:26:58.756Z	-12.415618	-165.447128	5000
2021-01-08T11:24:14.027Z	-12.421069	-165.457077	5000
2021-01-16T20:49:09.050Z	-12.341128	-165.331146	5000
2021-01-16T21:47:43.881Z	-12.338409	-165.332703	5000
2021-01-19T13:10:31.847Z	-12.312922	-165.287354	152100
2021-01-21T12:32:29.557Z	-12.293874	-165.253448	152900
2021-01-21T17:45:58.069Z	-12.291773	-165.24971	5000
2021-01-21T18:36:58.665Z	-12.292805	-165.253128	5000
2021-01-23T11:49:48.477Z	-12.286662	-165.232773	150900
2021-01-30T04:21:35.911Z	-12.262735	-165.153473	5000
2021-01-30T05:17:45.236Z	-12.269054	-165.162247	5000
2021-02-07T02:27:50.121Z	-12.294051	-165.06311	152800
2021-02-07T02:33:27.600Z	-12.294064	-165.063065	153000
2021-02-07T15:01:46.356Z	-12.295712	-165.056534	5000
2021-02-07T16:34:36.862Z	-12.304623	-165.062714	5000
2021-02-10T13:24:02.752Z	-12.315881	-165.012665	150900
2021-02-10T18:48:11.795Z	-12.316765	-165.008743	5000
2021-02-10T19:47:20.657Z	-12.321832	-165.011429	5000
2021-02-13T14:17:25.447Z	-12.325345	-164.964432	151500
2021-02-13T19:34:03.214Z	-12.325624	-164.960709	5000
2021-02-13T20:33:41.431Z	-12.331878	-164.962509	5000
2021-02-18T15:32:06.973Z	-12.338738	-164.871048	152400
2021-02-18T20:46:47.807Z	-12.339051	-164.866867	5000
2021-02-18T21:44:38.299Z	-12.334551	-164.870667	5000
2021-02-24T19:21:48.139Z	-12.34825	-164.822571	153100
2021-02-25T04:40:39.525Z	-12.349152	-164.819412	154200
2021-02-26T18:26:10.321Z	-12.352804	-164.806595	150700
2021-02-26T23:34:58.352Z	-12.353302	-164.80484	5000
2021-02-27T00:33:42.313Z	-12.346189	-164.806915	5000
2021-03-04T13:32:02.849Z	-12.329286	-164.802582	152000
2021-03-04T18:44:52.113Z	-12.328623	-164.802414	5000
2021-03-04T19:35:02.126Z	-12.336056	-164.806488	5000
2021-03-05T14:28:02.861Z	-12.344885	-164.814728	151800
2021-03-05T18:14:33.903Z	-12.34665	-164.816376	152400
2021-03-05T18:18:23.021Z	-12.34668	-164.816406	152400
2021-03-05T20:30:34.624Z	-12.34771	-164.817368	152900
2021-03-06T01:41:23.755Z	-12.350132	-164.819626	152700
2021-03-06T02:13:40.210Z	-12.350384	-164.819855	152900
2021-03-06T02:28:31.540Z	-12.350499	-164.819962	153100
2021-03-06T02:52:16.978Z	-12.350684	-164.820129	152700
2021-03-06T03:39:54.177Z	-12.351055	-164.82048	152700
2021-03-06T05:08:20.273Z	-12.351745	-164.821121	153000
2021-03-06T12:19:01.422Z	-12.355101	-164.824249	153400
2021-03-06T13:15:11.237Z	-12.355538	-164.824661	153300
2021-03-06T14:55:21.230Z	-12.356318	-164.825394	154400
2021-03-06T18:36:08.175Z	-12.358039	-164.826996	153400
2021-03-06T20:09:29.864Z	-12.358767	-164.827667	153500
2021-03-06T20:32:55.985Z	-12.35895	-164.82785	153200
2021-03-06T20:51:20.788Z	-12.359093	-164.827972	153500
2021-03-07T00:40:04.612Z	-12.360875	-164.829636	152600
2021-03-07T03:56:34.905Z	-12.362407	-164.83107	153800
2021-03-07T04:02:13.833Z	-12.362451	-164.8311	153800
2021-03-07T06:39:23.273Z	-12.363675	-164.832245	153600
2021-03-07T12:02:09.893Z	-12.366191	-164.834595	5000
2021-03-07T13:12:28.709Z	-12.378878	-164.826172	5000
2021-03-10T20:14:09.393Z	-12.415942	-164.860291	152000
2021-03-11T01:33:49.290Z	-12.418441	-164.862595	5000
2021-03-11T02:55:16.894Z	-12.427772	-164.872635	5000
2021-03-12T00:05:45.140Z	-12.441536	-164.878708	152100
2021-03-12T19:23:41.296Z	-12.454082	-164.884247	152900
2021-03-14T03:29:53.520Z	-12.474952	-164.893478	153900
2021-03-14T05:20:24.439Z	-12.47615	-164.893997	153300
2021-03-19T12:46:26.500Z	-12.558991	-164.930603	5000
2021-03-19T14:02:30.709Z	-12.559958	-164.944702	5000
2021-03-20T09:19:40.521Z	-12.575169	-164.960037	150300
2021-03-22T19:49:49.468Z	-12.621309	-165.006577	149100
2021-03-23T01:10:13.206Z	-12.625521	-165.010834	5000
2021-03-23T02:03:31.221Z	-12.629079	-165.017624	5000
2021-03-31T11:41:10.742Z	-12.684237	-165.156738	5000
2021-03-31T12:32:53.578Z	-12.688864	-165.16803	5000
2021-04-01T09:59:52.068Z	-12.688411	-165.180374	153000
2021-04-01T15:13:01.398Z	-12.688301	-165.18338	151600
2021-04-08T01:17:17.880Z	-12.685051	-165.271973	147400
2021-04-08T06:26:18.343Z	-12.684942	-165.274933	5000
2021-04-08T07:38:22.518Z	-12.685116	-165.283295	5000
2021-04-11T02:14:20.455Z	-12.66654	-165.336151	151000
2021-04-12T23:34:54.317Z	-12.653893	-165.372131	151900
2021-04-13T03:07:28.713Z	-12.652905	-165.374939	150200
2021-04-13T08:27:23.328Z	-12.651417	-165.379166	5000
2021-04-13T09:21:43.894Z	-12.646497	-165.388321	5000
2021-04-16T16:42:15.664Z	-12.641433	-165.433502	150800
2021-04-16T21:49:48.648Z	-12.641107	-165.436417	5000
2021-04-16T22:42:54.667Z	-12.631468	-165.439163	5000
2021-04-17T20:57:37.647Z	-12.62982	-165.454086	151100
2021-04-24T00:24:42.966Z	-12.618897	-165.553024	150900
2021-04-24T05:45:56.896Z	-12.618501	-165.556625	5000
2021-04-24T06:53:17.407Z	-12.620892	-165.567291	5000
2021-04-25T21:07:26.843Z	-12.62257	-165.586929	152500
2021-04-25T22:29:32.725Z	-12.62263	-165.587631	151800
2021-04-26T21:28:11.388Z	-12.623639	-165.599426	152500
2021-04-27T02:42:44.354Z	-12.623869	-165.602112	5000
2021-04-27T03:47:51.460Z	-12.621004	-165.596359	5000
2021-05-01T20:05:32.347Z	-12.65982	-165.668777	151800
2021-05-02T01:22:37.893Z	-12.661647	-165.67218	5000
2021-05-02T02:23:30.342Z	-12.668293	-165.675934	5000
2021-05-03T03:34:14.711Z	-12.674412	-165.696716	151900
2021-05-03T04:03:58.495Z	-12.674533	-165.697113	151400
2021-05-07T23:36:27.584Z	-12.702612	-165.792435	151000
2021-05-08T05:00:01.742Z	-12.703922	-165.796875	5000
2021-05-08T06:10:34.240Z	-12.707558	-165.805359	5000
2021-05-16T15:45:31.551Z	-12.77698	-165.94223	5000
2021-05-16T16:45:43.144Z	-12.782902	-165.952301	5000
2021-05-25T02:24:02.001Z	-12.805542	-166.105453	5000
2021-05-25T03:14:41.966Z	-12.807178	-166.114044	5000
2021-05-27T18:34:15.281Z	-12.810864	-166.1577	152400
2021-05-30T11:12:47.113Z	-12.814627	-166.202255	153000
2021-06-02T13:01:53.251Z	-12.818924	-166.253143	5000
2021-06-02T13:52:48.697Z	-12.816307	-166.257126	5000
2021-06-06T18:25:27.128Z	-12.829906	-166.298325	150500
2021-06-06T23:44:02.047Z	-12.830625	-166.300507	5000
2021-06-07T00:38:25.007Z	-12.833722	-166.304443	5000
2021-06-09T16:54:15.881Z	-12.851368	-166.33551	151500
2021-06-15T10:21:42.630Z	-12.889112	-166.401947	5000
2021-06-15T11:10:19.542Z	-12.891473	-166.407944	5000
2021-06-17T13:48:40.544Z	-12.903326	-166.429306	152600
2021-06-20T17:08:55.660Z	-12.92096	-166.461105	151300
2021-06-20T22:23:50.610Z	-12.922189	-166.463318	5000
2021-06-20T23:11:56.432Z	-12.919932	-166.468826	5000
2021-06-26T04:58:24.860Z	-12.94947	-166.522476	152600
2021-06-29T09:02:37.093Z	-12.967334	-166.554916	5000
2021-06-29T09:54:38.268Z	-12.972974	-166.561615	5000
2021-07-02T20:16:08.316Z	-13.00697	-166.592911	150200
2021-07-03T01:25:43.669Z	-13.0091	-166.594879	5000
2021-07-03T02:15:06.648Z	-13.009075	-166.604568	5000
2021-07-07T06:40:58.382Z	-13.009269	-166.682938	153000
2021-07-07T12:05:22.898Z	-13.009278	-166.687164	5000
2021-07-07T13:13:06.132Z	-13.010392	-166.697403	5000
2021-07-15T22:52:02.670Z	-12.971778	-166.869797	5000
2021-07-15T23:50:45.725Z	-12.97336	-166.875717	5000
2021-07-24T09:28:57.072Z	-12.925638	-167.072159	5000
2021-07-24T10:20:55.436Z	-12.927935	-167.076569	5000
2021-07-26T12:19:03.057Z	-12.906961	-167.146759	151400
2021-07-26T17:24:01.539Z	-12.904828	-167.1539	5000
2021-07-26T18:16:36.450Z	-12.903012	-167.156693	5000
2021-07-29T06:25:28.190Z	-12.887966	-167.217636	152600
2021-07-29T11:41:57.092Z	-12.886647	-167.222977	5000
2021-07-29T12:31:54.170Z	-12.885332	-167.228104	5000
2021-08-05T11:22:02.063Z	-12.813593	-167.438446	149000
2021-08-05T16:31:27.270Z	-12.811376	-167.444946	5000
2021-08-05T17:24:26.060Z	-12.813199	-167.445206	5000
2021-08-07T13:35:29.701Z	-12.788951	-167.509644	152100
2021-08-07T23:23:37.486Z	-12.783571	-167.523941	152300
2021-08-08T04:30:05.816Z	-12.780768	-167.531387	5000
2021-08-08T05:27:45.900Z	-12.785963	-167.5327	5000
2021-08-12T20:10:40.021Z	-12.742555	-167.707321	151000
2021-08-13T01:29:47.804Z	-12.740469	-167.715698	5000
2021-08-13T02:22:43.025Z	-12.739256	-167.720139	5000
2021-08-17T17:26:25.971Z	-12.701461	-167.862976	151700
2021-08-18T10:13:48.711Z	-12.695747	-167.884583	150700
2021-08-18T15:32:19.133Z	-12.693941	-167.891403	5000
2021-08-18T16:22:57.748Z	-12.699125	-167.89827	5000
2021-08-27T02:12:15.219Z	-12.694181	-168.108307	5000
2021-08-27T03:06:46.603Z	-12.702664	-168.109879	5000
2021-08-28T17:14:30.036Z	-12.706081	-168.148026	152600
2021-08-31T07:36:30.252Z	-12.711671	-168.210419	151200
2021-09-04T12:49:30.067Z	-12.720742	-168.311691	5000
2021-09-04T13:41:20.410Z	-12.723384	-168.314499	5000
2021-09-05T17:52:44.942Z	-12.727801	-168.342468	148400
2021-09-12T11:57:32.696Z	-12.7532	-168.503311	152200
2021-09-12T23:24:36.372Z	-12.754994	-168.514664	5000
2021-09-13T00:13:47.453Z	-12.759044	-168.519836	5000
2021-09-16T19:44:13.995Z	-12.761391	-168.599091	151900
2021-09-17T00:59:52.953Z	-12.761526	-168.603653	5000
2021-09-17T01:53:19.304Z	-12.761936	-168.610962	5000
2021-09-20T18:37:22.684Z	-12.755886	-168.705322	151200
2021-09-20T23:44:31.749Z	-12.755537	-168.710754	5000
2021-09-21T00:39:45.811Z	-12.756662	-168.722244	5000
2021-09-25T08:53:19.985Z	-12.75529	-168.818802	152000
2021-09-25T14:07:53.391Z	-12.75522	-168.823669	5000
2021-09-25T15:04:00.144Z	-12.753943	-168.828033	5000
2021-09-29T07:24:30.757Z	-12.749128	-168.911453	151500
2021-09-29T12:38:33.713Z	-12.748843	-168.916397	5000
2021-09-29T13:25:28.328Z	-12.751228	-168.924622	5000
2021-10-02T01:50:23.886Z	-12.743532	-168.986526	150600
2021-10-02T02:24:47.070Z	-12.743459	-168.987106	150900
2021-10-02T03:49:04.855Z	-12.743279	-168.988556	151000
2021-10-02T04:28:59.401Z	-12.743195	-168.989227	151000
2021-10-02T09:41:10.486Z	-12.742532	-168.994568	5000
2021-10-02T10:44:26.162Z	-12.74305	-169.00386	5000
2021-10-09T11:00:29.784Z	-12.758346	-169.186356	152200
2021-10-09T16:15:36.702Z	-12.758823	-169.192047	5000
2021-10-09T17:22:54.683Z	-12.756478	-169.200394	5000
2021-10-11T09:19:54.608Z	-12.769044	-169.224762	150600
2021-10-15T02:50:05.426Z	-12.797194	-169.279358	151400
2021-10-15T08:02:21.483Z	-12.79883	-169.282532	5000
2021-10-15T09:05:10.294Z	-12.797092	-169.290344	5000
2021-10-18T07:30:17.458Z	-12.814099	-169.357101	153000
2021-10-18T12:46:26.169Z	-12.815372	-169.362091	5000
2021-10-18T13:35:57.492Z	-12.816216	-169.37291	5000
2021-10-21T08:12:30.368Z	-12.817587	-169.442474	151200
2021-10-21T13:32:54.125Z	-12.817697	-169.448059	5000
2021-10-21T14:24:00.101Z	-12.82084	-169.455582	5000
2021-10-28T22:41:54.532Z	-12.870797	-169.592651	152500
2021-10-30T00:12:52.718Z	-12.878028	-169.612503	5000
2021-10-30T01:06:10.088Z	-12.883982	-169.614243	5000
2021-11-01T15:51:04.386Z	-12.896221	-169.67984	152500
2021-11-02T02:31:15.978Z	-12.898302	-169.690994	151900
2021-11-02T07:45:00.135Z	-12.899322	-169.696457	5000
2021-11-02T08:41:01.618Z	-12.896426	-169.702591	5000
2021-11-10T18:23:56.771Z	-12.968448	-169.92598	5000
2021-11-10T19:16:06.997Z	-12.971244	-169.928482	5000
2021-11-13T03:19:49.796Z	-12.980035	-169.977783	151300
2021-11-13T08:41:55.617Z	-12.980877	-169.982498	5000
2021-11-13T09:46:41.825Z	-12.985176	-169.991119	5000
2021-11-19T19:35:54.816Z	-12.988168	-170.107407	152400
2021-11-20T01:04:20.780Z	-12.988274	-170.111542	5000
2021-11-20T01:59:27.128Z	-12.996198	-170.124039	5000
2021-11-22T17:11:09.572Z	-12.995773	-170.181549	151100
2021-11-22T22:24:21.681Z	-12.995738	-170.186295	5000
2021-11-23T00:07:04.630Z	-12.987763	-170.195602	5000
2021-11-23T17:48:50.732Z	-12.983679	-170.211365	148500
2021-11-26T04:15:13.365Z	-12.970188	-170.263397	151300
2021-12-01T09:32:44.428Z	-12.941266	-170.374954	5000
2021-12-01T10:32:30.538Z	-12.93996	-170.380768	5000
2021-12-04T23:56:31.110Z	-12.96005	-170.491104	146100
2021-12-05T05:03:04.398Z	-12.961251	-170.497711	5000
2021-12-05T06:05:13.090Z	-12.969887	-170.501465	5000
2021-12-13T15:35:27.656Z	-12.994701	-170.707718	5000
2021-12-13T16:26:29.531Z	-12.992286	-170.706741	5000
2021-12-15T07:15:51.810Z	-12.995886	-170.746521	152800
2021-12-17T20:03:02.499Z	-13.001524	-170.808823	150800
2021-12-22T02:11:49.863Z	-13.010997	-170.913483	5000
2021-12-22T03:01:30.311Z	-13.010344	-170.924286	5000
2021-12-26T15:43:34.697Z	-13.009072	-171.058853	152700
2021-12-26T20:52:00.358Z	-13.009012	-171.065216	5000
2021-12-26T21:44:52.296Z	-13.008909	-171.074478	5000
2021-12-29T04:07:06.453Z	-13.024944	-171.139267	152400
2021-12-29T09:21:07.776Z	-13.026488	-171.145508	5000
2021-12-29T10:19:28.617Z	-13.027277	-171.157852	5000
2021-12-30T10:14:39.771Z	-13.025336	-171.193176	152000
2021-12-31T16:55:54.518Z	-13.022845	-171.23848	152300
2021-12-31T22:19:10.542Z	-13.022408	-171.246445	5000
2021-12-31T23:23:49.750Z	-13.022411	-171.258377	5000
2022-01-03T02:12:51.003Z	-13.03406	-171.342636	154000
2022-01-03T07:36:04.866Z	-13.035295	-171.351578	5000
2022-01-03T08:35:04.214Z	-13.03946	-171.357086	5000
2022-01-10T08:07:01.814Z	-13.066468	-171.588699	149200
2022-01-10T11:00:51.170Z	-13.066936	-171.592697	150100
2022-01-10T16:12:03.889Z	-13.067772	-171.599869	5000
2022-01-10T17:22:13.432Z	-13.0629	-171.601486	5000
2022-01-14T23:43:42.083Z	-13.06235	-171.734741	150600
2022-01-15T05:01:34.625Z	-13.062322	-171.741638	5000
2022-01-15T06:03:32.316Z	-13.06022	-171.73613	5000
2022-01-23T15:37:07.434Z	-13.030003	-171.949051	5000
2022-01-23T16:27:53.093Z	-13.026228	-171.946579	5000
2022-01-25T18:59:03.677Z	-13.019774	-172.006546	151900
2022-01-26T17:22:48.690Z	-13.016913	-172.033127	151400
2022-01-27T02:09:10.439Z	-13.015793	-172.043549	150900
2022-01-27T07:22:59.734Z	-13.015125	-172.049759	5000
2022-01-27T08:30:32.335Z	-13.021755	-172.042984	5000
2022-01-30T14:49:03.166Z	-12.983665	-172.155441	152600
2022-01-30T20:08:27.666Z	-12.981075	-172.163086	5000
2022-01-30T21:17:05.725Z	-12.981347	-172.16803	5000
2022-02-07T19:06:28.557Z	-12.911524	-172.477753	153800
2022-02-08T00:13:40.949Z	-12.90964	-172.486099	5000
2022-02-08T01:12:34.070Z	-12.913139	-172.485626	5000
2022-02-09T13:22:32.812Z	-12.90206	-172.552551	153000
2022-02-13T18:18:38.083Z	-12.871136	-172.739334	152900
2022-02-16T10:53:19.285Z	-12.851351	-172.858841	5000
2022-02-16T12:02:39.829Z	-12.845046	-172.855865	5000
2022-02-21T18:21:16.921Z	-12.812699	-173.096252	151000
2022-02-21T23:19:48.198Z	-12.811425	-173.105728	5000
2022-02-22T00:14:28.672Z	-12.810907	-173.101715	5000
2022-02-22T23:07:54.322Z	-12.802463	-173.145767	151600
2022-02-26T02:14:25.395Z	-12.774753	-173.290314	150700
2022-03-01T09:25:30.026Z	-12.745539	-173.442703	150800
2022-03-01T14:40:15.721Z	-12.743603	-173.452805	5000
2022-03-01T15:48:38.235Z	-12.749919	-173.463226	5000
2022-03-02T12:54:50.492Z	-12.749396	-173.504578	148700
2022-03-05T09:08:16.180Z	-12.747706	-173.638214	150900
2022-03-05T14:19:50.328Z	-12.747578	-173.648392	5000
2022-03-05T15:24:44.821Z	-12.741866	-173.656738	5000
2022-03-07T05:34:45.034Z	-12.730704	-173.704391	149200
2022-03-10T22:12:22.448Z	-12.704786	-173.815048	151500
2022-03-11T03:20:21.024Z	-12.703285	-173.821457	5000
2022-03-11T04:16:42.574Z	-12.709325	-173.826553	5000
2022-03-16T14:45:35.242Z	-12.688828	-173.947327	154400
2022-03-16T19:59:48.495Z	-12.688005	-173.952179	5000
2022-03-16T20:55:47.457Z	-12.692198	-173.954514	5000
2022-03-18T04:02:24.844Z	-12.681905	-173.970215	151100
2022-03-18T07:06:00.116Z	-12.680893	-173.971756	151000
2022-03-19T21:26:00.633Z	-12.668211	-173.991104	152400
2022-03-20T02:48:01.988Z	-12.666435	-173.99382	5000
2022-03-20T03:54:22.371Z	-12.669582	-174.002411	5000
2022-03-23T21:59:34.060Z	-12.652516	-174.05426	150200
2022-03-24T03:14:10.086Z	-12.651524	-174.057281	5000
2022-03-24T04:11:55.006Z	-12.650738	-174.052139	5000
2022-03-24T22:44:13.711Z	-12.643645	-174.054337	150100
2022-03-25T12:51:15.136Z	-12.638245	-174.056	150800
2022-03-29T07:14:57.322Z	-12.603662	-174.066666	151200
2022-03-29T12:29:59.971Z	-12.601652	-174.067291	5000
2022-03-29T13:40:49.200Z	-12.602547	-174.069412	5000
2022-03-30T17:01:32.015Z	-12.596955	-174.073975	150900
2022-03-30T20:59:45.812Z	-12.596143	-174.074631	150200
2022-03-31T03:09:26.629Z	-12.594883	-174.075653	150700
2022-03-31T05:46:38.895Z	-12.594347	-174.076096	151100
2022-03-31T06:15:11.481Z	-12.59425	-174.076172	151000
2022-03-31T19:53:18.599Z	-12.591462	-174.078445	151300
2022-04-01T01:09:18.106Z	-12.590384	-174.07933	5000
2022-04-01T02:13:10.558Z	-12.592886	-174.081787	5000
2022-04-02T08:16:16.421Z	-12.578471	-174.084564	150900
2022-04-02T22:05:07.421Z	-12.571845	-174.085831	151400
2022-04-09T12:01:36.877Z	-12.496087	-174.100418	5000
2022-04-09T12:54:18.696Z	-12.497353	-174.102188	5000
2022-04-10T10:33:44.201Z	-12.493731	-174.11116	151600
2022-04-11T14:41:34.030Z	-12.489029	-174.122833	151600
2022-04-11T19:54:35.388Z	-12.488157	-174.125	5000
2022-04-11T21:06:00.525Z	-12.489925	-174.129242	5000
2022-04-13T02:34:47.633Z	-12.464921	-174.138474	151100
2022-04-13T03:05:53.313Z	-12.464481	-174.138626	150700
2022-04-13T22:46:15.816Z	-12.447795	-174.144791	151300
2022-04-16T22:00:26.945Z	-12.387373	-174.167068	150700
2022-04-17T03:06:22.308Z	-12.383048	-174.168671	5000
2022-04-17T04:14:14.397Z	-12.386152	-174.180328	5000
2022-04-19T04:34:18.291Z	-12.358227	-174.180344	151000
2022-04-20T05:15:44.827Z	-12.343963	-174.180359	149100
2022-04-20T10:02:12.739Z	-12.341204	-174.180359	5000
2022-04-20T10:53:15.925Z	-12.344756	-174.179794	5000
2022-04-22T21:26:04.939Z	-12.30555	-174.202576	150200
2022-04-23T02:36:22.215Z	-12.302087	-174.20459	5000
2022-04-23T03:29:11.100Z	-12.304841	-174.207001	5000
2022-04-24T06:25:07.014Z	-12.279161	-174.207947	150700
2022-04-26T00:43:41.822Z	-12.238819	-174.209442	147200
2022-04-26T05:40:39.395Z	-12.234099	-174.20961	5000
2022-04-26T06:43:56.196Z	-12.225595	-174.210037	5000
2022-04-27T18:31:18.353Z	-12.182565	-174.20874	151900
2022-05-01T22:05:41.981Z	-12.062844	-174.205109	150100
2022-05-02T03:22:36.881Z	-12.056494	-174.204926	5000
2022-05-02T04:35:45.522Z	-12.05373	-174.211014	5000
2022-05-04T02:40:04.375Z	-12.032512	-174.203537	151200
2022-05-05T19:32:56.966Z	-12.013683	-174.196915	152900
2022-05-06T00:41:50.167Z	-12.011312	-174.196091	5000
2022-05-06T01:35:50.555Z	-12.011477	-174.201294	5000
2022-05-07T15:43:09.349Z	-11.984087	-174.200821	151400
2022-05-07T17:05:11.708Z	-11.983105	-174.200806	151600
2022-05-12T11:00:08.079Z	-11.901258	-174.199371	150800
2022-05-12T16:10:22.220Z	-11.897543	-174.19931	5000
2022-05-12T17:10:36.192Z	-11.902001	-174.210388	5000
2022-05-15T16:02:14.354Z	-11.837883	-174.218719	153000
2022-05-21T02:49:42.866Z	-11.719537	-174.234085	5000
2022-05-21T03:38:46.490Z	-11.715253	-174.241089	5000
2022-05-21T22:40:21.012Z	-11.704902	-174.244476	151300
2022-05-22T07:08:09.479Z	-11.700296	-174.245987	151100
2022-05-23T13:06:43.777Z	-11.683988	-174.251328	151100
2022-05-23T18:18:54.201Z	-11.681157	-174.252258	5000
2022-05-23T19:07:10.687Z	-11.679531	-174.262772	5000
2022-05-26T15:40:27.274Z	-11.666169	-174.277588	150300
2022-05-26T20:55:50.297Z	-11.665145	-174.278717	5000
2022-05-26T22:01:38.296Z	-11.671079	-174.28653	5000
2022-05-28T15:33:03.579Z	-11.670467	-174.284012	149700
2022-06-03T07:07:19.994Z	-11.66847	-174.275757	152100
2022-06-03T12:32:53.849Z	-11.668391	-174.275421	5000
2022-06-03T13:24:22.320Z	-11.671682	-174.281174	5000
2022-06-04T13:07:18.695Z	-11.676984	-174.2612	148700
2022-06-04T23:46:57.316Z	-11.679368	-174.252228	151400
2022-06-05T21:28:26.190Z	-11.684217	-174.233948	151700
2022-06-11T23:12:58.356Z	-11.716801	-174.111176	5000
2022-06-12T00:04:16.435Z	-11.715079	-174.115265	5000
2022-06-20T09:28:09.651Z	-11.963957	-173.986542	5000
2022-06-20T10:17:56.200Z	-11.963982	-173.994263	5000
2022-06-21T03:24:16.449Z	-11.968595	-174.002701	150900
2022-06-28T19:53:08.579Z	-12.018343	-174.093613	5000
2022-06-28T20:45:28.801Z	-12.021112	-174.099243	5000
2022-07-04T07:27:03.616Z	-12.012569	-174.013214	149800
2022-07-07T06:25:41.859Z	-12.00793	-173.966507	5000
2022-07-07T07:16:50.676Z	-12.009532	-173.971222	5000
2022-07-11T22:22:44.790Z	-12.07288	-173.862381	151000
2022-07-12T03:41:43.947Z	-12.075911	-173.857162	5000
2022-07-12T04:56:57.926Z	-12.074138	-173.868591	5000
2022-07-13T15:00:17.416Z	-12.077809	-173.859924	153700
2022-07-14T11:18:20.805Z	-12.079999	-173.854752	154500
2022-07-20T14:28:16.587Z	-12.095866	-173.817276	5000
2022-07-20T15:15:07.806Z	-12.095885	-173.822296	5000
2022-07-27T00:53:17.945Z	-12.073784	-173.889557	151400
2022-07-27T06:09:47.574Z	-12.073025	-173.891861	5000
2022-07-27T07:12:33.939Z	-12.06875	-173.896896	5000
2022-07-31T04:03:20.002Z	-12.023209	-173.954895	151900
2022-08-01T21:09:25.776Z	-12.003049	-173.980576	150700
2022-08-02T21:12:00.739Z	-11.991255	-173.99559	152400
2022-08-03T02:30:49.445Z	-11.988648	-173.998917	5000
2022-08-03T03:19:20.033Z	-11.987488	-174.006317	5000
2022-08-11T13:12:16.311Z	-11.955174	-173.998901	5000
2022-08-11T14:07:02.252Z	-11.957544	-174.000641	5000
2022-08-13T06:34:37.850Z	-11.954866	-173.99263	152200
2022-08-14T03:14:45.479Z	-11.953499	-173.988525	153600
2022-08-14T08:23:26.191Z	-11.953158	-173.987503	5000
2022-08-14T09:32:34.357Z	-11.952015	-173.991348	5000
2022-08-22T19:09:32.853Z	-11.913611	-173.786667	5000
2022-08-22T20:00:03.349Z	-11.912609	-173.787323	5000
2022-08-28T18:35:41.297Z	-12.059522	-173.612198	148600
2022-08-29T18:14:01.557Z	-12.083877	-173.58316	148400
2022-08-29T23:22:22.554Z	-12.089171	-173.576843	5000
2022-08-30T01:08:06.553Z	-12.086148	-173.59201	5000
2022-09-02T22:45:21.457Z	-12.168992	-173.530731	150800
2022-09-03T04:00:05.435Z	-12.173634	-173.527298	5000
2022-09-03T04:51:51.763Z	-12.172821	-173.529205	5000
2022-09-08T07:15:37.148Z	-12.298835	-173.510529	152000
2022-09-08T12:33:06.397Z	-12.304283	-173.50972	5000
2022-09-08T13:20:57.916Z	-12.302882	-173.51506	5000
2022-09-10T23:52:47.979Z	-12.326572	-173.554352	151300
2022-09-11T05:11:18.622Z	-12.328721	-173.557922	5000
2022-09-11T06:13:12.633Z	-12.331055	-173.569901	5000
2022-09-14T11:06:32.549Z	-12.333323	-173.601883	151700
2022-09-14T16:18:46.892Z	-12.333477	-173.60405	5000
2022-09-14T17:09:48.030Z	-12.337842	-173.606628	5000
2022-09-19T18:15:36.490Z	-12.322743	-173.656189	150200
2022-09-19T23:15:57.432Z	-12.32212	-173.658234	5000
2022-09-20T00:07:25.995Z	-12.324368	-173.668808	5000
2022-09-28T09:46:19.035Z	-12.165655	-173.689346	5000
2022-09-28T10:39:44.720Z	-12.163006	-173.692184	5000
2022-10-06T20:19:26.668Z	-12.159285	-173.59285	5000
2022-10-06T21:07:57.088Z	-12.157639	-173.599884	5000
2022-10-13T22:25:19.175Z	-12.282082	-173.479782	151100
2022-10-14T03:26:33.412Z	-12.285772	-173.476227	5000
2022-10-14T04:39:00.431Z	-12.294503	-173.478775	5000
2022-10-15T02:47:57.494Z	-12.317884	-173.464706	149500
2022-10-20T09:42:21.229Z	-12.451851	-173.384171	153200
2022-10-20T15:00:59.495Z	-12.457457	-173.380798	5000
2022-10-20T15:57:09.836Z	-12.463372	-173.387878	5000
2022-10-21T09:26:08.321Z	-12.47733	-173.377365	147200
2022-10-29T01:37:18.921Z	-12.624381	-173.266541	5000
2022-10-29T02:39:43.554Z	-12.626091	-173.263672	5000
2022-11-06T12:03:51.398Z	-12.685829	-173.158508	5000
2022-11-06T12:55:13.054Z	-12.687061	-173.161148	5000
2022-11-14T22:41:19.486Z	-12.65249	-173.147232	5000
2022-11-14T23:40:42.278Z	-12.658013	-173.146912	5000
2022-11-23T09:28:19.160Z	-12.650641	-173.176163	5000
2022-11-23T10:20:06.611Z	-12.654939	-173.182755	5000
2022-12-01T20:03:04.868Z	-12.678679	-173.293457	5000
2022-12-01T21:11:37.056Z	-12.675123	-173.296524	5000
2022-12-10T06:28:16.906Z	-12.776054	-173.41925	5000
2022-12-10T07:31:26.464Z	-12.781672	-173.427719	5000
2022-12-18T17:13:22.784Z	-12.834208	-173.455124	5000
2022-12-18T18:18:38.847Z	-12.832462	-173.462982	5000
2022-12-27T03:39:23.734Z	-12.863463	-173.476852	5000
2022-12-27T04:28:41.375Z	-12.86506	-173.47612	5000
2023-01-04T14:17:04.111Z	-12.794378	-173.580399	5000
2023-01-04T15:14:17.713Z	-12.798984	-173.579681	5000
2023-01-13T00:48:54.667Z	-12.729324	-173.68605	5000
2023-01-15T18:12:50.454Z	-12.706226	-173.707428	5000
2023-01-17T20:51:45.621Z	-12.686781	-173.723663	154600
2023-01-18T02:09:37.028Z	-12.684748	-173.725357	5000
2023-01-18T03:06:19.721Z	-12.680722	-173.711731	5000
2023-01-26T12:42:54.530Z	-12.599144	-173.793488	5000
2023-01-26T13:34:24.465Z	-12.600587	-173.793427	5000
2023-02-03T23:17:29.598Z	-12.552108	-173.917374	5000
2023-02-04T00:07:11.000Z	-12.553782	-173.924179	5000
2023-02-06T01:36:48.067Z	-12.55149	-173.952576	151800
2023-02-06T06:55:17.021Z	-12.551245	-173.955627	5000
2023-02-06T07:47:59.011Z	-12.556537	-173.954224	5000
2023-02-13T09:20:13.141Z	-12.577761	-174.116653	150300
2023-02-13T14:35:47.613Z	-12.578419	-174.121689	5000
2023-02-13T15:37:09.773Z	-12.582788	-174.121231	5000
2023-02-14T22:22:21.809Z	-12.593161	-174.145599	151600
2023-02-16T05:39:54.321Z	-12.603716	-174.17041	154200
2023-02-16T10:53:02.833Z	-12.605475	-174.174545	5000
2023-02-16T11:45:51.042Z	-12.602987	-174.170761	5000
2023-02-17T09:45:23.822Z	-12.612844	-174.185394	153400
2023-02-18T01:57:20.251Z	-12.620104	-174.196167	153800
2023-02-18T09:05:21.372Z	-12.623301	-174.200912	150300
2023-02-18T12:34:21.820Z	-12.624862	-174.203232	154200
2023-02-18T23:03:10.212Z	-12.629559	-174.210205	151800
2023-02-19T04:24:43.127Z	-12.63196	-174.21376	5000
2023-02-19T05:30:30.894Z	-12.635742	-174.224701	5000
2023-02-24T14:38:56.928Z	-12.702479	-174.265991	151800
2023-02-24T19:46:38.256Z	-12.70513	-174.267624	5000
2023-02-24T20:34:47.007Z	-12.710681	-174.267731	5000
2023-02-25T20:10:53.702Z	-12.717879	-174.290695	151500
2023-02-27T06:03:40.942Z	-12.728213	-174.323669	149800
2023-02-27T11:15:21.021Z	-12.729798	-174.32872	5000
2023-02-27T12:06:50.290Z	-12.730285	-174.332962	5000
2023-02-28T16:14:02.209Z	-12.733095	-174.361816	150200
2023-03-01T05:40:59.822Z	-12.73444	-174.37561	152500
2023-03-01T22:04:01.360Z	-12.736077	-174.392426	152200
2023-03-02T03:19:53.789Z	-12.736604	-174.397827	5000
2023-03-02T04:14:08.913Z	-12.738979	-174.405838	5000
2023-03-03T15:35:26.642Z	-12.735081	-174.430847	151500
2023-03-04T03:45:44.873Z	-12.733739	-174.439453	151700
2023-03-04T06:43:29.047Z	-12.733413	-174.441544	151600
2023-03-04T12:07:20.114Z	-12.732817	-174.445358	5000
2023-03-04T12:59:43.213Z	-12.734441	-174.451126	5000
2023-03-05T06:51:24.194Z	-12.736625	-174.469299	150600
2023-03-05T12:08:05.651Z	-12.73727	-174.474686	150500
2023-03-05T19:02:03.366Z	-12.738114	-174.481705	151500
2023-03-05T19:58:56.441Z	-12.738231	-174.482666	151700
2023-03-06T21:00:27.105Z	-12.741291	-174.508148	151400
2023-03-07T02:20:04.435Z	-12.741942	-174.513565	5000
2023-03-07T03:17:50.782Z	-12.742348	-174.50737	5000
2023-03-14T00:54:35.444Z	-12.820532	-174.752853	148100
2023-03-14T05:54:20.570Z	-12.82289	-174.760254	5000
2023-03-14T06:56:58.675Z	-12.824665	-174.762161	5000
2023-03-15T12:26:21.817Z	-12.848345	-174.814713	151200
2023-03-16T00:58:23.386Z	-12.858409	-174.837051	151300
2023-03-16T22:17:44.352Z	-12.87553	-174.875046	151000
2023-03-17T05:08:04.298Z	-12.881021	-174.887238	152400
2023-03-18T03:01:22.723Z	-12.898598	-174.926254	151500
2023-03-18T08:23:38.099Z	-12.90291	-174.935822	5000
2023-03-18T09:23:33.759Z	-12.904585	-174.941742	5000
2023-03-19T18:16:52.788Z	-12.92375	-175.010773	152100
2023-03-22T10:49:41.801Z	-12.961362	-175.146271	151600
2023-03-22T16:07:16.024Z	-12.964446	-175.157379	5000
2023-03-22T17:13:17.484Z	-12.963998	-175.16629	5000
2023-03-24T13:01:45.216Z	-12.999478	-175.238419	154100
2023-03-25T09:47:10.231Z	-13.01629	-175.272598	151900
2023-03-25T21:54:37.472Z	-13.02611	-175.292557	151600
2023-03-26T02:52:07.754Z	-13.030126	-175.30072	5000
2023-03-26T03:44:12.529Z	-13.040719	-175.298447	5000
2023-03-27T02:29:13.161Z	-13.060662	-175.340408	151900
2023-03-27T22:23:05.564Z	-13.078105	-175.377121	151700
2023-03-27T23:17:06.401Z	-13.078895	-175.378784	152400
2023-03-28T09:27:53.654Z	-13.087818	-175.397568	150600
2023-03-28T14:41:30.157Z	-13.092401	-175.407211	5000
2023-03-28T15:58:31.785Z	-13.098746	-175.397842	5000
2023-03-29T08:57:13.162Z	-13.114339	-175.430298	151100
2023-03-30T20:23:41.342Z	-13.146888	-175.498032	151500
2023-03-31T01:32:30.105Z	-13.151614	-175.507874	5000
2023-03-31T02:33:08.928Z	-13.157604	-175.508392	5000
2023-04-01T20:23:04.924Z	-13.207305	-175.561325	153800
2023-04-02T18:10:39.752Z	-13.233197	-175.588882	151300
2023-04-02T23:20:55.000Z	-13.239341	-175.595428	5000
2023-04-03T00:30:05.885Z	-13.239454	-175.598572	5000
2023-04-05T14:33:48.052Z	-13.315797	-175.641418	152300
2023-04-05T19:58:21.691Z	-13.322451	-175.645142	5000
2023-04-05T20:51:49.627Z	-13.329305	-175.645386	5000
2023-04-07T18:54:37.116Z	-13.375732	-175.661865	151200
2023-04-09T22:17:52.712Z	-13.427546	-175.680267	152300
2023-04-14T06:44:18.776Z	-13.532851	-175.717667	5000
2023-04-14T07:54:16.781Z	-13.535194	-175.718887	5000
2023-04-18T04:32:21.647Z	-13.585383	-175.719681	152800
2023-04-18T09:59:14.829Z	-13.588335	-175.719727	5000
2023-04-18T11:03:12.121Z	-13.585955	-175.712311	5000
2023-04-19T09:11:26.612Z	-13.600812	-175.719757	147600
2023-04-21T06:18:01.655Z	-13.631088	-175.734924	151100
2023-04-21T11:35:43.213Z	-13.634642	-175.73671	5000
2023-04-21T12:28:04.850Z	-13.635863	-175.731979	5000
2023-04-22T06:05:49.407Z	-13.647049	-175.733658	147500
2023-04-24T00:44:12.911Z	-13.674103	-175.737732	148900
2023-04-24T05:39:59.435Z	-13.677231	-175.73819	5000
2023-04-24T06:44:36.350Z	-13.678756	-175.739716	5000
2023-04-28T03:14:51.137Z	-13.751734	-175.755875	152100
2023-04-28T08:37:15.034Z	-13.755973	-175.756821	5000
2023-04-28T09:45:24.368Z	-13.761365	-175.761459	5000
2023-04-29T23:59:42.733Z	-13.791441	-175.768448	147100
2023-05-04T18:29:42.156Z	-13.881498	-175.789368	149200
2023-05-04T23:38:06.139Z	-13.885541	-175.790314	5000
2023-05-05T00:30:59.605Z	-13.886437	-175.789246	5000
2023-05-08T14:15:01.073Z	-13.906428	-175.804825	150900
2023-05-08T19:39:55.928Z	-13.907691	-175.805801	5000
2023-05-08T20:40:33.383Z	-13.909587	-175.812256	5000
2023-05-10T06:44:30.371Z	-13.918673	-175.811462	152000
2023-05-10T16:01:02.414Z	-13.921145	-175.811249	153300
2023-05-10T16:31:46.953Z	-13.921283	-175.811234	152900
2023-05-10T16:50:12.581Z	-13.921365	-175.811234	152500
2023-05-10T17:00:45.804Z	-13.921412	-175.811218	152600
2023-05-10T17:30:43.559Z	-13.921544	-175.811218	153000
2023-05-10T17:40:00.759Z	-13.921586	-175.811203	152700
2023-05-10T20:12:38.373Z	-13.922264	-175.811157	152100
2023-05-10T21:39:04.462Z	-13.922648	-175.811111	151900
2023-05-10T21:59:43.092Z	-13.92274	-175.811111	151900
2023-05-11T01:07:54.716Z	-13.923576	-175.811035	153000
2023-05-11T06:46:29.601Z	-13.925081	-175.810913	152700
2023-05-12T01:17:57.719Z	-13.930022	-175.810486	151400
2023-05-13T12:06:19.982Z	-13.939304	-175.809677	151800
2023-05-17T06:22:36.569Z	-13.963379	-175.807587	5000
2023-05-17T07:46:36.166Z	-13.980172	-175.811844	5000
2023-05-18T19:43:24.096Z	-13.983745	-175.800797	151200
2023-05-19T02:59:14.024Z	-13.984468	-175.798569	150600
2023-05-19T03:07:11.602Z	-13.98448	-175.798523	150000
2023-05-19T03:11:37.757Z	-13.984488	-175.798508	150000
2023-05-19T03:46:09.428Z	-13.984545	-175.798325	151600
2023-05-19T04:04:41.079Z	-13.984575	-175.798233	152000
2023-05-19T07:04:25.036Z	-13.984873	-175.797318	153800
2023-05-19T07:16:00.112Z	-13.984893	-175.797256	154100
2023-05-19T08:29:40.202Z	-13.985015	-175.796875	154300
2023-05-19T13:55:28.068Z	-13.985555	-175.795212	5000
2023-05-19T15:29:15.887Z	-13.983762	-175.783615	5000
2023-05-20T09:44:07.822Z	-13.981845	-175.777725	151800
2023-05-20T11:38:24.163Z	-13.981645	-175.777115	151700
2023-05-20T13:29:32.896Z	-13.98145	-175.77652	151900
2023-05-20T22:10:56.702Z	-13.980536	-175.773712	152100
2023-05-21T05:23:08.968Z	-13.97978	-175.771393	149800
2023-05-21T08:53:07.397Z	-13.979412	-175.770264	149400
2023-05-21T11:26:21.124Z	-13.979144	-175.76944	150100
2023-05-21T14:11:02.181Z	-13.978855	-175.768555	150000
2023-05-21T15:48:34.682Z	-13.978684	-175.768036	148500
2023-05-21T21:07:26.256Z	-13.978126	-175.766327	5000
2023-05-21T22:40:11.427Z	-13.979799	-175.768127	5000
2023-05-22T22:55:56.731Z	-13.988124	-175.766479	152000
2023-05-23T05:58:58.153Z	-13.990543	-175.765991	150700
2023-05-23T06:24:28.254Z	-13.990689	-175.765961	151200
2023-05-23T06:44:17.853Z	-13.990803	-175.765945	151800
2023-05-23T09:29:04.357Z	-13.991745	-175.765762	153100
2023-05-23T23:49:08.731Z	-13.996663	-175.764771	152700
2023-05-24T05:10:45.202Z	-13.998503	-175.764404	5000
2023-05-24T06:44:13.371Z	-13.99968	-175.770447	5000
2023-05-25T01:46:56.407Z	-14.006045	-175.762802	153300
2023-05-25T02:56:47.664Z	-14.006434	-175.762329	152200
2023-05-25T10:41:52.729Z	-14.009026	-175.759216	151500
2023-05-27T00:10:32.283Z	-14.021554	-175.744141	150600
2023-05-27T05:26:16.982Z	-14.023314	-175.742035	5000
2023-05-27T06:42:58.951Z	-14.043766	-175.742645	5000
2023-05-30T04:01:12.367Z	-14.086204	-175.722702	151400
2023-05-30T09:17:40.946Z	-14.089433	-175.721191	5000
2023-05-30T10:05:07.246Z	-14.086731	-175.726517	5000
2023-06-02T16:00:44.444Z	-14.109307	-175.688644	151200
2023-06-05T21:31:20.427Z	-14.131763	-175.65097	151500
2023-06-07T19:57:03.514Z	-14.145213	-175.628403	5000
2023-06-07T21:02:45.519Z	-14.13855	-175.625443	5000
2023-06-09T21:06:39.533Z	-14.12262	-175.640228	148600
2023-06-10T02:26:29.952Z	-14.120852	-175.641861	5000
2023-06-10T03:32:00.110Z	-14.109583	-175.649185	5000
2023-06-11T16:06:35.487Z	-14.10401	-175.655746	153700
2023-06-15T18:06:59.297Z	-14.089076	-175.673309	152700
2023-06-15T23:33:47.287Z	-14.088245	-175.674286	5000
2023-06-16T00:27:53.907Z	-14.086623	-175.674652	5000
2023-06-16T17:33:12.135Z	-14.089354	-175.691666	151500
2023-06-16T19:11:47.263Z	-14.089616	-175.693298	151700
2023-06-17T11:27:27.757Z	-14.092215	-175.709488	152200
2023-06-17T12:19:53.154Z	-14.092354	-175.710358	152300
2023-06-17T14:28:51.378Z	-14.092698	-175.712509	152200
2023-06-17T18:44:00.861Z	-14.093377	-175.716736	151300
2023-06-18T10:01:49.641Z	-14.095821	-175.731964	151000
2023-06-18T15:22:00.339Z	-14.096674	-175.737274	5000
2023-06-18T16:38:01.671Z	-14.093776	-175.733978	5000
2023-06-20T03:46:40.018Z	-14.118523	-175.733887	153500
2023-06-20T11:48:39.146Z	-14.124179	-175.733871	152900
2023-06-20T19:59:03.058Z	-14.129934	-175.733856	148700
2023-06-21T00:58:43.287Z	-14.133451	-175.733841	5000
2023-06-21T01:53:49.782Z	-14.129734	-175.734589	5000
2023-06-21T23:54:51.448Z	-14.13229	-175.753235	152300
2023-06-23T00:57:31.251Z	-14.135196	-175.774429	151200
2023-06-23T23:04:45.358Z	-14.137763	-175.793152	150800
2023-06-24T04:20:07.043Z	-14.138373	-175.797607	5000
2023-06-24T05:49:49.381Z	-14.131124	-175.780518	5000
2023-06-25T04:38:41.274Z	-14.126174	-175.806015	150100
2023-06-25T07:17:54.498Z	-14.125598	-175.80899	150100
2023-06-25T08:27:37.911Z	-14.125346	-175.810287	151100
2023-06-25T11:38:12.021Z	-14.124658	-175.813828	150000
2023-06-26T05:25:33.998Z	-14.120798	-175.833725	151500
2023-06-26T12:37:12.209Z	-14.119238	-175.841766	151900
2023-06-26T17:53:52.023Z	-14.118093	-175.847656	5000
2023-06-26T18:57:53.060Z	-14.112638	-175.84462	5000
2023-06-27T17:44:13.339Z	-14.103059	-175.858215	150600
2023-06-28T04:21:33.321Z	-14.098591	-175.864548	150700
2023-06-28T10:53:51.602Z	-14.09584	-175.868454	151300
2023-06-29T05:15:57.740Z	-14.088114	-175.879425	150700
2023-06-29T10:29:16.565Z	-14.085917	-175.882538	5000
2023-06-29T11:35:10.235Z	-14.088023	-175.888596	5000
2023-06-30T13:07:30.640Z	-14.060942	-175.908386	150100
2023-07-01T22:21:05.460Z	-14.025708	-175.934143	151600
2023-07-02T03:47:19.600Z	-14.019942	-175.938354	5000
2023-07-02T04:36:36.047Z	-14.029197	-175.942719	5000
2023-07-03T02:40:02.728Z	-14.003348	-175.984741	151100
2023-07-03T13:02:53.293Z	-13.991184	-176.004517	150900
2023-07-03T13:10:21.308Z	-13.991038	-176.004745	150800
2023-07-03T18:04:08.582Z	-13.9853	-176.014084	152200
2023-07-09T15:25:24.728Z	-13.819651	-176.283386	151700
2023-07-10T14:10:43.223Z	-13.792985	-176.326736	5000
2023-07-10T15:12:02.771Z	-13.79087	-176.330704	5000
2023-07-12T12:42:18.122Z	-13.729479	-176.422668	150400
2023-07-14T10:02:02.280Z	-13.668324	-176.514267	151400
2023-07-14T15:20:56.374Z	-13.661154	-176.525009	5000
2023-07-14T16:23:28.036Z	-13.662281	-176.527908	5000
2023-07-20T15:52:45.761Z	-13.500525	-176.761185	150900
2023-07-22T01:22:31.258Z	-13.462764	-176.815643	151800
2023-07-22T06:38:26.663Z	-13.456828	-176.824203	5000
2023-07-22T07:45:31.602Z	-13.447749	-176.813873	5000
2023-07-24T02:50:55.538Z	-13.409802	-176.877625	151000
2023-07-24T02:57:26.523Z	-13.409707	-176.877792	151000
2023-07-24T05:02:39.278Z	-13.407869	-176.880875	151700
2023-07-26T12:46:51.672Z	-13.358785	-176.963348	151600
2023-07-26T18:09:12.950Z	-13.354053	-176.971283	5000
2023-07-26T19:14:45.349Z	-13.355907	-176.977631	5000
2023-07-27T11:45:14.010Z	-13.344616	-177.000946	150300
2023-07-30T13:00:52.912Z	-13.294504	-177.104431	153900
2023-07-30T18:24:32.420Z	-13.290814	-177.112061	5000
2023-07-30T19:28:08.057Z	-13.295414	-177.109818	5000
2023-08-02T01:33:04.499Z	-13.271891	-177.188644	151400
2023-08-02T04:55:02.703Z	-13.270426	-177.193558	149900
2023-08-02T10:16:41.415Z	-13.268094	-177.20137	5000
2023-08-02T11:12:36.712Z	-13.275211	-177.199097	5000
2023-08-03T20:31:11.442Z	-13.260721	-177.251328	151400
2023-08-06T09:14:04.157Z	-13.234309	-177.346527	151900
2023-08-06T14:27:02.898Z	-13.232039	-177.354706	5000
2023-08-06T15:23:57.722Z	-13.236423	-177.357361	5000
2023-08-07T23:32:31.249Z	-13.22087	-177.400162	151300
2023-08-08T18:33:57.964Z	-13.211666	-177.425476	152900
2023-08-08T23:53:43.426Z	-13.209087	-177.432571	5000
2023-08-09T00:56:37.684Z	-13.21379	-177.437561	5000
2023-08-10T05:10:57.560Z	-13.212738	-177.471619	151600
2023-08-12T10:55:16.235Z	-13.210735	-177.536407	151500
2023-08-12T16:20:55.115Z	-13.210533	-177.542953	5000
2023-08-12T17:11:24.442Z	-13.215531	-177.546722	5000
2023-08-14T05:10:37.521Z	-13.230286	-177.597382	148500
2023-08-16T12:49:27.701Z	-13.253099	-177.67572	148900
2023-08-16T18:07:11.444Z	-13.255271	-177.683167	5000
2023-08-16T18:59:20.416Z	-13.258083	-177.687439	5000
2023-08-18T13:09:20.758Z	-13.273594	-177.72049	150500
2023-08-22T21:38:45.689Z	-13.312029	-177.802383	150800
2023-08-23T07:22:41.242Z	-13.315609	-177.810013	150600
2023-08-23T12:39:16.892Z	-13.31755	-177.814148	5000
2023-08-23T13:36:50.039Z	-13.319764	-177.816086	5000
2023-08-26T14:41:19.593Z	-13.282799	-177.843369	149300
2023-08-28T20:03:46.680Z	-13.255799	-177.863297	149600
2023-08-29T01:20:14.694Z	-13.253131	-177.86528	5000
2023-08-29T02:07:06.061Z	-13.251193	-177.873108	5000
2023-09-01T08:26:04.779Z	-13.274208	-177.889526	152600
2023-09-01T13:37:46.015Z	-13.275735	-177.890625	5000
2023-09-01T14:22:00.282Z	-13.275135	-177.89827	5000
2023-09-02T12:30:18.294Z	-13.296451	-177.912796	149600
2023-09-02T17:21:06.412Z	-13.301118	-177.915985	151800
2023-09-03T13:16:34.790Z	-13.320302	-177.929062	162300
2023-09-03T14:01:39.027Z	-13.321026	-177.92955	160600
2023-09-03T23:21:57.621Z	-13.330017	-177.935684	148900
2023-09-04T04:36:04.086Z	-13.335058	-177.939117	5000
2023-09-04T05:37:14.309Z	-13.33602	-177.950394	5000
2023-09-08T06:15:15.471Z	-13.44136	-178.058517	150300
2023-09-08T11:27:03.444Z	-13.447024	-178.064331	5000
2023-09-08T12:17:14.202Z	-13.451746	-178.074036	5000
2023-09-09T18:06:41.887Z	-13.437458	-178.125824	151100
2023-09-11T06:47:35.280Z	-13.419886	-178.189514	151300
2023-09-15T17:41:03.807Z	-13.368677	-178.375122	152400
2023-09-15T23:04:47.615Z	-13.366093	-178.384491	5000
2023-09-16T00:01:27.845Z	-13.371632	-178.387802	5000
2023-09-16T23:44:47.651Z	-13.397338	-178.418579	52700
2023-09-18T23:34:02.379Z	-13.449159	-178.480621	52800
2023-09-19T01:26:18.788Z	-13.451186	-178.483047	5000
2023-09-19T02:15:31.376Z	-13.447465	-178.492218	5000
2023-09-20T05:43:02.703Z	-13.456985	-178.504456	52800
2023-09-20T08:50:19.848Z	-13.458068	-178.505844	52400
2023-09-21T21:13:27.668Z	-13.470683	-178.522064	52700
2023-09-21T23:10:18.915Z	-13.471358	-178.522919	5000
2023-09-22T00:06:16.587Z	-13.477621	-178.532272	5000
2023-09-22T08:22:01.697Z	-13.481489	-178.537323	49900
2023-09-26T14:06:15.461Z	-13.529121	-178.599472	52800
2023-09-26T15:55:06.158Z	-13.52997	-178.600571	5000
2023-09-26T16:49:10.359Z	-13.53055	-178.601822	5000
2023-09-27T18:00:39.704Z	-13.560243	-178.603592	50100
2023-09-28T14:42:03.265Z	-13.584629	-178.605057	50100
2023-09-28T23:27:52.051Z	-13.594958	-178.605682	53100
2023-09-29T01:17:23.763Z	-13.597111	-178.605804	5000
2023-09-29T02:19:20.520Z	-13.589408	-178.61795	5000
2023-09-29T08:57:14.491Z	-13.589921	-178.625107	47900
2023-10-01T12:54:04.057Z	-13.593938	-178.681168	49200
2023-10-01T14:29:06.659Z	-13.594061	-178.682877	5000
2023-10-01T15:15:31.784Z	-13.588755	-178.69249	5000
2023-10-02T05:34:40.037Z	-13.607317	-178.704941	50900
2023-10-03T22:13:43.300Z	-13.660015	-178.740295	52800
2023-10-04T00:11:26.740Z	-13.662559	-178.742004	5000
2023-10-04T01:05:14.930Z	-13.658912	-178.752701	5000
2023-10-04T16:18:34.788Z	-13.657269	-178.777557	54600
2023-10-04T22:21:50.350Z	-13.656616	-178.787445	52500
2023-10-05T13:39:36.660Z	-13.654965	-178.812439	48600
2023-10-07T08:39:46.632Z	-13.650326	-178.882675	48300
2023-10-07T10:21:16.044Z	-13.650144	-178.885437	5000
2023-10-07T11:17:54.626Z	-13.647528	-178.890411	5000
2023-10-08T18:12:52.494Z	-13.664525	-178.922897	50600
2023-10-09T00:39:30.522Z	-13.668068	-178.929672	53000
2023-10-10T07:21:08.683Z	-13.684943	-178.961914	53700
2023-10-12T05:00:07.582Z	-13.710041	-179.009888	49800
2023-10-12T06:46:38.070Z	-13.711017	-179.011749	5000
2023-10-12T07:41:01.326Z	-13.708785	-179.019821	5000
2023-10-14T06:36:14.685Z	-13.701045	-179.133957	54100
2023-10-16T08:45:04.830Z	-13.692773	-179.255936	52100
2023-10-16T10:33:20.428Z	-13.692475	-179.26033	5000
2023-10-16T11:42:05.418Z	-13.685497	-179.265717	5000
2023-10-18T16:17:47.891Z	-13.653978	-179.397018	52800
2023-10-18T18:11:27.565Z	-13.652843	-179.401749	5000
2023-10-18T19:01:45.141Z	-13.65485	-179.407761	5000
2023-10-22T19:32:31.774Z	-13.586381	-179.600128	51700
2023-10-22T21:16:55.479Z	-13.585146	-179.603592	5000
2023-10-22T22:10:48.588Z	-13.586207	-179.610107	5000
2023-10-23T10:31:01.768Z	-13.589676	-179.637619	50300
2023-10-23T14:58:31.166Z	-13.590929	-179.647552	50800
2023-10-25T09:15:26.848Z	-13.602818	-179.741806	50600
2023-10-25T10:09:19.188Z	-13.60307	-179.743805	51400
2023-10-25T11:58:48.261Z	-13.603583	-179.747879	5000
2023-10-25T12:47:08.671Z	-13.600264	-179.755081	5000
2023-10-27T03:02:45.663Z	-13.58132	-179.853256	49800
2023-10-28T04:33:48.562Z	-13.568685	-179.918732	50700
2023-10-28T06:19:49.393Z	-13.56781	-179.923264	5000
2023-10-28T07:13:39.750Z	-13.573266	-179.930328	5000
2023-10-28T14:03:57.876Z	-13.563552	-179.950531	50100
2023-10-28T21:43:43.008Z	-13.552666	-179.973175	49000
2023-10-29T04:33:27.964Z	-13.542964	-179.993347	49800
2023-10-30T23:16:52.648Z	-13.482268	179.880447	49600
2023-10-31T01:06:50.021Z	-13.479665	179.875031	5000
2023-10-31T02:07:44.971Z	-13.479317	179.862473	5000
2023-10-31T11:10:40.492Z	-13.47666	179.843613	48300
2023-11-01T10:15:15.765Z	-13.469886	179.795563	53200
2023-11-01T21:12:47.189Z	-13.466669	179.772736	53800
2023-11-03T11:54:16.084Z	-13.455312	179.692154	51800
2023-11-03T13:50:04.209Z	-13.454745	179.688141	5000
2023-11-03T14:47:57.079Z	-13.454993	179.680557	5000
2023-11-12T02:39:34.309Z	-13.422086	179.280212	51100
2023-11-12T04:23:34.434Z	-13.421806	179.27681	5000
2023-11-12T05:17:23.258Z	-13.428513	179.268295	5000
2023-11-15T23:33:57.428Z	-13.46106	179.037659	50600
2023-11-16T01:24:57.702Z	-13.461726	179.032928	5000
2023-11-16T02:21:44.323Z	-13.459844	179.027115	5000
2023-11-17T08:22:15.625Z	-13.447447	178.950073	50200
2023-11-20T15:01:20.315Z	-13.414956	178.748138	49600
2023-11-20T16:51:31.085Z	-13.414198	178.743423	5000
2023-11-20T17:50:41.375Z	-13.423361	178.737946	5000
2023-11-21T15:31:21.327Z	-13.412184	178.671478	52600
2023-11-22T04:48:37.868Z	-13.405333	178.630737	52200
2023-11-22T04:53:23.916Z	-13.405292	178.630493	52400
2023-11-23T20:07:42.073Z	-13.38506	178.510178	52700
2023-11-23T22:01:10.001Z	-13.384086	178.504379	5000
2023-11-23T23:00:45.324Z	-13.37451	178.494461	5000
2023-11-24T09:12:09.653Z	-13.364933	178.451782	48900
2023-11-24T12:20:42.844Z	-13.361979	178.438614	49800
2023-11-30T23:20:38.472Z	-13.216302	177.789429	52600
2023-12-01T01:15:13.154Z	-13.214507	177.781433	5000
2023-12-01T02:08:51.159Z	-13.213446	177.775909	5000
2023-12-02T14:45:07.543Z	-13.222296	177.665527	54300
2023-12-02T20:24:49.580Z	-13.223665	177.648453	54200
2023-12-07T12:57:28.535Z	-13.250876	177.309052	50000
2023-12-07T14:42:23.849Z	-13.251299	177.303772	5000
2023-12-07T15:36:26.547Z	-13.245636	177.292755	5000
2023-12-08T07:20:50.556Z	-13.259864	177.259399	52800
2023-12-11T06:34:01.449Z	-13.324244	177.108429	50900
2023-12-11T08:28:18.226Z	-13.325966	177.104401	5000
2023-12-11T09:21:35.764Z	-13.315554	177.099915	5000
2023-12-12T04:00:43.217Z	-13.319145	177.063324	53100
2023-12-12T07:42:22.996Z	-13.319857	177.056076	54900
2023-12-12T12:55:30.061Z	-13.320862	177.045837	50200
2023-12-13T23:35:04.588Z	-13.327537	176.977844	50800
2023-12-14T01:27:55.344Z	-13.327898	176.974152	5000
2023-12-14T02:27:08.225Z	-13.333113	176.964935	5000
2023-12-15T00:00:18.618Z	-13.358673	176.924667	52900
2023-12-16T06:11:50.091Z	-13.39448	176.868256	51300
2023-12-16T07:59:34.982Z	-13.396609	176.864899	5000
2023-12-16T08:52:46.080Z	-13.393245	176.856674	5000
2023-12-24T12:45:08.950Z	-13.569268	176.592133	49400
2023-12-24T14:35:25.811Z	-13.57092	176.589645	5000
2023-12-24T15:25:55.047Z	-13.56451	176.5784	5000
2023-12-29T19:03:40.718Z	-13.578303	176.450699	51400
2024-01-01T01:44:17.571Z	-13.584404	176.394211	50400
2024-01-01T03:30:31.955Z	-13.584601	176.39238	5000
2024-01-01T04:36:48.260Z	-13.592472	176.379593	5000
2024-01-02T06:40:57.597Z	-13.584659	176.353714	51700
2024-01-04T04:57:28.412Z	-13.570789	176.307755	49600
2024-01-04T06:46:17.913Z	-13.570246	176.305954	5000
2024-01-04T07:44:18.972Z	-13.574615	176.298248	5000
2024-01-04T22:39:31.465Z	-13.566821	176.290909	53200
2024-01-04T23:42:41.306Z	-13.566271	176.29039	53400
2024-01-07T21:42:37.505Z	-13.529701	176.255997	52600
2024-01-07T23:36:44.271Z	-13.528708	176.255051	5000
2024-01-08T00:56:43.791Z	-13.512701	176.257462	5000
2024-01-08T20:56:17.661Z	-13.495232	176.239197	53000
2024-01-08T22:49:15.331Z	-13.493587	176.237473	52900
2024-01-09T02:55:24.684Z	-13.490002	176.233719	53300
2024-01-10T11:29:39.737Z	-13.461541	176.203949	48600
2024-01-10T13:15:28.717Z	-13.46	176.202347	5000
2024-01-10T14:31:33.592Z	-13.457716	176.199341	5000
2024-01-13T02:39:15.948Z	-13.372663	176.164215	51800
2024-01-13T04:33:13.318Z	-13.369977	176.163116	5000
2024-01-13T05:40:08.814Z	-13.363553	176.150818	5000
2024-01-14T09:30:41.249Z	-13.332256	176.150726	51700
2024-01-15T16:43:42.695Z	-13.297168	176.150635	52100
2024-01-15T18:35:54.504Z	-13.295066	176.150635	5000
2024-01-15T19:45:43.691Z	-13.285922	176.134293	5000
2024-01-16T09:49:19.878Z	-13.268826	176.135559	52400
2024-01-18T03:11:23.622Z	-13.218527	176.139313	50700
2024-01-18T04:59:04.486Z	-13.216345	176.139481	5000
2024-01-18T06:06:20.254Z	-13.218532	176.134415	5000
2024-01-18T22:13:06.723Z	-13.196757	176.145767	51400
2024-01-19T04:57:51.689Z	-13.187641	176.150528	49900
2024-01-20T15:54:50.495Z	-13.14041	176.175156	51000
2024-01-20T17:43:04.522Z	-13.137972	176.176422	5000
2024-01-20T18:58:36.741Z	-13.134212	176.16423	5000
2024-01-23T14:34:25.019Z	-13.072245	176.256119	49400
2024-01-23T16:22:03.998Z	-13.0706	176.25856	5000
2024-01-23T17:18:44.019Z	-13.073627	176.252914	5000
2024-02-01T09:41:46.602Z	-13.131049	176.73764	5000
2024-02-01T10:36:50.642Z	-13.135878	176.740433	5000
2024-02-10T03:01:29.818Z	-13.471952	176.9897	5000
2024-02-10T03:56:23.608Z	-13.470173	176.993576	5000
2024-02-14T18:58:07.494Z	-13.705358	176.971054	52500
2024-02-14T20:54:33.984Z	-13.709468	176.970657	5000
2024-02-14T21:57:14.293Z	-13.710838	176.972855	5000
2024-02-15T12:21:29.036Z	-13.738141	176.960129	54200
2024-02-16T20:48:03.806Z	-13.799637	176.931473	51800
2024-02-18T06:07:15.494Z	-13.862795	176.902039	50600
2024-02-18T07:54:28.148Z	-13.866181	176.900452	5000
2024-02-18T08:56:06.685Z	-13.871039	176.905701	5000
2024-02-21T04:32:24.782Z	-14.043362	176.817154	51100
2024-02-21T06:20:49.918Z	-14.047967	176.814789	5000
