Datetime	Latitude	Longitude	WaterPressure
2018-09-12T02:32:01.856Z	-24.202087	-141.172562	5000
2018-09-13T01:55:47.694Z	-24.179417	-141.116806	5000
2018-09-13T02:47:33.338Z	-24.172018	-141.104813	5000
2018-09-21T12:29:15.068Z	-24.151941	-141.052444	5000
2018-09-21T13:27:14.463Z	-24.149393	-141.051117	5000
2018-09-29T22:54:52.942Z	-24.113794	-140.958054	5000
2018-09-29T23:57:47.151Z	-24.111259	-140.956116	5000
2018-10-08T09:30:56.692Z	-24.067297	-140.925507	5000
2018-10-08T11:05:51.493Z	-24.053146	-140.916306	5000
2018-10-16T20:02:03.838Z	-23.997734	-140.918182	5000
2018-10-16T21:10:42.703Z	-23.990482	-140.896225	5000
2018-10-25T06:38:59.763Z	-23.966413	-140.874969	5000
2018-10-25T07:34:42.232Z	-23.979736	-140.867569	5000
2018-11-02T17:21:09.500Z	-23.959518	-140.89917	5000
2018-11-02T18:22:13.950Z	-23.95966	-140.891113	5000
2018-11-11T04:05:02.906Z	-23.993713	-140.910202	5000
2018-11-11T04:58:59.831Z	-24.004675	-140.904434	5000
2018-11-18T20:30:32.434Z	-24.01413	-140.966339	150500
2018-11-19T01:37:41.055Z	-24.014393	-140.968063	5000
2018-11-19T02:43:44.178Z	-24.020657	-140.945175	5000
2018-11-27T12:15:45.364Z	-24.002909	-141.042618	5000
2018-11-27T13:57:27.377Z	-24.004263	-141.04216	5000
2018-11-30T17:40:24.315Z	-23.984554	-141.086273	151300
2018-11-30T22:56:29.671Z	-23.983183	-141.08934	5000
2018-11-30T23:59:14.803Z	-23.99494	-141.098022	5000
2018-12-05T04:25:08.411Z	-23.988438	-141.154953	151500
2018-12-05T09:36:30.088Z	-23.988102	-141.157898	5000
2018-12-05T10:32:04.246Z	-23.990137	-141.172775	5000
2018-12-11T02:37:07.816Z	-24.007055	-141.254318	151000
2018-12-11T07:53:13.484Z	-24.00771	-141.257477	5000
2018-12-11T09:40:41.178Z	-24.025036	-141.25853	5000
2018-12-19T18:43:20.394Z	-24.003731	-141.342133	5000
2018-12-19T19:48:40.853Z	-24.014872	-141.349487	5000
2018-12-23T23:13:22.373Z	-24.031462	-141.446259	151400
2018-12-24T04:29:15.822Z	-24.032341	-141.45137	5000
2018-12-24T05:34:32.637Z	-24.047991	-141.45282	5000
2019-01-01T15:11:49.874Z	-24.071444	-141.668777	5000
2019-01-01T16:14:13.436Z	-24.074604	-141.676315	5000
2019-01-10T01:53:59.728Z	-24.138929	-141.850754	5000
2019-01-10T03:41:13.166Z	-24.142334	-141.850784	5000
2019-01-18T12:33:31.904Z	-24.184193	-142.037979	5000
2019-01-18T13:40:45.648Z	-24.178326	-142.046265	5000
2019-01-20T01:41:46.351Z	-24.185427	-142.071121	152900
2019-01-26T23:03:23.565Z	-24.218029	-142.185257	5000
2019-01-27T00:40:13.886Z	-24.226986	-142.195374	5000
2019-02-04T09:38:54.956Z	-24.232899	-142.31076	5000
2019-02-04T10:38:16.939Z	-24.235264	-142.305679	5000
2019-02-12T20:19:18.450Z	-24.280399	-142.392365	5000
2019-02-12T21:15:25.301Z	-24.277069	-142.387268	5000
2019-02-21T06:53:28.936Z	-24.323986	-142.445801	5000
2019-02-21T08:01:29.880Z	-24.319145	-142.43988	5000
2019-02-22T10:26:27.577Z	-24.327175	-142.445312	150500
2019-03-01T08:59:47.687Z	-24.377804	-142.479568	152200
2019-03-01T14:15:36.267Z	-24.379404	-142.480652	5000
2019-03-01T15:24:36.046Z	-24.380697	-142.489182	5000
2019-03-10T00:43:04.220Z	-24.40214	-142.576782	5000
2019-03-10T01:35:31.598Z	-24.41275	-142.58226	5000
2019-03-18T11:20:28.681Z	-24.384357	-142.686371	5000
2019-03-18T12:35:36.759Z	-24.381639	-142.693039	5000
2019-03-26T22:12:18.135Z	-24.327251	-142.750244	5000
2019-03-26T23:38:34.851Z	-24.319458	-142.734344	5000
2019-04-04T08:42:51.244Z	-24.294315	-142.78334	5000
2019-04-04T09:33:45.626Z	-24.291267	-142.787247	5000
2019-04-12T19:12:48.883Z	-24.274733	-142.881836	5000
2019-04-12T20:10:42.800Z	-24.277897	-142.884125	5000
2019-04-21T06:02:40.075Z	-24.268736	-142.994858	5000
2019-04-21T06:54:36.571Z	-24.260616	-142.998444	5000
2019-04-29T16:43:07.857Z	-24.229748	-143.10527	5000
2019-04-29T17:30:55.234Z	-24.222496	-143.113998	5000
2019-05-06T21:28:59.699Z	-24.170319	-143.213928	150000
2019-05-07T02:48:51.860Z	-24.168701	-143.217026	5000
2019-05-07T04:30:46.178Z	-24.16918	-143.218414	5000
2019-05-15T13:06:52.237Z	-24.113272	-143.258026	5000
2019-05-15T14:36:20.140Z	-24.108015	-143.250885	5000
2019-05-23T23:35:09.113Z	-24.057714	-143.357971	5000
2019-05-24T00:27:57.059Z	-24.059767	-143.355438	5000
2019-05-26T07:50:31.324Z	-24.043444	-143.402222	151100
2019-05-26T13:03:16.929Z	-24.041906	-143.406616	5000
2019-05-26T13:54:40.127Z	-24.037357	-143.410034	5000
2019-06-03T23:40:32.824Z	-23.951214	-143.495926	5000
2019-06-04T00:30:43.183Z	-23.954453	-143.496521	5000
2019-06-12T10:07:04.291Z	-23.883528	-143.563705	5000
2019-06-21T20:28:01.725Z	-24.073019	-143.489197	5000
2019-06-22T13:06:04.932Z	-24.066532	-143.493851	149600
2019-06-30T06:16:16.645Z	-23.994314	-143.545685	5000
2019-06-30T07:12:59.811Z	-23.997356	-143.545609	5000
2019-07-08T16:53:42.352Z	-23.935387	-143.596283	5000
2019-07-08T17:58:16.376Z	-23.935726	-143.598389	5000
2019-07-17T03:38:14.630Z	-23.851023	-143.594955	5000
2019-07-17T04:29:48.079Z	-23.851904	-143.598022	5000
2019-07-25T13:56:26.907Z	-23.819691	-143.518539	5000
2019-07-25T14:53:56.201Z	-23.812054	-143.513412	5000
2019-08-03T00:31:43.451Z	-23.775934	-143.495209	5000
2019-08-03T01:24:01.693Z	-23.77668	-143.494415	5000
2019-08-08T01:03:16.228Z	-23.78738	-143.488724	150800
2019-08-08T06:08:25.730Z	-23.787834	-143.48848	5000
2019-08-08T06:58:23.094Z	-23.787682	-143.495911	5000
2019-08-11T04:34:53.888Z	-23.789112	-143.508286	5000
2019-08-11T05:53:41.445Z	-23.785358	-143.506393	5000
2019-08-14T03:27:41.884Z	-23.810339	-143.534607	5000
2019-08-19T05:02:13.278Z	-30.607565	-158.914978	5000
2019-08-20T04:26:53.900Z	-30.601013	-158.883621	5000
2019-08-20T05:37:24.243Z	-30.60853	-158.872955	5000
2019-08-21T04:39:56.591Z	-30.60899	-158.840378	5000
2019-08-21T05:39:39.384Z	-30.611807	-158.834351	5000
2019-08-26T04:48:46.498Z	-30.618021	-158.744904	5000
2019-08-26T05:44:43.408Z	-30.615351	-158.739044	5000
2019-08-28T00:06:06.410Z	-30.605278	-158.712158	150600
2019-08-31T05:03:51.684Z	-30.586973	-158.663315	5000
2019-08-31T05:59:00.416Z	-30.588812	-158.652206	5000
2019-09-01T15:56:43.016Z	-30.582495	-158.617676	148900
2019-09-04T09:51:32.514Z	-30.570236	-158.550674	150700
2019-09-04T15:05:27.428Z	-30.569263	-158.545349	5000
2019-09-04T16:10:05.127Z	-30.571133	-158.535217	5000
2019-09-09T15:22:28.930Z	-30.496326	-158.394501	5000
2019-09-09T16:31:16.489Z	-30.490162	-158.378967	5000
2019-09-14T15:42:38.351Z	-30.4002	-158.261765	5000
2019-09-14T16:44:36.464Z	-30.400856	-158.254898	5000
2019-09-18T02:02:33.605Z	-30.3069	-158.190109	151700
2019-09-19T16:00:00.033Z	-30.263033	-158.159866	5000
2019-09-19T17:03:56.656Z	-30.243477	-158.152252	5000
2019-09-21T20:02:55.040Z	-30.171064	-158.107376	150700
2019-09-22T01:14:01.540Z	-30.163698	-158.102814	5000
2019-09-22T02:15:43.914Z	-30.160038	-158.089325	5000
2019-09-27T01:25:45.588Z	-30.024313	-158.001938	5000
2019-09-27T02:25:37.248Z	-30.017153	-157.992416	5000
2019-10-02T01:44:54.984Z	-29.959261	-157.887238	5000
2019-10-02T02:45:14.091Z	-29.961517	-157.886292	5000
2019-10-07T02:06:05.657Z	-29.884134	-157.839081	5000
2019-10-07T03:03:14.447Z	-29.877378	-157.839172	5000
2019-10-12T02:22:41.144Z	-29.883045	-157.785767	5000
2019-10-12T03:18:23.886Z	-29.885654	-157.77977	5000
2019-10-17T02:45:23.757Z	-29.889225	-157.749115	5000
2019-10-17T03:48:53.754Z	-29.899994	-157.750946	5000
2019-10-19T10:11:41.588Z	-29.925808	-157.732742	150800
2019-10-19T15:24:59.051Z	-29.928288	-157.731003	5000
2019-10-19T16:19:58.471Z	-29.936644	-157.728973	5000
2019-10-20T15:44:56.416Z	-29.943525	-157.716705	150900
2019-10-21T10:46:10.957Z	-29.949116	-157.706741	151500
2019-10-22T04:21:46.733Z	-29.954287	-157.697525	151700
2019-10-22T09:41:45.946Z	-29.955854	-157.694733	5000
2019-10-22T10:42:09.445Z	-29.975761	-157.68721	5000
2019-10-24T19:19:32.727Z	-29.981178	-157.672974	151200
2019-10-27T09:53:24.822Z	-29.987165	-157.657242	5000
2019-10-27T10:52:49.900Z	-29.977726	-157.63887	5000
2019-10-29T08:19:08.082Z	-29.979042	-157.613159	152000
2019-10-30T17:05:11.199Z	-29.979992	-157.594604	150700
2019-11-01T10:03:32.422Z	-29.981178	-157.571426	5000
2019-11-01T11:10:53.489Z	-29.967779	-157.548355	5000
2019-11-04T22:46:43.685Z	-29.976532	-157.503937	151100
2019-11-05T03:53:56.545Z	-29.977068	-157.501221	5000
2019-11-05T04:50:07.206Z	-29.961578	-157.481323	5000
2019-11-08T09:44:12.441Z	-30.002647	-157.427521	153700
2019-11-08T10:47:15.809Z	-30.003208	-157.426788	153600
2019-11-08T15:56:53.241Z	-30.005964	-157.423172	5000
2019-11-08T17:00:06.588Z	-30.012329	-157.409271	5000
2019-11-09T11:27:07.824Z	-30.019209	-157.40451	152100
2019-11-11T23:06:36.958Z	-30.04146	-157.38913	152100
2019-11-12T04:22:01.712Z	-30.043419	-157.387772	5000
2019-11-12T05:27:24.554Z	-30.056702	-157.370789	5000
2019-11-14T16:28:10.849Z	-30.112415	-157.33989	151600
2019-11-14T21:43:58.768Z	-30.117384	-157.337143	5000
2019-11-14T22:38:33.516Z	-30.130091	-157.334335	5000
2019-11-19T21:58:01.113Z	-30.168718	-157.36969	5000
2019-11-19T23:19:02.459Z	-30.16696	-157.375549	5000
2019-11-23T16:38:05.398Z	-30.157507	-157.397598	152800
2019-11-24T22:27:39.109Z	-30.15435	-157.404953	5000
2019-11-24T23:35:14.668Z	-30.152283	-157.409424	5000
2019-11-29T22:44:49.162Z	-30.091406	-157.439575	5000
2019-11-29T23:56:15.892Z	-30.095236	-157.443268	5000
2019-12-04T22:59:43.979Z	-30.024714	-157.455933	5000
2019-12-05T00:03:27.844Z	-30.023689	-157.451736	5000
2019-12-06T13:08:06.331Z	-30.010651	-157.455551	149300
2019-12-09T23:10:45.583Z	-29.981804	-157.464005	5000
2019-12-10T00:10:01.774Z	-29.97954	-157.459	5000
2019-12-14T23:23:44.874Z	-29.9384	-157.500763	5000
2019-12-15T00:25:18.931Z	-29.937965	-157.501999	5000
2019-12-18T01:59:36.550Z	-29.876656	-157.499634	149300
2019-12-18T07:07:51.691Z	-29.872375	-157.499481	5000
2019-12-18T08:07:45.163Z	-29.872046	-157.494324	5000
2019-12-23T07:27:08.180Z	-29.817848	-157.533432	5000
2019-12-23T08:33:19.236Z	-29.817966	-157.535355	5000
2019-12-28T07:51:00.700Z	-29.734598	-157.572968	5000
2019-12-28T08:52:54.566Z	-29.737535	-157.575287	5000
2020-01-02T08:00:28.008Z	-29.64673	-157.642319	5000
2020-01-02T09:06:29.367Z	-29.643791	-157.631088	5000
2020-01-05T00:19:52.170Z	-29.606747	-157.646347	148600
2020-01-05T02:32:53.385Z	-29.605448	-157.646881	148700
2020-01-07T08:24:06.063Z	-29.573893	-157.659882	5000
2020-01-07T09:24:05.056Z	-29.569281	-157.653473	5000
2020-01-09T17:25:53.284Z	-29.524883	-157.688431	151600
2020-01-10T01:08:23.415Z	-29.518774	-157.693237	152200
2020-01-10T06:24:13.956Z	-29.514603	-157.696533	5000
2020-01-10T07:29:11.160Z	-29.508684	-157.704346	5000
2020-01-15T06:49:50.012Z	-29.452753	-157.800842	5000
2020-01-15T07:55:46.136Z	-29.442577	-157.798172	5000
2020-01-20T07:14:38.506Z	-29.380947	-157.870178	5000
2020-01-20T08:15:03.237Z	-29.364408	-157.857849	5000
2020-01-25T07:12:59.978Z	-29.26741	-157.886093	5000
2020-01-25T08:13:03.395Z	-29.259687	-157.886551	5000
2020-01-30T07:32:50.833Z	-29.13699	-157.941116	5000
2020-01-30T08:34:31.924Z	-29.131685	-157.941284	5000
2020-02-04T07:51:08.836Z	-29.044416	-157.983231	5000
2020-02-04T08:48:57.333Z	-29.041155	-157.982224	5000
2020-02-06T06:03:20.160Z	-28.998438	-157.986618	149000
2020-02-09T08:05:09.129Z	-28.928537	-157.99382	5000
2020-02-09T09:21:10.903Z	-28.925825	-157.992981	5000
2020-02-10T07:49:44.535Z	-28.91324	-157.980057	151000
2020-02-11T10:41:58.709Z	-28.898197	-157.9646	152200
2020-02-11T11:09:34.101Z	-28.89794	-157.96434	152000
2020-02-11T16:25:37.016Z	-28.894989	-157.961319	5000
2020-02-11T17:41:46.963Z	-28.885935	-157.96434	5000
2020-02-16T16:47:44.870Z	-28.911392	-157.949692	5000
2020-02-16T17:43:21.347Z	-28.905142	-157.95874	5000
2020-02-21T17:02:23.200Z	-28.923092	-157.903961	5000
2020-02-21T18:38:03.083Z	-28.905823	-157.928452	5000
2020-02-26T17:43:51.268Z	-28.923241	-157.859787	5000
2020-02-26T18:51:16.794Z	-28.919039	-157.865204	5000
2020-03-02T17:58:50.200Z	-28.979485	-157.806396	5000
2020-03-02T18:59:36.164Z	-28.977942	-157.807999	5000
2020-03-05T13:14:03.853Z	-29.004019	-157.794861	150300
2020-03-07T18:22:45.747Z	-29.02494	-157.784332	5000
2020-03-07T19:24:28.979Z	-29.027044	-157.760864	5000
2020-03-11T19:56:33.615Z	-29.08201	-157.762695	152200
2020-03-12T01:14:22.592Z	-29.085026	-157.762802	5000
2020-03-12T02:20:18.211Z	-29.083305	-157.762756	5000
2020-03-13T17:22:23.619Z	-29.103895	-157.761215	152900
2020-03-14T10:03:18.553Z	-29.112694	-157.760544	152700
2020-03-17T01:39:01.713Z	-29.146238	-157.758026	5000
2020-03-17T02:52:40.161Z	-29.139019	-157.740372	5000
2020-03-22T01:54:06.358Z	-29.200788	-157.713821	5000
2020-03-22T02:56:13.046Z	-29.191063	-157.71907	5000
2020-03-25T03:00:32.436Z	-29.21163	-157.708893	151600
2020-03-25T08:19:06.779Z	-29.213144	-157.708145	5000
2020-03-25T09:17:13.390Z	-29.215183	-157.715393	5000
2020-03-30T08:33:42.295Z	-29.229206	-157.669449	5000
2020-03-30T09:29:46.733Z	-29.223928	-157.67392	5000
2020-04-04T08:55:15.906Z	-29.250917	-157.578186	5000
2020-04-04T09:57:07.974Z	-29.243626	-157.572937	5000
2020-04-06T18:07:40.975Z	-29.246927	-157.547943	149900
2020-04-06T23:22:40.541Z	-29.247236	-157.545593	5000
2020-04-07T00:31:57.211Z	-29.243067	-157.531937	5000
2020-04-11T23:46:14.071Z	-29.271074	-157.438751	5000
2020-04-12T00:49:20.207Z	-29.283442	-157.452057	5000
2020-04-12T22:59:54.927Z	-29.284781	-157.421707	152000
2020-04-14T01:09:00.610Z	-29.286358	-157.385925	152700
2020-04-14T18:39:27.672Z	-29.287415	-157.361969	152600
2020-04-17T00:08:31.502Z	-29.290642	-157.288803	5000
2020-04-17T01:29:11.685Z	-29.305248	-157.305405	5000
2020-04-22T00:27:20.258Z	-29.354763	-157.182877	5000
2020-04-22T01:25:11.299Z	-29.350988	-157.192871	5000
2020-04-22T22:33:57.124Z	-29.362923	-157.170731	149100
2020-04-27T00:43:52.485Z	-29.418325	-157.067932	5000
2020-04-27T01:45:42.105Z	-29.409391	-157.054993	5000
2020-05-02T00:59:46.590Z	-29.465061	-156.910156	5000
2020-05-02T01:56:40.921Z	-29.454468	-156.895798	5000
2020-05-06T14:03:42.932Z	-29.483442	-156.83432	154000
2020-05-06T19:21:33.851Z	-29.484861	-156.831299	5000
2020-05-06T20:28:15.975Z	-29.486231	-156.817856	5000
2020-05-11T19:35:49.425Z	-29.498322	-156.811066	5000
2020-05-11T20:29:04.863Z	-29.508377	-156.802521	5000
2020-05-16T19:55:44.130Z	-29.594572	-156.809189	5000
2020-05-16T21:00:28.479Z	-29.598965	-156.796265	5000
2020-05-21T20:02:10.652Z	-29.733143	-156.698059	5000
2020-05-21T21:09:26.133Z	-29.74531	-156.692368	5000
2020-05-26T20:36:26.862Z	-29.8561	-156.654053	5000
2020-05-26T21:32:27.319Z	-29.862135	-156.641846	5000
2020-05-28T07:21:18.240Z	-29.871317	-156.644226	153700
2020-05-28T09:49:18.314Z	-29.871986	-156.644394	153600
2020-05-31T20:53:34.017Z	-29.894545	-156.650223	5000
2020-05-31T21:56:02.876Z	-29.891926	-156.658859	5000
2020-06-05T21:08:09.551Z	-29.886587	-156.656052	5000
2020-06-05T22:13:57.051Z	-29.8743	-156.65477	5000
2020-06-10T04:32:04.959Z	-29.862432	-156.676254	151900
2020-06-10T21:28:35.258Z	-29.860468	-156.67981	5000
2020-06-10T22:35:25.114Z	-29.856062	-156.674713	5000
2020-06-15T21:46:18.110Z	-29.882534	-156.671158	5000
2020-06-15T22:43:40.091Z	-29.877974	-156.671265	5000
2020-06-18T12:52:32.847Z	-29.902618	-156.652985	153200
2020-06-18T13:13:14.860Z	-29.902756	-156.652878	153200
2020-06-20T22:05:47.075Z	-29.92531	-156.636154	5000
2020-06-20T23:12:35.216Z	-29.91626	-156.628525	5000
2020-06-25T22:34:46.509Z	-29.906687	-156.60611	5000
2020-06-25T23:31:21.642Z	-29.896303	-156.601196	5000
2020-06-30T22:48:42.939Z	-29.902525	-156.56221	5000
2020-06-30T23:52:10.311Z	-29.907209	-156.548141	5000
2020-07-05T23:15:56.200Z	-29.936636	-156.488861	5000
2020-07-06T00:19:15.072Z	-29.930834	-156.478317	5000
2020-07-07T05:35:24.914Z	-29.923143	-156.460129	151800
2020-07-10T23:42:08.394Z	-29.899471	-156.404129	5000
2020-07-11T00:50:01.605Z	-29.896711	-156.406738	5000
2020-07-16T00:09:14.863Z	-29.85708	-156.357544	5000
2020-07-16T01:11:42.138Z	-29.856827	-156.3564	5000
2020-07-17T02:58:30.182Z	-29.849854	-156.355759	149700
2020-07-18T15:35:55.794Z	-29.839945	-156.354843	150500
2020-07-18T20:52:41.069Z	-29.838518	-156.354706	5000
2020-07-18T21:53:12.545Z	-29.838633	-156.359207	5000
2020-07-23T21:18:19.987Z	-29.83046	-156.348373	5000
2020-07-23T22:21:21.805Z	-29.834467	-156.344498	5000
2020-07-25T05:46:51.524Z	-29.832285	-156.340729	152000
2020-07-28T21:40:31.714Z	-29.826187	-156.3302	5000
2020-07-28T22:39:08.396Z	-29.827972	-156.335251	5000
2020-07-30T19:19:40.073Z	-29.815514	-156.326157	151400
2020-08-02T12:57:18.327Z	-29.797213	-156.31279	152600
2020-08-02T22:04:31.409Z	-29.794668	-156.310928	5000
2020-08-02T23:07:20.336Z	-29.793568	-156.30304	5000
2020-08-07T22:22:17.264Z	-29.763166	-156.3125	5000
2020-08-07T23:19:53.108Z	-29.767216	-156.297318	5000
2020-08-12T22:41:37.688Z	-29.779495	-156.335632	5000
2020-08-12T23:49:19.699Z	-29.784843	-156.337204	5000
2020-08-14T09:14:19.904Z	-29.788347	-156.336823	149800
2020-08-17T22:54:22.261Z	-29.797331	-156.335846	5000
2020-08-17T23:57:26.713Z	-29.791931	-156.335388	5000
2020-08-21T04:19:20.149Z	-29.771063	-156.348068	150500
2020-08-21T09:38:24.615Z	-29.769609	-156.348953	5000
2020-08-21T10:51:12.314Z	-29.772961	-156.352203	5000
2020-08-26T10:01:45.498Z	-29.734314	-156.325211	5000
2020-08-26T10:53:44.119Z	-29.733976	-156.322205	5000
2020-08-30T06:37:44.149Z	-29.708561	-156.336792	149000
2020-08-31T10:04:56.813Z	-29.700954	-156.341156	5000
2020-08-31T11:11:20.778Z	-29.696415	-156.338287	5000
2020-09-01T04:19:33.217Z	-29.694733	-156.35025	151000
2020-09-03T02:50:15.099Z	-29.69017	-156.382721	152300
2020-09-03T05:47:15.060Z	-29.68988	-156.384781	152900
2020-09-05T10:14:22.605Z	-29.684736	-156.421417	5000
2020-09-05T11:17:28.309Z	-29.689737	-156.411255	5000
2020-09-10T10:35:20.215Z	-29.706614	-156.456253	5000
2020-09-10T11:35:36.382Z	-29.715458	-156.461884	5000
2020-09-15T10:54:35.188Z	-29.722227	-156.50824	5000
2020-09-15T11:54:38.625Z	-29.722841	-156.514862	5000
2020-09-20T11:12:41.707Z	-29.734074	-156.57959	5000
2020-09-20T12:19:06.361Z	-29.737482	-156.584488	5000
2020-09-25T11:39:57.696Z	-29.712179	-156.641708	5000
2020-09-25T12:36:04.004Z	-29.711033	-156.636581	5000
2020-09-30T11:47:44.145Z	-29.671177	-156.663696	5000
2020-09-30T12:47:35.037Z	-29.671682	-156.661469	5000
2020-10-05T11:56:04.842Z	-29.651712	-156.711884	5000
2020-10-05T12:52:27.182Z	-29.645164	-156.705963	5000
2020-10-10T12:13:11.562Z	-29.586231	-156.738113	5000
2020-10-10T13:10:48.605Z	-29.584633	-156.73938	5000
2020-10-15T12:16:39.661Z	-29.529268	-156.782639	5000
2020-10-15T13:26:31.221Z	-29.523867	-156.780258	5000
2020-10-20T12:36:38.720Z	-29.5	-156.786896	5000
2020-10-20T13:31:17.000Z	-29.500792	-156.791245	5000
2020-10-22T08:26:46.361Z	-29.490255	-156.822266	149200
2020-10-23T07:28:03.386Z	-29.484606	-156.838913	150200
2020-10-23T12:43:25.117Z	-29.483315	-156.842712	5000
2020-10-23T13:44:43.942Z	-29.482788	-156.846329	5000
2020-10-25T11:50:45.389Z	-29.449926	-156.855179	148400
2020-10-28T13:10:52.000Z	-29.39765	-156.869278	5000
2020-10-28T13:26:25.000Z	-29.3978	-156.86937	5000
2020-10-30T04:28:03.361Z	-29.362684	-156.863022	152800
2020-11-02T13:09:13.324Z	-29.290085	-156.849915	5000
2020-11-02T14:22:41.649Z	-29.284113	-156.856964	5000
2020-11-03T08:21:43.070Z	-29.260902	-156.860092	152000
2020-11-07T13:31:10.927Z	-29.130344	-156.87764	5000
2020-11-07T14:32:12.702Z	-29.126335	-156.881134	5000
2020-11-12T13:37:41.557Z	-28.962982	-156.923126	5000
2020-11-12T14:42:42.381Z	-28.960682	-156.922119	5000
2020-11-17T13:42:54.436Z	-28.80768	-156.991074	5000
2020-11-17T14:42:53.560Z	-28.806074	-156.998123	5000
2020-11-22T13:47:23.920Z	-28.67662	-157.079712	5000
2020-11-22T15:00:06.893Z	-28.669268	-157.088104	5000
2020-11-25T14:28:29.383Z	-28.612288	-157.120789	151800
2020-11-25T19:29:27.419Z	-28.608288	-157.123077	5000
2020-11-25T20:28:04.843Z	-28.599552	-157.134445	5000
2020-11-30T19:45:02.882Z	-28.547256	-157.205963	5000
2020-11-30T20:47:38.232Z	-28.541891	-157.208969	5000
2020-12-05T19:58:36.274Z	-28.486912	-157.30925	5000
2020-12-05T21:03:45.513Z	-28.480837	-157.317383	5000
2020-12-06T16:58:04.420Z	-28.468452	-157.333603	150400
2020-12-10T20:10:34.223Z	-28.406725	-157.414459	5000
2020-12-10T21:15:32.534Z	-28.390266	-157.420013	5000
2020-12-15T20:25:51.790Z	-28.379784	-157.503876	5000
2020-12-15T21:33:43.040Z	-28.362726	-157.504776	5000
2020-12-20T20:44:26.966Z	-28.373623	-157.558762	5000
2020-12-20T21:55:38.890Z	-28.360992	-157.545303	5000
2020-12-22T16:02:17.396Z	-28.378582	-157.559448	150800
2020-12-25T21:02:43.069Z	-28.410749	-157.585327	5000
2020-12-25T22:13:50.325Z	-28.400209	-157.584106	5000
2020-12-27T21:48:41.339Z	-28.420803	-157.608551	152300
2020-12-30T21:37:08.503Z	-28.451881	-157.645447	5000
2020-12-30T22:36:43.948Z	-28.465395	-157.63797	5000
2021-01-04T22:00:27.328Z	-28.542818	-157.645096	5000
2021-01-04T23:07:36.755Z	-28.564177	-157.643387	5000
2021-01-06T06:23:02.653Z	-28.581251	-157.629486	152200
2021-01-08T00:31:13.087Z	-28.604271	-157.610748	152000
2021-01-08T05:50:11.514Z	-28.607174	-157.608383	5000
2021-01-08T07:08:13.884Z	-28.612572	-157.591843	5000
2021-01-09T20:23:39.909Z	-28.623732	-157.573349	149600
2021-01-10T04:04:28.752Z	-28.626032	-157.569534	149200
2021-01-11T01:30:08.526Z	-28.63245	-157.558899	150400
2021-01-11T06:39:20.848Z	-28.633995	-157.556335	5000
2021-01-11T07:57:47.254Z	-28.639923	-157.530945	5000
2021-01-15T11:39:18.781Z	-28.630634	-157.493408	151800
2021-01-16T07:04:04.703Z	-28.628826	-157.486099	5000
2021-01-16T08:19:36.546Z	-28.625937	-157.469131	5000
2021-01-21T07:22:13.094Z	-28.626776	-157.367111	5000
2021-01-21T08:32:12.950Z	-28.619293	-157.347122	5000
2021-01-22T03:27:47.259Z	-28.626167	-157.340057	150200
2021-01-22T16:26:41.060Z	-28.630882	-157.335205	150100
2021-01-24T19:40:17.901Z	-28.649488	-157.316071	151500
2021-01-26T07:41:51.197Z	-28.662575	-157.302612	5000
2021-01-26T08:52:18.880Z	-28.654631	-157.297775	5000
2021-01-31T08:16:01.295Z	-28.685072	-157.289261	5000
2021-02-05T16:13:09.751Z	-28.727386	-157.303253	5000
2021-02-08T05:03:41.033Z	-28.719891	-157.308746	152700
2021-02-08T10:23:23.322Z	-28.719234	-157.309235	5000
2021-02-08T11:36:24.330Z	-28.717468	-157.319382	5000
2021-02-10T13:24:28.143Z	-28.699862	-157.30542	153100
2021-02-10T18:45:22.713Z	-28.697969	-157.303909	5000
2021-02-10T19:51:04.813Z	-28.705671	-157.311707	5000
2021-02-12T09:26:55.224Z	-28.685318	-157.315155	152800
2021-02-13T14:18:58.648Z	-28.669691	-157.317795	153400
2021-02-13T19:44:06.534Z	-28.666758	-157.318298	5000
2021-02-13T20:50:35.769Z	-28.667421	-157.330353	5000
2021-02-17T18:19:10.444Z	-28.632242	-157.325058	153600
2021-02-17T23:39:50.356Z	-28.630232	-157.324768	5000
2021-02-18T00:55:54.816Z	-28.624514	-157.318069	5000
2021-02-18T23:10:46.201Z	-28.611156	-157.322556	150000
2021-02-18T23:55:13.262Z	-28.610712	-157.322693	149800
2021-02-22T23:56:00.368Z	-28.55307	-157.34201	5000
2021-02-23T01:37:06.922Z	-28.542315	-157.360641	5000
2021-02-24T07:09:33.437Z	-28.511499	-157.366241	150300
2021-02-24T07:43:50.713Z	-28.510904	-157.366348	150100
2021-02-24T08:27:44.461Z	-28.510141	-157.366486	150500
2021-02-28T00:19:34.457Z	-28.418489	-157.383133	5000
2021-02-28T01:40:31.747Z	-28.4245	-157.382812	5000
2021-03-01T18:22:03.261Z	-28.392811	-157.388245	151500
2021-03-04T13:30:48.357Z	-28.340521	-157.397186	151600
2021-03-04T13:51:51.338Z	-28.340248	-157.397232	152700
2021-03-04T14:25:44.172Z	-28.339808	-157.397308	153000
2021-03-04T19:33:31.907Z	-28.335814	-157.397995	5000
2021-03-04T20:53:28.903Z	-28.329065	-157.404037	5000
2021-03-05T15:22:25.753Z	-28.315605	-157.414658	151300
2021-03-05T17:58:46.702Z	-28.313707	-157.416153	151800
2021-03-05T18:05:25.411Z	-28.313627	-157.416214	151600
2021-03-05T20:12:13.609Z	-28.312088	-157.417419	151700
2021-03-05T20:29:21.372Z	-28.31188	-157.417587	151700
2021-03-05T23:36:58.935Z	-28.309603	-157.419388	152300
2021-03-06T00:20:02.151Z	-28.30908	-157.4198	151200
2021-03-06T01:32:10.527Z	-28.308205	-157.420486	152200
2021-03-06T02:04:31.694Z	-28.307812	-157.420792	152100
2021-03-06T02:12:46.870Z	-28.307713	-157.420883	152100
2021-03-06T02:43:07.904Z	-28.307344	-157.421173	152000
2021-03-06T10:37:51.754Z	-28.301582	-157.425705	152400
2021-03-06T11:00:53.493Z	-28.301302	-157.425934	152700
2021-03-06T11:08:09.439Z	-28.301214	-157.425995	152700
2021-03-06T11:18:35.969Z	-28.301086	-157.426102	152300
2021-03-06T12:08:14.271Z	-28.300486	-157.426575	152100
2021-03-06T13:14:52.139Z	-28.299677	-157.427216	151700
2021-03-06T15:31:30.928Z	-28.298018	-157.428528	152900
2021-03-07T07:59:09.372Z	-28.28603	-157.437973	152600
2021-03-07T13:12:59.528Z	-28.282221	-157.440979	5000
2021-03-07T14:37:59.007Z	-28.267824	-157.441742	5000
2021-03-08T09:15:33.322Z	-28.261967	-157.444244	150300
2021-03-08T18:57:52.175Z	-28.258915	-157.445541	151500
2021-03-10T00:16:06.721Z	-28.249699	-157.449478	151700
2021-03-10T20:16:11.078Z	-28.243408	-157.452164	153300
2021-03-11T01:39:48.825Z	-28.241713	-157.452896	5000
2021-03-11T03:07:37.361Z	-28.231152	-157.474915	5000
2021-03-13T14:07:36.046Z	-28.181175	-157.515259	153700
2021-03-13T19:21:11.238Z	-28.176748	-157.518845	5000
2021-03-13T20:43:39.313Z	-28.169836	-157.532532	5000
2021-03-18T19:40:48.179Z	-28.068998	-157.669678	5000
2021-03-18T20:51:42.476Z	-28.063782	-157.675095	5000
2021-03-22T23:42:47.883Z	-27.972202	-157.836075	152300
2021-03-23T19:55:28.700Z	-27.953478	-157.868988	5000
2021-03-23T21:06:53.955Z	-27.955496	-157.874542	5000
2021-03-28T20:24:23.205Z	-27.849211	-157.986847	5000
2021-03-28T21:20:05.169Z	-27.847216	-157.995758	5000
2021-04-01T09:59:03.921Z	-27.779562	-158.035614	150900
2021-04-01T14:55:23.134Z	-27.775616	-158.037933	5000
2021-04-01T15:58:27.979Z	-27.773142	-158.040283	5000
2021-04-05T07:41:11.316Z	-27.737276	-158.078049	151100
2021-04-06T08:18:35.117Z	-27.727207	-158.088638	151100
2021-04-06T15:14:45.005Z	-27.724371	-158.091629	5000
2021-04-06T16:24:12.654Z	-27.717482	-158.097824	5000
2021-04-07T09:55:54.441Z	-27.713568	-158.104401	149900
2021-04-11T15:28:01.013Z	-27.690905	-158.142517	5000
2021-04-11T16:28:09.403Z	-27.695652	-158.144882	5000
2021-04-16T15:56:24.817Z	-27.665234	-158.176788	5000
2021-04-16T16:51:09.643Z	-27.668871	-158.173996	5000
2021-04-18T13:31:12.396Z	-27.668964	-158.186569	150300
2021-04-19T00:33:22.587Z	-27.668987	-158.189667	150200
2021-04-21T16:02:34.445Z	-27.669119	-158.207535	5000
2021-04-21T17:00:09.460Z	-27.672655	-158.218918	5000
2021-04-24T00:26:00.801Z	-27.687374	-158.245789	148500
2021-04-24T05:30:57.113Z	-27.688725	-158.248245	5000
2021-04-24T06:46:49.798Z	-27.688183	-158.252518	5000
2021-04-25T22:30:19.512Z	-27.696291	-158.260132	152100
2021-04-27T06:27:29.354Z	-27.702812	-158.266251	153000
2021-04-27T11:47:33.304Z	-27.703901	-158.267273	5000
2021-04-27T12:51:43.701Z	-27.69965	-158.272736	5000
2021-04-28T09:25:57.521Z	-27.705864	-158.269272	151100
2021-04-28T09:57:47.723Z	-27.706024	-158.26918	151900
2021-04-29T07:09:14.399Z	-27.712423	-158.26561	152200
2021-05-02T12:06:52.595Z	-27.73567	-158.25264	5000
2021-05-02T13:12:02.497Z	-27.721323	-158.236832	5000
2021-05-04T20:10:14.298Z	-27.755161	-158.225311	150900
2021-05-05T01:22:01.426Z	-27.75836	-158.224213	5000
2021-05-05T02:33:17.235Z	-27.752541	-158.237549	5000
2021-05-10T01:41:46.996Z	-27.825033	-158.213272	5000
2021-05-10T02:52:11.200Z	-27.827374	-158.210403	5000
2021-05-15T02:18:32.534Z	-27.897724	-158.226929	5000
2021-05-15T03:14:15.833Z	-27.900312	-158.224548	5000
2021-05-19T05:24:27.724Z	-27.992109	-158.224808	150200
2021-05-20T02:29:06.321Z	-28.01182	-158.224854	5000
2021-05-20T03:42:58.388Z	-28.009432	-158.220444	5000
2021-05-25T02:58:52.567Z	-28.143801	-158.241867	5000
2021-05-25T03:59:57.659Z	-28.136131	-158.249756	5000
2021-05-30T03:12:49.797Z	-28.245983	-158.261642	5000
2021-05-30T04:09:02.941Z	-28.237396	-158.247986	5000
2021-06-04T03:25:20.059Z	-28.352539	-158.273758	5000
2021-06-04T04:23:13.000Z	-28.353231	-158.272797	5000
2021-06-06T23:18:56.604Z	-28.418602	-158.312897	152600
2021-06-07T04:39:10.153Z	-28.423817	-158.316101	5000
2021-06-07T05:38:16.518Z	-28.426983	-158.324936	5000
2021-06-12T04:59:44.140Z	-28.490677	-158.333069	5000
2021-06-12T06:04:37.659Z	-28.488119	-158.340912	5000
2021-06-16T01:46:50.543Z	-28.52387	-158.373688	150600
2021-06-17T05:09:27.846Z	-28.534544	-158.383469	5000
2021-06-17T06:07:49.542Z	-28.53513	-158.383118	5000
2021-06-20T17:08:12.191Z	-28.52537	-158.372314	153900
2021-06-22T05:33:17.339Z	-28.521088	-158.367584	5000
2021-06-22T06:31:51.938Z	-28.527822	-158.349625	5000
2021-06-27T05:40:28.906Z	-28.50034	-158.302765	5000
2021-06-27T06:39:00.479Z	-28.498339	-158.304657	5000
2021-07-02T05:56:07.017Z	-28.455593	-158.268204	5000
2021-07-02T06:55:56.488Z	-28.459366	-158.268707	5000
2021-07-07T06:23:55.007Z	-28.388042	-158.167725	5000
2021-07-07T07:20:56.088Z	-28.385128	-158.168686	5000
2021-07-12T06:49:57.332Z	-28.237951	-158.06691	5000
2021-07-12T07:47:54.624Z	-28.237738	-158.072311	5000
2021-07-14T02:10:40.070Z	-28.202711	-158.097656	152500
2021-07-17T07:15:46.610Z	-28.138996	-158.143768	5000
2021-07-17T08:06:06.667Z	-28.138306	-158.149307	5000
2021-07-22T07:31:20.157Z	-28.095791	-158.175095	5000
2021-07-22T08:30:37.984Z	-28.093473	-158.172867	5000
2021-07-23T23:16:03.170Z	-28.06669	-158.159241	152100
2021-07-24T07:10:34.849Z	-28.061224	-158.156448	152500
2021-07-24T12:53:45.352Z	-28.057272	-158.154434	152000
2021-07-27T07:51:05.094Z	-28.011002	-158.13089	5000
2021-07-27T08:57:19.021Z	-28.007145	-158.128571	5000
2021-07-29T06:27:01.955Z	-27.974747	-158.100952	152400
2021-08-01T08:13:24.949Z	-27.922213	-158.056152	5000
2021-08-01T09:23:40.363Z	-27.93111	-158.064972	5000
2021-08-06T08:31:08.342Z	-27.882441	-157.994644	5000
2021-08-06T09:28:51.086Z	-27.882774	-157.998062	5000
2021-08-11T08:40:18.181Z	-27.827663	-157.972885	5000
2021-08-11T09:49:31.740Z	-27.81959	-157.973297	5000
2021-08-13T18:49:14.420Z	-27.775164	-157.975525	150700
2021-08-14T00:04:39.049Z	-27.771065	-157.975723	5000
2021-08-14T01:06:22.300Z	-27.760527	-157.983551	5000
2021-08-16T11:21:43.543Z	-27.716276	-157.999207	153900
2021-08-16T16:34:28.814Z	-27.712317	-158.00061	5000
2021-08-16T17:36:13.663Z	-27.70154	-158.00592	5000
2021-08-17T17:27:10.620Z	-27.690191	-158.018066	148400
2021-08-21T16:46:09.409Z	-27.644835	-158.066605	5000
2021-08-21T17:44:43.984Z	-27.644144	-158.065598	5000
2021-08-26T16:58:25.900Z	-27.595509	-158.103043	5000
2021-08-26T18:12:20.890Z	-27.594805	-158.107742	5000
2021-08-31T02:55:09.944Z	-27.598337	-158.167511	152600
2021-08-31T10:07:27.641Z	-27.598581	-158.171616	151600
2021-08-31T15:19:41.384Z	-27.598757	-158.174591	5000
2021-08-31T16:29:40.542Z	-27.597679	-158.194092	5000
2021-09-05T17:53:46.889Z	-27.623343	-158.265884	152900
2021-09-05T23:09:55.772Z	-27.624456	-158.268997	5000
2021-09-06T00:14:17.453Z	-27.626833	-158.275101	5000
2021-09-09T07:20:27.873Z	-27.651112	-158.329346	153400
2021-09-09T12:36:21.907Z	-27.652727	-158.332947	5000
2021-09-09T13:38:01.554Z	-27.656956	-158.341644	5000
2021-09-15T20:50:30.198Z	-27.709435	-158.387604	151100
2021-09-16T01:30:16.215Z	-27.711052	-158.389023	151000
2021-09-17T10:34:03.145Z	-27.722527	-158.399078	151800
2021-09-17T15:53:18.958Z	-27.724373	-158.400696	5000
2021-09-17T17:01:15.717Z	-27.7295	-158.39711	5000
2021-09-19T00:21:22.736Z	-27.740259	-158.399445	152300
2021-09-20T18:36:55.296Z	-27.754768	-158.402573	153100
2021-09-20T23:46:34.854Z	-27.75654	-158.402954	5000
2021-09-21T00:49:37.174Z	-27.766157	-158.39769	5000
2021-09-29T10:25:46.242Z	-27.838619	-158.298416	5000
2021-09-29T12:15:05.337Z	-27.839928	-158.291306	5000
2021-10-02T06:32:27.454Z	-27.843264	-158.236694	153000
2021-10-02T11:50:42.832Z	-27.843531	-158.232315	5000
2021-10-02T12:53:10.781Z	-27.841822	-158.236221	5000
2021-10-04T06:36:42.151Z	-27.855242	-158.203613	152500
2021-10-09T11:01:42.036Z	-27.89526	-158.106369	154100
2021-10-09T16:22:21.264Z	-27.89698	-158.102188	5000
2021-10-09T17:28:39.258Z	-27.90139	-158.105927	5000
2021-10-18T03:04:53.771Z	-28.000587	-158.031693	5000
2021-10-18T04:03:12.458Z	-28.022057	-158.03363	5000
2021-10-21T08:13:18.973Z	-28.107985	-157.980682	153300
2021-10-21T13:33:22.550Z	-28.114002	-157.976974	5000
2021-10-21T14:33:03.831Z	-28.11661	-157.969879	5000
2021-10-30T00:15:51.529Z	-28.32962	-157.762634	5000
2021-10-30T01:15:04.882Z	-28.336206	-157.757812	5000
2021-11-03T03:21:23.888Z	-28.425739	-157.642593	152200
2021-11-03T08:35:19.030Z	-28.430513	-157.636444	5000
2021-11-03T09:40:51.140Z	-28.438971	-157.632401	5000
2021-11-07T04:00:38.996Z	-28.491762	-157.534866	153200
2021-11-07T09:24:06.129Z	-28.494913	-157.529053	5000
2021-11-07T10:27:22.237Z	-28.495905	-157.527237	5000
2021-11-11T10:53:57.660Z	-28.535118	-157.438705	150100
2021-11-11T16:01:35.489Z	-28.537203	-157.43399	5000
2021-11-11T17:30:54.995Z	-28.54508	-157.427994	5000
2021-11-20T02:59:45.294Z	-28.526251	-157.275314	5000
2021-11-20T04:14:13.709Z	-28.52092	-157.258835	5000
2021-11-21T05:15:00.450Z	-28.511322	-157.240005	152500
2021-11-28T13:44:39.345Z	-28.443609	-157.107101	5000
2021-11-28T15:49:06.728Z	-28.433702	-157.098938	5000
2021-12-04T23:58:05.854Z	-28.329985	-156.955383	149600
2021-12-05T05:13:26.235Z	-28.326401	-156.950424	5000
2021-12-05T06:26:17.557Z	-28.330095	-156.944946	5000
2021-12-13T15:52:29.441Z	-28.232489	-156.75322	5000
2021-12-13T17:11:57.000Z	-28.228533	-156.748093	5000
2021-12-18T01:14:54.232Z	-28.125254	-156.670807	150600
2021-12-18T06:30:12.548Z	-28.120037	-156.666901	5000
2021-12-18T07:49:15.212Z	-28.106424	-156.666031	5000
2021-12-25T12:41:58.740Z	-27.971825	-156.56337	153800
2021-12-25T12:59:53.012Z	-27.971594	-156.563187	153500
2021-12-25T18:20:16.766Z	-27.967436	-156.560013	5000
2021-12-25T19:30:13.060Z	-27.960052	-156.562607	5000
2021-12-26T15:45:44.906Z	-27.952497	-156.542664	151500
2021-12-27T11:36:55.704Z	-27.945093	-156.523132	153200
2021-12-29T18:35:35.676Z	-27.924589	-156.469009	153500
2021-12-30T00:00:33.983Z	-27.922569	-156.463669	5000
2021-12-30T01:19:11.440Z	-27.921101	-156.468948	5000
2021-12-30T21:25:57.462Z	-27.92256	-156.46405	151900
2021-12-31T00:09:15.289Z	-27.922756	-156.463394	152000
2022-01-07T10:49:13.647Z	-27.935719	-156.419891	5000
2022-01-07T12:00:01.228Z	-27.935505	-156.417282	5000
2022-01-15T21:34:20.922Z	-27.981428	-156.392517	5000
2022-01-15T22:44:13.303Z	-27.982691	-156.388351	5000
2022-01-24T08:15:08.777Z	-28.077541	-156.350464	5000
2022-01-24T09:36:36.134Z	-28.072264	-156.336472	5000
2022-01-26T07:44:33.326Z	-28.109165	-156.335449	151800
2022-01-29T02:49:20.914Z	-28.162825	-156.333969	152600
2022-02-01T18:57:12.143Z	-28.233324	-156.332031	5000
2022-02-10T16:53:43.624Z	-28.332188	-156.434464	5000
2022-02-19T02:29:10.436Z	-28.456793	-156.606964	5000
2022-02-19T03:49:05.384Z	-28.463593	-156.615723	5000
2022-02-27T13:11:59.608Z	-28.584051	-156.785706	5000
2022-02-27T14:19:37.226Z	-28.584723	-156.790298	5000
2022-03-02T12:54:43.682Z	-28.623554	-156.83432	152100
2022-03-07T05:36:46.973Z	-28.685558	-156.904602	153100
2022-03-07T10:53:07.205Z	-28.688457	-156.907883	5000
2022-03-07T11:45:47.311Z	-28.690096	-156.902588	5000
2022-03-11T06:41:50.979Z	-28.717575	-156.914978	151800
2022-03-12T18:39:25.770Z	-28.728441	-156.919876	153400
2022-03-15T21:29:34.118Z	-28.751055	-156.930069	5000
2022-03-15T22:41:07.217Z	-28.759781	-156.934402	5000
2022-03-19T21:26:52.958Z	-28.775288	-156.94371	153000
2022-03-20T02:41:20.430Z	-28.776146	-156.944214	5000
2022-03-20T03:54:03.973Z	-28.776453	-156.941788	5000
2022-03-23T21:08:34.807Z	-28.777708	-156.94014	153400
2022-03-28T13:25:01.212Z	-28.779285	-156.938065	5000
2022-03-28T14:34:41.568Z	-28.784178	-156.93782	5000
2022-04-06T00:12:49.843Z	-28.788717	-156.950653	5000
2022-04-06T01:22:20.122Z	-28.802998	-156.95639	5000
2022-04-14T10:54:58.782Z	-28.754967	-156.984207	5000
2022-04-14T11:58:30.250Z	-28.758499	-156.981628	5000
2022-04-19T04:36:01.654Z	-28.692015	-157.013443	151000
2022-04-22T21:41:56.233Z	-28.63942	-157.038605	5000
2022-04-22T22:40:16.409Z	-28.648586	-157.048828	5000
2022-04-26T13:39:28.897Z	-28.564562	-157.135803	151600
2022-04-26T18:57:33.657Z	-28.559443	-157.141098	5000
2022-04-26T19:58:41.655Z	-28.56081	-157.155426	5000
2022-05-02T12:36:54.815Z	-28.383146	-157.368164	151400
2022-05-02T17:47:46.243Z	-28.37641	-157.376236	5000
2022-05-02T19:00:03.911Z	-28.381872	-157.394867	5000
2022-05-10T23:16:46.790Z	-28.207653	-157.719437	150600
2022-05-11T04:24:04.970Z	-28.203106	-157.727905	5000
2022-05-11T05:48:30.657Z	-28.203234	-157.736084	5000
2022-05-19T09:26:30.168Z	-28.093288	-158.068375	151300
2022-05-19T14:40:28.619Z	-28.090347	-158.077255	5000
2022-05-19T16:36:27.412Z	-28.092207	-158.090576	5000
2022-05-20T10:13:13.315Z	-28.088566	-158.115097	150400
2022-05-22T07:08:54.035Z	-28.079279	-158.177689	152000
2022-05-22T12:24:12.781Z	-28.078192	-158.185013	5000
2022-05-22T13:49:47.819Z	-28.076822	-158.204865	5000
2022-05-26T12:12:43.676Z	-28.07098	-158.361465	151100
2022-05-26T17:29:36.920Z	-28.070652	-158.370224	5000
2022-05-26T18:55:32.835Z	-28.063766	-158.373627	5000
2022-06-04T04:29:19.806Z	-28.057438	-158.594254	5000
2022-06-04T05:36:38.315Z	-28.055946	-158.606445	5000
2022-06-10T23:10:12.558Z	-27.98612	-158.820435	152200
2022-06-11T04:21:27.322Z	-27.983879	-158.827301	5000
2022-06-11T05:20:29.197Z	-27.986872	-158.834244	5000
2022-06-14T09:17:16.793Z	-27.958401	-158.95134	153800
2022-06-14T14:39:22.161Z	-27.956388	-158.959625	5000
2022-06-14T15:49:24.243Z	-27.955654	-158.968674	5000
2022-06-19T04:33:59.913Z	-27.906693	-159.093658	152800
2022-06-19T11:51:32.724Z	-27.90341	-159.102036	152700
2022-06-23T01:18:40.978Z	-27.864935	-159.200241	5000
2022-06-23T02:33:42.971Z	-27.872112	-159.194809	5000
2022-07-01T11:56:37.275Z	-27.73052	-159.398712	5000
2022-07-01T13:05:51.370Z	-27.72788	-159.396545	5000
2022-07-09T07:41:52.480Z	-27.637642	-159.604752	152600
2022-07-09T12:56:49.801Z	-27.635103	-159.610611	5000
2022-07-09T14:59:50.865Z	-27.622826	-159.632874	5000
2022-07-10T07:33:46.030Z	-27.608204	-159.643723	149300
2022-07-10T07:43:36.547Z	-27.608059	-159.643829	149500
2022-07-10T08:57:35.410Z	-27.60697	-159.644638	149400
2022-07-10T09:24:55.533Z	-27.606567	-159.644943	149100
2022-07-10T09:40:03.713Z	-27.606346	-159.645096	149700
2022-07-10T10:24:06.483Z	-27.605698	-159.645584	149800
2022-07-10T10:33:11.941Z	-27.605564	-159.645676	150100
2022-07-10T10:52:25.510Z	-27.605282	-159.645889	150400
2022-07-10T11:20:56.183Z	-27.604862	-159.64621	150700
2022-07-10T11:55:52.246Z	-27.604347	-159.646591	150200
2022-07-10T12:08:10.561Z	-27.604166	-159.646713	150400
2022-07-10T12:18:12.899Z	-27.604019	-159.646835	150600
2022-07-10T12:22:30.133Z	-27.603956	-159.646881	150700
2022-07-10T12:55:31.036Z	-27.60347	-159.647232	150500
2022-07-10T15:39:24.176Z	-27.601059	-159.649017	150300
2022-07-10T17:31:40.206Z	-27.599407	-159.650253	150700
2022-07-10T19:41:51.457Z	-27.597492	-159.651672	150500
2022-07-11T10:58:57.545Z	-27.584002	-159.661682	151500
2022-07-11T18:27:40.921Z	-27.5774	-159.66658	151000
2022-07-11T23:29:42.791Z	-27.572958	-159.669876	5000
2022-07-12T01:02:08.077Z	-27.563551	-159.681686	5000
2022-07-14T02:16:56.756Z	-27.516109	-159.716537	150100
2022-07-14T07:28:21.232Z	-27.511108	-159.720215	5000
2022-07-14T08:45:49.671Z	-27.510534	-159.724808	5000
2022-07-15T21:29:38.435Z	-27.490286	-159.76799	151000
2022-07-16T03:27:49.872Z	-27.486996	-159.775009	150300
2022-07-16T10:13:24.659Z	-27.483269	-159.782959	151400
2022-07-16T15:23:30.722Z	-27.480421	-159.789032	5000
2022-07-16T17:01:46.792Z	-27.475313	-159.80188	5000
2022-07-17T20:05:46.389Z	-27.463945	-159.813354	152800
2022-07-25T02:41:18.757Z	-27.390621	-159.887405	5000
2022-07-25T04:02:52.510Z	-27.372843	-159.889359	5000
2022-07-27T09:39:05.236Z	-27.322382	-159.911011	150300
2022-07-27T17:31:12.618Z	-27.314976	-159.914185	151600
2022-07-27T22:53:46.827Z	-27.309914	-159.916367	5000
2022-07-28T00:27:42.288Z	-27.311678	-159.924713	5000
2022-07-29T22:43:08.836Z	-27.280638	-159.925064	151400
2022-08-01T09:13:51.494Z	-27.241373	-159.925522	151900
2022-08-01T14:34:22.462Z	-27.237787	-159.925552	5000
2022-08-01T16:16:47.718Z	-27.223553	-159.928757	5000
2022-08-04T14:57:09.614Z	-27.181002	-159.916168	149900
2022-08-04T20:08:36.587Z	-27.177877	-159.915237	5000
2022-08-04T21:24:31.310Z	-27.176292	-159.920456	5000
2022-08-13T07:04:01.361Z	-27.112885	-159.828934	5000
2022-08-13T08:02:33.645Z	-27.10215	-159.82663	5000
2022-08-14T13:46:51.315Z	-27.105089	-159.803848	150800
2022-08-21T17:37:08.285Z	-27.122078	-159.67218	5000
2022-08-21T18:55:23.417Z	-27.139095	-159.664413	5000
2022-08-25T00:29:50.873Z	-27.149334	-159.60701	149200
2022-08-25T05:42:39.078Z	-27.150023	-159.603149	5000
2022-08-25T06:42:35.360Z	-27.14831	-159.604202	5000
2022-08-28T10:44:08.107Z	-27.186544	-159.499466	153000
2022-08-28T16:06:24.604Z	-27.189247	-159.492065	5000
2022-08-28T17:03:47.852Z	-27.204117	-159.47934	5000
2022-08-29T18:13:23.565Z	-27.231995	-159.450424	148400
2022-08-30T08:14:37.853Z	-27.24753	-159.434311	148900
2022-09-04T09:34:29.595Z	-27.381969	-159.294861	150400
2022-09-04T14:52:55.200Z	-27.38785	-159.288773	5000
2022-09-04T16:03:53.161Z	-27.396172	-159.281754	5000
2022-09-05T11:22:08.855Z	-27.411783	-159.254196	151500
2022-09-06T01:56:47.493Z	-27.423571	-159.233398	151100
2022-09-06T18:42:53.852Z	-27.437132	-159.209473	151400
2022-09-06T23:54:52.148Z	-27.441336	-159.202057	5000
2022-09-07T00:56:55.111Z	-27.4508	-159.193832	5000
2022-09-08T07:17:59.360Z	-27.475498	-159.149231	149900
2022-09-08T09:15:16.908Z	-27.477089	-159.146362	150100
2022-09-09T10:03:41.233Z	-27.497276	-159.109909	151100
2022-09-09T15:16:01.918Z	-27.501513	-159.102264	5000
2022-09-09T16:15:05.845Z	-27.506042	-159.105652	5000
2022-09-10T23:54:52.910Z	-27.52854	-159.059341	151800
2022-09-11T09:09:02.185Z	-27.535101	-159.045822	151500
2022-09-14T11:08:54.067Z	-27.587677	-158.937576	152200
2022-09-14T16:17:33.311Z	-27.591333	-158.930038	5000
2022-09-14T17:35:47.915Z	-27.601225	-158.927887	5000
2022-09-15T18:56:24.879Z	-27.605352	-158.886368	150000
2022-09-15T19:32:40.839Z	-27.60545	-158.885376	148700
2022-09-17T12:45:22.634Z	-27.61216	-158.817856	150400
2022-09-17T18:02:26.489Z	-27.613022	-158.809204	5000
2022-09-17T19:05:31.063Z	-27.621826	-158.794678	5000
2022-09-23T11:01:23.756Z	-27.588945	-158.629669	154300
2022-09-23T16:23:29.669Z	-27.587648	-158.623154	5000
2022-09-23T17:25:38.187Z	-27.595718	-158.625519	5000
2022-09-24T12:54:47.646Z	-27.585838	-158.608261	150200
2022-10-02T03:06:29.130Z	-27.493464	-158.44696	5000
2022-10-02T04:02:39.459Z	-27.49218	-158.453857	5000
2022-10-10T13:42:29.285Z	-27.387943	-158.40181	5000
2022-10-10T14:38:15.267Z	-27.387632	-158.400146	5000
2022-10-13T22:27:44.341Z	-27.354473	-158.383423	154600
2022-10-14T03:51:11.602Z	-27.352234	-158.382294	5000
2022-10-14T04:47:31.550Z	-27.35675	-158.383972	5000
2022-10-17T20:33:16.757Z	-27.308603	-158.368393	152400
2022-10-18T01:54:57.899Z	-27.305662	-158.367432	5000
2022-10-18T03:14:40.700Z	-27.319965	-158.36937	5000
2022-10-21T09:23:50.432Z	-27.302074	-158.344528	151200
2022-10-26T12:44:04.199Z	-27.27384	-158.305328	5000
2022-10-26T13:43:01.200Z	-27.270662	-158.289795	5000
2022-11-03T23:29:53.690Z	-27.339161	-158.273758	5000
2022-11-04T00:30:58.515Z	-27.341335	-158.28006	5000
2022-11-09T09:41:07.269Z	-27.395451	-158.326355	153000
2022-11-09T15:00:26.000Z	-27.39768	-158.328262	5000
2022-11-09T15:56:23.570Z	-27.400389	-158.331589	5000
2022-11-11T10:50:38.475Z	-27.42226	-158.350708	151900
2022-11-11T11:20:39.717Z	-27.422516	-158.350937	151000
2022-11-12T07:11:28.050Z	-27.432632	-158.359787	151700
2022-11-12T12:33:17.067Z	-27.435368	-158.362167	5000
2022-11-12T13:35:33.777Z	-27.440659	-158.362732	5000
2022-11-14T15:29:32.635Z	-27.468267	-158.392853	153000
2022-11-20T23:16:09.048Z	-27.552248	-158.484467	5000
2022-11-21T00:27:30.272Z	-27.565212	-158.497864	5000
2022-11-22T02:09:35.342Z	-27.583584	-158.517868	151800
2022-11-22T02:44:28.706Z	-27.584	-158.518311	151200
2022-11-23T21:47:36.669Z	-27.614773	-158.551804	152100
2022-11-24T03:03:51.442Z	-27.618542	-158.555908	5000
2022-11-24T04:09:11.575Z	-27.630981	-158.558212	5000
2022-11-28T09:32:24.330Z	-27.677282	-158.658051	149100
2022-11-29T07:20:33.860Z	-27.687239	-158.67952	149900
2022-11-29T13:35:42.939Z	-27.690094	-158.685684	148700
2022-11-29T18:51:36.759Z	-27.692499	-158.690857	5000
2022-11-29T20:07:35.328Z	-27.706606	-158.681198	5000
2022-12-04T19:26:53.889Z	-27.738247	-158.801926	151700
2022-12-08T05:33:45.697Z	-27.760021	-158.88501	5000
2022-12-08T06:48:11.515Z	-27.758251	-158.887863	5000
2022-12-16T16:20:08.794Z	-27.748652	-159.025162	5000
2022-12-16T17:16:45.515Z	-27.760429	-159.032944	5000
2022-12-20T16:41:34.865Z	-27.786215	-159.137115	152800
2022-12-22T07:54:48.957Z	-27.796814	-159.179947	153400
2022-12-22T13:11:41.564Z	-27.798241	-159.185715	5000
2022-12-22T14:12:58.675Z	-27.803888	-159.185898	5000
2022-12-23T10:28:14.314Z	-27.806641	-159.209198	151500
2022-12-23T14:48:14.350Z	-27.807228	-159.214188	151900
2022-12-23T15:04:57.172Z	-27.807266	-159.214508	151600
2022-12-23T15:27:13.577Z	-27.807318	-159.214935	151900
2022-12-24T04:02:45.501Z	-27.809029	-159.229416	152800
2022-12-26T05:30:04.229Z	-27.815746	-159.286301	152900
2022-12-26T10:43:23.084Z	-27.816456	-159.292313	5000
2022-12-26T12:13:53.537Z	-27.821123	-159.300735	5000
2023-01-03T21:45:21.672Z	-27.857933	-159.491333	5000
2023-01-03T22:45:30.324Z	-27.856747	-159.504074	5000
2023-01-06T11:54:48.904Z	-27.871258	-159.547134	153000
2023-01-06T17:15:41.663Z	-27.872526	-159.550903	5000
2023-01-06T18:25:40.582Z	-27.877275	-159.555511	5000
2023-01-08T12:38:01.874Z	-27.901991	-159.590881	153100
2023-01-09T17:57:02.839Z	-27.919159	-159.615433	153200
2023-01-09T23:23:41.906Z	-27.922346	-159.619995	5000
2023-01-10T00:47:38.675Z	-27.925743	-159.61882	5000
2023-01-15T12:09:26.258Z	-27.998159	-159.739624	151500
2023-01-15T17:26:42.982Z	-28.001076	-159.744492	5000
2023-01-15T18:31:18.379Z	-28.005178	-159.755112	5000
2023-01-18T06:16:30.733Z	-28.041811	-159.802399	151300
2023-01-18T11:39:10.005Z	-28.045109	-159.806656	5000
2023-01-18T12:46:55.790Z	-28.056513	-159.814087	5000
2023-01-20T22:19:28.256Z	-28.083506	-159.866928	150100
2023-01-24T18:46:53.558Z	-28.126881	-159.951813	151000
2023-01-25T00:03:47.236Z	-28.129358	-159.956665	5000
2023-01-25T01:04:29.859Z	-28.130697	-159.962448	5000
2023-01-26T10:47:59.402Z	-28.150923	-159.984528	152300
2023-02-02T10:49:36.664Z	-28.251692	-160.094528	5000
2023-02-02T11:52:49.113Z	-28.255831	-160.098083	5000
2023-02-04T05:11:23.840Z	-28.277876	-160.106247	152400
2023-02-05T05:14:09.455Z	-28.290709	-160.111008	152400
2023-02-09T22:27:04.537Z	-28.35113	-160.133423	153300
2023-02-10T03:46:09.000Z	-28.353968	-160.134476	5000
2023-02-10T04:46:43.622Z	-28.360119	-160.131317	5000
2023-02-13T09:20:13.706Z	-28.403847	-160.138611	150500
2023-02-13T14:38:32.521Z	-28.406876	-160.139114	5000
2023-02-13T15:44:50.805Z	-28.411427	-160.127869	5000
2023-02-14T22:24:11.805Z	-28.424419	-160.135208	151400
2023-02-15T03:02:36.778Z	-28.426386	-160.136322	152100
2023-02-15T06:41:43.077Z	-28.427933	-160.137192	151600
2023-02-18T06:41:28.876Z	-28.458445	-160.154434	152700
2023-02-22T01:28:34.375Z	-28.496918	-160.176178	5000
2023-02-22T02:59:32.982Z	-28.494581	-160.178589	5000
2023-02-24T02:00:05.640Z	-28.512144	-160.154968	148300
2023-03-01T05:43:06.420Z	-28.558365	-160.092804	149600
2023-03-01T11:05:40.411Z	-28.560373	-160.090103	5000
2023-03-01T12:07:10.520Z	-28.556589	-160.080124	5000
2023-03-04T06:43:24.234Z	-28.534397	-160.031921	152900
2023-03-04T12:09:37.066Z	-28.532585	-160.027985	5000
2023-03-04T13:19:59.111Z	-28.532393	-160.008377	5000
2023-03-06T21:02:14.296Z	-28.496643	-159.969711	152200
2023-03-07T02:29:59.949Z	-28.493135	-159.965927	5000
2023-03-15T14:14:14.307Z	-28.365334	-159.838196	5000
2023-03-23T23:55:25.174Z	-28.280531	-159.814072	5000
2023-03-24T00:57:32.498Z	-28.268274	-159.811234	5000
2023-03-27T02:31:45.179Z	-28.194471	-159.800858	149900
2023-03-27T07:52:27.410Z	-28.18911	-159.800095	5000
2023-03-27T08:49:02.351Z	-28.190016	-159.793411	5000
2023-04-02T18:12:51.064Z	-28.088543	-159.868958	151300
2023-04-02T23:29:33.878Z	-28.085051	-159.871567	5000
2023-04-03T00:28:07.417Z	-28.074564	-159.867676	5000
2023-04-06T02:50:27.495Z	-28.050087	-159.932007	152500
2023-04-11T10:01:23.434Z	-28.008228	-160.042038	5000
2023-04-11T11:08:52.258Z	-28.00511	-160.023056	5000
2023-04-14T10:05:48.752Z	-27.971748	-160.054321	150900
2023-04-14T15:11:49.590Z	-27.969351	-160.056564	5000
2023-04-14T16:18:46.419Z	-27.964617	-160.060608	5000
2023-04-18T04:34:02.271Z	-27.906784	-160.124298	152400
2023-04-18T09:48:32.001Z	-27.903187	-160.128265	5000
2023-04-18T10:47:48.675Z	-27.903288	-160.135986	5000
2023-04-24T00:43:54.395Z	-27.876425	-160.227112	151600
2023-04-26T20:30:55.564Z	-27.862829	-160.273239	5000
2023-04-26T21:41:04.510Z	-27.867315	-160.261993	5000
2023-04-28T03:15:53.934Z	-27.85248	-160.262543	151400
2023-04-28T03:36:27.824Z	-27.852308	-160.262543	152400
2023-04-28T03:53:19.194Z	-27.852167	-160.262558	152200
2023-04-29T04:09:38.563Z	-27.839994	-160.263	151800
2023-04-29T09:32:43.389Z	-27.837294	-160.263092	5000
2023-04-29T10:37:37.707Z	-27.833895	-160.267929	5000
2023-05-07T20:14:52.710Z	-27.748795	-160.441711	5000
2023-05-07T21:04:28.702Z	-27.75502	-160.444901	5000
2023-05-10T16:04:19.606Z	-27.754431	-160.506012	152400
2023-05-10T21:26:59.245Z	-27.754383	-160.51091	5000
2023-05-10T22:25:29.657Z	-27.764681	-160.516068	5000
2023-05-19T08:08:43.961Z	-27.746702	-160.643066	5000
2023-05-19T09:05:17.217Z	-27.747728	-160.632324	5000
2023-05-20T01:55:02.171Z	-27.744072	-160.63446	151200
2023-05-20T02:14:11.867Z	-27.744001	-160.634491	151500
2023-05-21T05:25:05.360Z	-27.738096	-160.637939	152300
2023-05-27T00:12:59.828Z	-27.707935	-160.655518	152300
2023-05-27T05:24:00.587Z	-27.70681	-160.656174	5000
2023-05-27T06:59:36.056Z	-27.722746	-160.632141	5000
2023-05-29T10:31:43.263Z	-27.719805	-160.602097	153000
2023-05-29T15:49:32.849Z	-27.719503	-160.598999	5000
2023-05-29T17:04:30.112Z	-27.733221	-160.596603	5000
2023-06-02T01:18:26.636Z	-27.748852	-160.624619	152600
2023-06-02T06:32:55.679Z	-27.749874	-160.62645	5000
2023-06-02T07:25:24.900Z	-27.745436	-160.61441	5000
2023-06-10T17:13:19.772Z	-27.774843	-160.658478	5000
2023-06-10T18:18:25.576Z	-27.780556	-160.631546	5000
2023-06-13T17:40:16.086Z	-27.802826	-160.626236	150200
2023-06-13T22:55:56.186Z	-27.804468	-160.625839	5000
2023-06-13T23:51:35.149Z	-27.811184	-160.618439	5000
2023-06-14T16:55:40.870Z	-27.817251	-160.620926	151600
2023-06-15T01:48:22.974Z	-27.820406	-160.622223	150900
2023-06-15T18:08:20.810Z	-27.826212	-160.624619	151300
2023-06-16T08:13:12.948Z	-27.831217	-160.626678	151500
2023-06-16T10:47:08.424Z	-27.832129	-160.627045	151700
2023-06-16T16:02:33.146Z	-27.833998	-160.627823	5000
2023-06-16T17:16:44.960Z	-27.841871	-160.626694	5000
2023-06-17T11:28:11.785Z	-27.846508	-160.633591	149300
2023-06-17T18:47:37.482Z	-27.848373	-160.636368	149200
2023-06-17T23:18:10.495Z	-27.849524	-160.638077	149200
2023-06-18T15:06:33.948Z	-27.85355	-160.644073	150700
2023-06-25T02:50:50.958Z	-27.893236	-160.703125	5000
2023-06-25T04:02:36.738Z	-27.900608	-160.696045	5000
2023-07-01T22:23:33.204Z	-27.91638	-160.696747	149700
2023-07-02T02:57:41.841Z	-27.916824	-160.696762	149400
2023-07-02T10:29:45.446Z	-27.917555	-160.696793	149700
2023-07-02T19:34:05.354Z	-27.918436	-160.696838	149900
2023-07-03T13:44:02.010Z	-27.920202	-160.696915	5000
2023-07-03T15:25:02.959Z	-27.923426	-160.669968	5000
2023-07-04T16:10:51.038Z	-27.924105	-160.677292	152900
2023-07-11T03:50:29.593Z	-27.928385	-160.723373	152200
2023-07-11T06:47:29.606Z	-27.928465	-160.724258	152400
2023-07-12T01:09:23.735Z	-27.92897	-160.729691	5000
2023-07-12T02:18:19.978Z	-27.922115	-160.721436	5000
2023-07-15T09:27:45.636Z	-27.853842	-160.71106	148600
2023-07-15T14:31:18.605Z	-27.84948	-160.710388	5000
2023-07-15T15:25:37.833Z	-27.850288	-160.695511	5000
2023-07-18T00:23:19.793Z	-27.853394	-160.671844	151000
2023-07-18T05:29:43.607Z	-27.853672	-160.669724	5000
2023-07-18T06:29:47.103Z	-27.848595	-160.648346	5000
2023-07-21T19:18:30.534Z	-27.864735	-160.636307	153100
2023-07-23T18:58:42.651Z	-27.873808	-160.629532	153300
2023-07-24T00:11:32.587Z	-27.8748	-160.628784	5000
2023-07-24T01:18:07.428Z	-27.873278	-160.605576	5000
2023-07-27T00:31:19.424Z	-27.901773	-160.620789	152400
2023-07-30T18:05:59.881Z	-27.937614	-160.639938	153500
2023-07-30T23:27:38.311Z	-27.939758	-160.641083	5000
2023-07-31T00:30:35.795Z	-27.948034	-160.640015	5000
2023-08-02T01:34:33.525Z	-27.967672	-160.618393	150000
2023-08-02T06:43:44.185Z	-27.969734	-160.616119	5000
2023-08-02T07:51:02.833Z	-27.970577	-160.607864	5000
2023-08-04T10:49:40.860Z	-27.983091	-160.609146	151500
2023-08-04T11:17:50.115Z	-27.983206	-160.609161	151700
2023-08-04T16:37:37.461Z	-27.984514	-160.609283	5000
2023-08-04T17:33:23.591Z	-27.990301	-160.599899	5000
2023-08-08T18:41:21.247Z	-28.039879	-160.646088	152700
2023-08-09T00:00:51.236Z	-28.042597	-160.648605	5000
2023-08-09T01:09:31.887Z	-28.050877	-160.644669	5000
2023-08-10T09:30:32.473Z	-28.071608	-160.657349	151400
2023-08-16T12:52:23.387Z	-28.166039	-160.715134	153300
2023-08-16T18:13:51.023Z	-28.169472	-160.717239	5000
2023-08-16T19:13:26.342Z	-28.184029	-160.712128	5000
2023-08-25T05:03:37.019Z	-28.347399	-160.861954	5000
2023-08-25T06:07:44.614Z	-28.346701	-160.846985	5000
2023-08-28T20:05:15.608Z	-28.396479	-160.866714	152300
2023-08-29T01:19:50.593Z	-28.399515	-160.86792	5000
2023-08-29T02:42:28.517Z	-28.394812	-160.854202	5000
2023-09-05T15:11:56.399Z	-28.450907	-160.78981	152000
2023-09-05T20:27:14.407Z	-28.452539	-160.787933	5000
2023-09-05T21:31:36.212Z	-28.446239	-160.781433	5000
2023-09-08T09:12:12.816Z	-28.456198	-160.805161	149100
2023-09-10T16:32:21.173Z	-28.465431	-160.827148	150500
2023-09-14T07:02:08.119Z	-28.479866	-160.861526	5000
2023-09-14T08:02:00.963Z	-28.477404	-160.858627	5000
2023-09-15T23:23:38.802Z	-28.478985	-160.864624	148800
2023-09-22T17:45:37.929Z	-28.485504	-160.889389	5000
2023-09-22T18:42:28.037Z	-28.478745	-160.880508	5000
2023-10-01T04:25:00.707Z	-28.413895	-160.822922	5000
2023-10-01T05:26:50.176Z	-28.396374	-160.819016	5000
2023-10-04T11:32:04.012Z	-28.341877	-160.838028	148300
2023-10-04T16:43:22.994Z	-28.338255	-160.839294	5000
2023-10-04T17:41:03.438Z	-28.329342	-160.834793	5000
2023-10-07T08:42:20.672Z	-28.291183	-160.879501	148300
2023-10-07T13:49:23.405Z	-28.288084	-160.883133	5000
2023-10-07T14:49:37.037Z	-28.275057	-160.882248	5000
2023-10-12T03:34:45.579Z	-28.218027	-160.91098	148100
2023-10-12T08:32:16.692Z	-28.215427	-160.912292	5000
2023-10-12T09:34:07.555Z	-28.199392	-160.901688	5000
2023-10-13T08:56:34.530Z	-28.187565	-160.904282	151000
2023-10-14T06:36:08.870Z	-28.176603	-160.906677	152500
2023-10-14T06:50:07.075Z	-28.176487	-160.906708	151900
2023-10-17T21:56:07.773Z	-28.132412	-160.916351	152800
2023-10-20T19:22:44.240Z	-28.097271	-160.924057	5000
2023-10-20T20:27:17.567Z	-28.090055	-160.924805	5000
2023-10-27T03:04:26.570Z	-28.069595	-160.969193	152600
2023-10-28T04:35:38.869Z	-28.06613	-160.976715	152600
2023-10-28T22:17:01.812Z	-28.063726	-160.981934	153500
2023-10-29T06:05:42.213Z	-28.062666	-160.984238	5000
2023-10-29T07:14:51.215Z	-28.063002	-160.993576	5000
2023-10-31T11:13:12.145Z	-28.056616	-160.972534	148900
2023-10-31T16:28:49.893Z	-28.055971	-160.970413	5000
2023-10-31T17:23:41.495Z	-28.064692	-160.977051	5000
2023-11-08T05:02:36.062Z	-28.141071	-160.938034	154400
2023-11-08T10:26:15.803Z	-28.143366	-160.936874	5000
2023-11-08T11:25:49.088Z	-28.153639	-160.941757	5000
2023-11-14T07:48:20.966Z	-28.215284	-160.891693	150500
2023-11-16T20:55:54.372Z	-28.242126	-160.869888	5000
2023-11-16T22:16:46.630Z	-28.246361	-160.871323	5000
2023-11-24T09:14:52.967Z	-28.31106	-160.833755	152500
2023-11-24T14:26:11.807Z	-28.312937	-160.832672	5000
2023-11-24T15:31:56.764Z	-28.32506	-160.837036	5000
2023-12-02T14:47:37.256Z	-28.370354	-160.817795	153700
2023-12-02T20:03:23.230Z	-28.371599	-160.817276	5000
2023-12-02T21:19:56.624Z	-28.378147	-160.8172	5000
2023-12-08T03:01:32.372Z	-28.409176	-160.792068	149500
2023-12-08T08:12:49.675Z	-28.410458	-160.791031	5000
2023-12-08T09:14:50.565Z	-28.420855	-160.799408	5000
2023-12-09T06:29:34.475Z	-28.429619	-160.790039	147900
2023-12-11T06:35:31.977Z	-28.449465	-160.768829	149500
2023-12-11T11:48:59.545Z	-28.45162	-160.766525	5000
2023-12-11T12:45:17.851Z	-28.456802	-160.766327	5000
2023-12-12T12:55:54.834Z	-28.457823	-160.773407	151300
2023-12-19T22:28:30.460Z	-28.465309	-160.825409	5000
2023-12-19T23:23:27.747Z	-28.464386	-160.825592	5000
2023-12-24T00:01:34.579Z	-28.467014	-160.881119	153100
2023-12-24T05:18:36.947Z	-28.467159	-160.884155	5000
2023-12-24T06:27:11.650Z	-28.465406	-160.885895	5000
2024-01-01T07:21:47.113Z	-28.487688	-160.966141	151200
2024-01-01T12:41:05.345Z	-28.488302	-160.968353	5000
2024-01-01T13:47:12.053Z	-28.486269	-160.957794	5000
2024-01-04T04:58:31.674Z	-28.461578	-160.97963	152300
2024-01-04T10:22:43.994Z	-28.459467	-160.981506	5000
2024-01-04T11:28:36.356Z	-28.459553	-160.979568	5000
2024-01-07T21:43:01.473Z	-28.436325	-161.020172	149100
2024-01-08T14:07:01.500Z	-28.431692	-161.028259	149600
2024-01-08T19:15:40.314Z	-28.430241	-161.030807	5000
2024-01-08T20:18:31.253Z	-28.426212	-161.028107	5000
2024-01-15T22:01:27.858Z	-28.360943	-161.146332	151000
2024-01-17T05:43:08.391Z	-28.348755	-161.168396	5000
2024-01-17T06:43:35.196Z	-28.343792	-161.16478	5000
2024-01-18T04:51:51.033Z	-28.329844	-161.183151	147600
2024-01-18T22:14:19.726Z	-28.318897	-161.197571	146900
2024-01-20T21:41:10.704Z	-28.289001	-161.236938	148200
2024-01-21T02:53:56.741Z	-28.285717	-161.241257	5000
2024-01-21T03:53:26.421Z	-28.287857	-161.248749	5000
2024-01-22T14:25:19.774Z	-28.279051	-161.265289	148000
2024-01-27T16:15:56.643Z	-28.247982	-161.323639	149700
2024-01-27T21:34:32.057Z	-28.246628	-161.326187	5000
2024-01-27T22:31:40.430Z	-28.252438	-161.32666	5000
2024-02-02T14:17:45.485Z	-28.209742	-161.401489	151400
2024-02-04T04:48:19.507Z	-28.197632	-161.422714	151900
2024-02-05T08:24:25.880Z	-28.188953	-161.437927	5000
2024-02-05T09:34:22.824Z	-28.192575	-161.438034	5000
2024-02-09T10:59:27.497Z	-28.123316	-161.490036	150800
2024-02-11T12:51:04.169Z	-28.087868	-161.516647	150700
2024-02-13T19:09:38.435Z	-28.049255	-161.545639	5000
2024-02-13T20:07:15.300Z	-28.048676	-161.547729	5000
2024-02-22T05:53:02.294Z	-28.025436	-161.590271	5000
