-6.2099e-16	0
0.00043613	20.05
0.00087306	40.1
0.0013116	60.15
0.0017523	80.201
0.0021959	100.25
0.0026431	120.3
0.0030942	140.35
0.0035499	160.4
0.0040108	180.45
0.0044772	200.5
0.0049498	220.55
0.0054286	240.6
0.0059141	260.65
0.0064063	280.7
0.0069052	300.75
0.0074104	320.8
0.0079217	340.85
0.0084382	360.9
0.0089594	380.95
0.0094844	401
0.010012	421.05
0.010542	441.1
0.011073	461.15
0.011604	481.2
0.012101	500
0.012134	501.25
0.012663	521.3
0.013189	541.35
0.013711	561.4
0.01423	581.45
0.014744	601.5
0.015253	621.55
0.015755	641.6
0.016252	661.65
0.016741	681.7
0.017222	701.75
0.017696	721.8
0.01816	741.85
0.018616	761.9
0.019063	781.95
0.019499	802.01
0.019926	822.06
0.020341	842.11
0.020745	862.16
0.021138	882.21
0.021519	902.26
0.021888	922.31
0.022244	942.36
0.022586	962.41
0.022916	982.46
0.023232	1002.5
0.023533	1022.6
0.02382	1042.6
0.024093	1062.7
0.02435	1082.7
0.024593	1102.8
0.024819	1122.8
0.025031	1142.9
0.025226	1162.9
0.025405	1183
0.025569	1203
0.025716	1223.1
0.025846	1243.1
0.02596	1263.2
0.026058	1283.2
0.02614	1303.3
0.026205	1323.3
0.026253	1343.4
0.026286	1363.4
0.026302	1383.5
0.026303	1403.5
0.026288	1423.6
0.026257	1443.6
0.026211	1463.7
0.02615	1483.7
0.026074	1503.8
0.025984	1523.8
0.02588	1543.9
0.025763	1563.9
0.025632	1584
0.025488	1604
0.025331	1624.1
0.025163	1644.1
0.024983	1664.2
0.024791	1684.2
0.024589	1704.3
0.024376	1724.3
0.024154	1744.4
0.023922	1764.4
0.023682	1784.5
0.023432	1804.5
0.023175	1824.6
0.02291	1844.6
0.022638	1864.7
0.02236	1884.7
0.022075	1904.8
0.021784	1924.8
0.021488	1944.9
0.021187	1964.9
0.020882	1985
0.020573	2005
0.02026	2025.1
0.019944	2045.1
0.019625	2065.2
0.019303	2085.2
0.018979	2105.3
0.018654	2125.3
0.018327	2145.4
0.017999	2165.4
0.017671	2185.5
0.017342	2205.5
0.017013	2225.6
0.016684	2245.6
0.016356	2265.7
0.016029	2285.7
0.015702	2305.8
0.015377	2325.8
0.015054	2345.9
0.014732	2365.9
0.014412	2386
0.014095	2406
0.01378	2426.1
0.013468	2446.1
0.013158	2466.2
0.012851	2486.2
0.012548	2506.3
0.012248	2526.3
0.011951	2546.4
0.011658	2566.4
0.011368	2586.5
0.011082	2606.5
0.0108	2626.6
0.010523	2646.6
0.010249	2666.7
0.0099791	2686.7
0.0097137	2706.8
0.0094525	2726.8
0.0091958	2746.9
0.0089434	2766.9
0.0086954	2787
0.008452	2807
0.008213	2827.1
0.0079786	2847.1
0.0077486	2867.2
0.0075233	2887.2
0.0073025	2907.3
0.0070862	2927.3
0.0068746	2947.4
0.0066674	2967.4
0.0064648	2987.5
0.0062666	3007.5
0.006073	3027.6
0.0058838	3047.6
0.005699	3067.7
0.0055187	3087.7
0.0053426	3107.8
0.0051709	3127.8
0.0050035	3147.9
0.0048403	3167.9
0.0046813	3188
0.0045263	3208
0.0043755	3228.1
0.0042287	3248.1
0.0040858	3268.2
0.0039469	3288.2
0.0038117	3308.3
0.0036804	3328.3
0.0035528	3348.4
0.0034288	3368.4
0.0033085	3388.5
0.0031916	3408.5
0.0030782	3428.6
0.0029683	3448.6
0.0028616	3468.7
0.0027582	3488.7
0.002658	3508.8
0.002561	3528.8
0.002467	3548.9
0.002376	3568.9
0.0022879	3589
0.0022027	3609
0.0021203	3629.1
0.0020406	3649.1
0.0019636	3669.2
0.0018892	3689.2
0.0018174	3709.3
0.001748	3729.3
0.001681	3749.4
0.0016164	3769.4
0.0015541	3789.5
0.001494	3809.5
0.0014361	3829.6
0.0013803	3849.6
0.0013266	3869.7
0.0012748	3889.7
0.0012251	3909.8
0.0011772	3929.8
0.0011312	3949.9
0.0010869	3969.9
0.0010444	3990
0.0010036	4010
0.00096446	4030.1
0.0009269	4050.1
0.0008909	4070.2
0.0008564	4090.2
0.00082338	4110.3
0.00079178	4130.3
0.00076157	4150.4
0.0007327	4170.4
0.00070514	4190.5
0.00067886	4210.5
0.00065382	4230.6
0.00062998	4250.6
0.00060731	4270.7
0.00058578	4290.7
0.00056536	4310.8
0.00054603	4330.8
0.00052775	4350.9
0.0005105	4370.9
0.00049426	4391
0.000479	4411
0.0004647	4431.1
0.00045135	4451.1
0.00043892	4471.2
0.00042739	4491.2
0.00041676	4511.3
0.000407	4531.3
0.0003981	4551.4
0.00039006	4571.4
0.00038285	4591.5
0.00037648	4611.5
0.00037093	4631.6
0.00036621	4651.6
0.0003623	4671.7
0.0003592	4691.7
0.00035692	4711.8
0.00035546	4731.8
0.00035483	4751.9
0.00035501	4771.9
0.00035604	4792
0.00035791	4812
0.00036063	4832.1
0.00036422	4852.1
0.0003687	4872.2
0.00037344	4890
