1.0144e-10	0
7.1913e-05	3.2746
0.00014383	6.5492
0.00021576	9.8239
0.0002877	13.098
0.00035967	16.373
0.00043166	19.648
0.00050368	22.922
0.00057574	26.197
0.00064783	29.472
0.00071998	32.746
0.00079218	36.021
0.00086443	39.295
0.00093675	42.57
0.0010091	45.845
0.0010816	49.119
0.0011541	52.394
0.0012267	55.669
0.0012994	58.943
0.0013722	62.218
0.0014451	65.492
0.0015181	68.767
0.0015912	72.042
0.0016644	75.316
0.0017378	78.591
0.0018112	81.865
0.0018848	85.14
0.0019585	88.415
0.0020323	91.689
0.0021063	94.964
0.0021804	98.239
0.0022547	101.51
0.0023291	104.79
0.0024037	108.06
0.0024785	111.34
0.0025534	114.61
0.0026284	117.89
0.0027037	121.16
0.0027791	124.44
0.0028547	127.71
0.0029305	130.98
0.0030064	134.26
0.0030826	137.53
0.0031589	140.81
0.0032355	144.08
0.0033122	147.36
0.0033892	150.63
0.0034663	153.91
0.0035437	157.18
0.0036213	160.46
0.0036991	163.73
0.0037771	167.01
0.0038554	170.28
0.0039339	173.55
0.0040126	176.83
0.0040915	180.1
0.0041707	183.38
0.0042501	186.65
0.0043298	189.93
0.0044097	193.2
0.0044898	196.48
0.0045702	199.75
0.0046509	203.03
0.0047317	206.3
0.0048129	209.58
0.0048943	212.85
0.0049759	216.12
0.0050578	219.4
0.0051399	222.67
0.0052223	225.95
0.0053049	229.22
0.0053878	232.5
0.0054709	235.77
0.0055542	239.05
0.0056378	242.32
0.0057216	245.6
0.0058057	248.87
0.00589	252.15
0.0059745	255.42
0.0060593	258.69
0.0061442	261.97
0.0062294	265.24
0.0063148	268.52
0.0064005	271.79
0.0064863	275.07
0.0065723	278.34
0.0066586	281.62
0.006745	284.89
0.0068316	288.17
0.0069184	291.44
0.0070054	294.72
0.0070926	297.99
0.0071799	301.27
0.0072674	304.54
0.0073551	307.81
0.0074429	311.09
0.0075308	314.36
0.007619	317.64
0.0077072	320.91
0.0077956	324.19
0.0078841	327.46
0.0079727	330.74
0.0080615	334.01
0.0081503	337.29
0.0082393	340.56
0.0083284	343.84
0.0084175	347.11
0.0085068	350.38
0.0085961	353.66
0.0086855	356.93
0.008775	360.21
0.0088645	363.48
0.0089541	366.76
0.0090437	370.03
0.0091334	373.31
0.0092232	376.58
0.0093129	379.86
0.0094027	383.13
0.0094926	386.41
0.0095825	389.68
0.0096723	392.95
0.0097622	396.23
0.0098522	399.5
0.0099421	402.78
0.010032	406.05
0.010122	409.33
0.010212	412.6
0.010302	415.88
0.010391	419.15
0.010481	422.43
0.010571	425.7
0.010661	428.98
0.01075	432.25
0.01084	435.52
0.01093	438.8
0.011019	442.07
0.011109	445.35
0.011198	448.62
0.011288	451.9
0.011377	455.17
0.011466	458.45
0.011555	461.72
0.011645	465
0.011734	468.27
0.011823	471.55
0.011911	474.82
0.012	478.09
0.012089	481.37
0.012178	484.64
0.012266	487.92
0.012354	491.19
0.012443	494.47
0.012531	497.74
0.012619	501.02
0.012707	504.29
0.012795	507.57
0.012883	510.84
0.01297	514.12
0.013058	517.39
0.013145	520.66
0.013232	523.94
0.013319	527.21
0.013406	530.49
0.013493	533.76
0.01358	537.04
0.013667	540.31
0.013753	543.59
0.013839	546.86
0.013925	550.14
0.014011	553.41
0.014097	556.69
0.014183	559.96
0.014268	563.23
0.014354	566.51
0.014439	569.78
0.014524	573.06
0.014609	576.33
0.014693	579.61
0.014778	582.88
0.014862	586.16
0.014946	589.43
0.01503	592.71
0.015114	595.98
0.015198	599.26
0.015281	602.53
0.015364	605.8
0.015447	609.08
0.01553	612.35
0.015613	615.63
0.015695	618.9
0.015777	622.18
0.015859	625.45
0.015941	628.73
0.016022	632
0.016104	635.28
0.016185	638.55
0.016266	641.83
0.016347	645.1
0.016427	648.37
0.016507	651.65
0.016587	654.92
0.016667	658.2
0.016747	661.47
0.016826	664.75
0.016905	668.02
0.016984	671.3
0.017062	674.57
0.017141	677.85
0.017219	681.12
0.017297	684.4
0.017374	687.67
0.017452	690.94
0.017529	694.22
0.017606	697.49
0.017682	700.77
0.017759	704.04
0.017835	707.32
0.01791	710.59
0.017986	713.87
0.018061	717.14
0.018136	720.42
0.018211	723.69
0.018285	726.97
0.018359	730.24
0.018433	733.51
0.018507	736.79
0.01858	740.06
0.018653	743.34
0.018726	746.61
0.018798	749.89
0.01887	753.16
0.018942	756.44
0.019014	759.71
0.019085	762.99
0.019156	766.26
0.019227	769.54
0.019297	772.81
0.019367	776.08
0.019437	779.36
0.019506	782.63
0.019575	785.91
0.019644	789.18
0.019713	792.46
0.019781	795.73
0.019849	799.01
0.019916	802.28
0.019984	805.56
0.02005	808.83
0.020117	812.11
0.020183	815.38
0.020249	818.65
0.020315	821.93
0.02038	825.2
0.020445	828.48
0.02051	831.75
0.020574	835.03
0.020638	838.3
0.020702	841.58
0.020765	844.85
0.020828	848.13
0.02089	851.4
0.020953	854.68
0.021015	857.95
0.021076	861.22
0.021137	864.5
0.021198	867.77
0.021259	871.05
0.021319	874.32
0.021379	877.6
0.021438	880.87
0.021497	884.15
0.021556	887.42
0.021615	890.7
0.021673	893.97
0.02173	897.25
0.021788	900.52
0.021845	903.79
0.021901	907.07
0.021958	910.34
0.022013	913.62
0.022069	916.89
0.022124	920.17
0.022179	923.44
0.022233	926.72
0.022287	929.99
0.022341	933.27
0.022394	936.54
0.022447	939.82
0.0225	943.09
0.022552	946.37
0.022604	949.64
0.022655	952.91
0.022706	956.19
0.022757	959.46
0.022807	962.74
0.022857	966.01
0.022906	969.29
0.022956	972.56
0.023004	975.84
0.023053	979.11
0.023101	982.39
0.023148	985.66
0.023196	988.94
0.023242	992.21
0.023289	995.48
0.023335	998.76
0.023381	1002
0.023426	1005.3
0.023471	1008.6
0.023515	1011.9
0.02356	1015.1
0.023603	1018.4
0.023647	1021.7
0.023689	1025
0.023732	1028.2
0.023774	1031.5
0.023816	1034.8
0.023857	1038.1
0.023898	1041.3
0.023939	1044.6
0.023979	1047.9
0.024018	1051.2
0.024058	1054.4
0.024097	1057.7
0.024135	1061
0.024173	1064.3
0.024211	1067.5
0.024248	1070.8
0.024285	1074.1
0.024322	1077.3
0.024358	1080.6
0.024394	1083.9
0.024429	1087.2
0.024464	1090.4
0.024498	1093.7
0.024532	1097
0.024566	1100.3
0.024599	1103.5
0.024632	1106.8
0.024665	1110.1
0.024697	1113.4
0.024728	1116.6
0.02476	1119.9
0.024791	1123.2
0.024821	1126.5
0.024851	1129.7
0.024881	1133
0.02491	1136.3
0.024939	1139.6
0.024967	1142.8
0.024995	1146.1
0.025023	1149.4
0.02505	1152.7
0.025077	1155.9
0.025103	1159.2
0.025129	1162.5
0.025154	1165.8
0.02518	1169
0.025204	1172.3
0.025229	1175.6
0.025252	1178.9
0.025276	1182.1
0.025299	1185.4
0.025322	1188.7
0.025344	1192
0.025366	1195.2
0.025387	1198.5
0.025408	1201.8
0.025429	1205.1
0.025449	1208.3
0.025469	1211.6
0.025488	1214.9
0.025507	1218.2
0.025526	1221.4
0.025544	1224.7
0.025562	1228
0.025579	1231.3
0.025596	1234.5
0.025613	1237.8
0.025629	1241.1
0.025645	1244.4
0.02566	1247.6
0.025675	1250.9
0.02569	1254.2
0.025704	1257.5
0.025718	1260.7
0.025731	1264
0.025744	1267.3
0.025756	1270.6
0.025768	1273.8
0.02578	1277.1
0.025791	1280.4
0.025802	1283.7
0.025813	1286.9
0.025823	1290.2
0.025833	1293.5
0.025842	1296.7
0.025851	1300
0.02586	1303.3
0.025868	1306.6
0.025875	1309.8
0.025883	1313.1
0.02589	1316.4
0.025896	1319.7
0.025902	1322.9
0.025908	1326.2
0.025914	1329.5
0.025918	1332.8
0.025923	1336
0.025927	1339.3
0.025931	1342.6
0.025934	1345.9
0.025937	1349.1
0.02594	1352.4
0.025942	1355.7
0.025944	1359
0.025946	1362.2
0.025947	1365.5
0.025948	1368.8
0.025948	1372.1
0.025948	1375.3
0.025947	1378.6
0.025947	1381.9
0.025945	1385.2
0.025944	1388.4
0.025942	1391.7
0.025939	1395
0.025937	1398.3
0.025934	1401.5
0.02593	1404.8
0.025926	1408.1
0.025922	1411.4
0.025918	1414.6
0.025913	1417.9
0.025907	1421.2
0.025902	1424.5
0.025895	1427.7
0.025889	1431
0.025882	1434.3
0.025875	1437.6
0.025868	1440.8
0.02586	1444.1
0.025851	1447.4
0.025843	1450.7
0.025834	1453.9
0.025824	1457.2
0.025815	1460.5
0.025805	1463.8
0.025794	1467
0.025784	1470.3
0.025772	1473.6
0.025761	1476.9
0.025749	1480.1
0.025737	1483.4
0.025724	1486.7
0.025712	1490
0.025698	1493.2
0.025685	1496.5
0.025671	1499.8
0.025657	1503.1
0.025642	1506.3
0.025627	1509.6
0.025612	1512.9
0.025596	1516.1
0.02558	1519.4
0.025564	1522.7
0.025547	1526
0.02553	1529.2
0.025513	1532.5
0.025496	1535.8
0.025478	1539.1
0.025459	1542.3
0.025441	1545.6
0.025422	1548.9
0.025403	1552.2
0.025383	1555.4
0.025363	1558.7
0.025343	1562
0.025322	1565.3
0.025302	1568.5
0.02528	1571.8
0.025259	1575.1
0.025237	1578.4
0.025215	1581.6
0.025193	1584.9
0.02517	1588.2
0.025147	1591.5
0.025124	1594.7
0.0251	1598
0.025076	1601.3
0.025052	1604.6
0.025027	1607.8
0.025002	1611.1
0.024977	1614.4
0.024952	1617.7
0.024926	1620.9
0.0249	1624.2
0.024874	1627.5
0.024847	1630.8
0.02482	1634
0.024793	1637.3
0.024766	1640.6
0.024738	1643.9
0.02471	1647.1
0.024682	1650.4
0.024653	1653.7
0.024624	1657
0.024595	1660.2
0.024566	1663.5
0.024536	1666.8
0.024506	1670.1
0.024476	1673.3
0.024445	1676.6
0.024415	1679.9
0.024384	1683.2
0.024352	1686.4
0.024321	1689.7
0.024289	1693
0.024257	1696.3
0.024225	1699.5
0.024192	1702.8
0.024159	1706.1
0.024126	1709.4
0.024093	1712.6
0.024059	1715.9
0.024025	1719.2
0.023991	1722.4
0.023957	1725.7
0.023923	1729
0.023888	1732.3
0.023853	1735.5
0.023818	1738.8
0.023782	1742.1
0.023746	1745.4
0.02371	1748.6
0.023674	1751.9
0.023638	1755.2
0.023601	1758.5
0.023564	1761.7
0.023527	1765
0.02349	1768.3
0.023452	1771.6
0.023415	1774.8
0.023377	1778.1
0.023339	1781.4
0.0233	1784.7
0.023262	1787.9
0.023223	1791.2
0.023184	1794.5
0.023145	1797.8
0.023105	1801
0.023066	1804.3
0.023026	1807.6
0.022986	1810.9
0.022946	1814.1
0.022905	1817.4
0.022865	1820.7
0.022824	1824
0.022783	1827.2
0.022742	1830.5
0.0227	1833.8
0.022659	1837.1
0.022617	1840.3
0.022575	1843.6
0.022533	1846.9
0.022491	1850.2
0.022448	1853.4
0.022406	1856.7
0.022363	1860
0.02232	1863.3
0.022277	1866.5
0.022234	1869.8
0.02219	1873.1
0.022147	1876.4
0.022103	1879.6
0.022059	1882.9
0.022015	1886.2
0.021971	1889.5
0.021926	1892.7
0.021882	1896
0.021837	1899.3
0.021792	1902.6
0.021747	1905.8
0.021702	1909.1
0.021657	1912.4
0.021611	1915.7
0.021566	1918.9
0.02152	1922.2
0.021474	1925.5
0.021428	1928.8
0.021382	1932
0.021336	1935.3
0.021289	1938.6
0.021243	1941.8
0.021196	1945.1
0.021149	1948.4
0.021103	1951.7
0.021056	1954.9
0.021008	1958.2
0.020961	1961.5
0.020914	1964.8
0.020866	1968
0.020819	1971.3
0.020771	1974.6
0.020723	1977.9
0.020675	1981.1
0.020627	1984.4
0.020579	1987.7
0.020531	1991
0.020483	1994.2
0.020434	1997.5
0.020386	2000.8
0.020337	2004.1
0.020288	2007.3
0.020239	2010.6
0.02019	2013.9
0.020141	2017.2
0.020092	2020.4
0.020043	2023.7
0.019994	2027
0.019944	2030.3
0.019895	2033.5
0.019845	2036.8
0.019796	2040.1
0.019746	2043.4
0.019696	2046.6
0.019647	2049.9
0.019597	2053.2
0.019547	2056.5
0.019497	2059.7
0.019447	2063
0.019396	2066.3
0.019346	2069.6
0.019296	2072.8
0.019245	2076.1
0.019195	2079.4
0.019144	2082.7
0.019094	2085.9
0.019043	2089.2
0.018993	2092.5
0.018942	2095.8
0.018891	2099
0.01884	2102.3
0.018789	2105.6
0.018739	2108.9
0.018688	2112.1
0.018637	2115.4
0.018586	2118.7
0.018534	2122
0.018483	2125.2
0.018432	2128.5
0.018381	2131.8
0.01833	2135.1
0.018278	2138.3
0.018227	2141.6
0.018176	2144.9
0.018124	2148.2
0.018073	2151.4
0.018022	2154.7
0.01797	2158
0.017919	2161.2
0.017867	2164.5
0.017816	2167.8
0.017764	2171.1
0.017712	2174.3
0.017661	2177.6
0.017609	2180.9
0.017558	2184.2
0.017506	2187.4
0.017454	2190.7
0.017403	2194
0.017351	2197.3
0.017299	2200.5
0.017248	2203.8
0.017196	2207.1
0.017144	2210.4
0.017093	2213.6
0.017041	2216.9
0.016989	2220.2
0.016938	2223.5
0.016886	2226.7
0.016834	2230
0.016783	2233.3
0.016731	2236.6
0.016679	2239.8
0.016628	2243.1
0.016576	2246.4
0.016524	2249.7
0.016473	2252.9
0.016421	2256.2
0.01637	2259.5
0.016318	2262.8
0.016267	2266
0.016215	2269.3
0.016163	2272.6
0.016112	2275.9
0.01606	2279.1
0.016009	2282.4
0.015958	2285.7
0.015906	2289
0.015855	2292.2
0.015803	2295.5
0.015752	2298.8
0.015701	2302.1
0.01565	2305.3
0.015598	2308.6
0.015547	2311.9
0.015496	2315.2
0.015445	2318.4
0.015394	2321.7
0.015343	2325
0.015292	2328.3
0.015241	2331.5
0.01519	2334.8
0.015139	2338.1
0.015088	2341.4
0.015037	2344.6
0.014986	2347.9
0.014936	2351.2
0.014885	2354.5
0.014834	2357.7
0.014784	2361
0.014733	2364.3
0.014683	2367.6
0.014632	2370.8
0.014582	2374.1
0.014531	2377.4
0.014481	2380.6
0.014431	2383.9
0.014381	2387.2
0.014331	2390.5
0.014281	2393.7
0.014231	2397
0.014181	2400.3
0.014131	2403.6
0.014081	2406.8
0.014031	2410.1
0.013981	2413.4
0.013932	2416.7
0.013882	2419.9
0.013833	2423.2
0.013783	2426.5
0.013734	2429.8
0.013685	2433
0.013635	2436.3
0.013586	2439.6
0.013537	2442.9
0.013488	2446.1
0.013439	2449.4
0.01339	2452.7
0.013341	2456
0.013293	2459.2
0.013244	2462.5
0.013195	2465.8
0.013147	2469.1
0.013099	2472.3
0.01305	2475.6
0.013002	2478.9
0.012954	2482.2
0.012906	2485.4
0.012858	2488.7
0.01281	2492
0.012762	2495.3
0.012714	2498.5
0.012666	2501.8
0.012619	2505.1
0.012571	2508.4
0.012524	2511.6
0.012476	2514.9
0.012429	2518.2
0.012382	2521.5
0.012335	2524.7
0.012288	2528
0.012241	2531.3
0.012194	2534.6
0.012147	2537.8
0.012101	2541.1
0.012054	2544.4
0.012008	2547.7
0.011961	2550.9
0.011915	2554.2
0.011869	2557.5
0.011823	2560.8
0.011777	2564
0.011731	2567.3
0.011685	2570.6
0.011639	2573.9
0.011594	2577.1
0.011548	2580.4
0.011503	2583.7
0.011457	2586.9
0.011412	2590.2
0.011367	2593.5
0.011322	2596.8
0.011277	2600
0.011232	2603.3
0.011188	2606.6
0.011143	2609.9
0.011098	2613.1
0.011054	2616.4
0.01101	2619.7
0.010966	2623
0.010921	2626.2
0.010878	2629.5
0.010834	2632.8
0.01079	2636.1
0.010746	2639.3
0.010703	2642.6
0.010659	2645.9
0.010616	2649.2
0.010573	2652.4
0.010529	2655.7
0.010486	2659
0.010444	2662.3
0.010401	2665.5
0.010358	2668.8
0.010315	2672.1
0.010273	2675.4
0.010231	2678.6
0.010188	2681.9
0.010146	2685.2
0.010104	2688.5
0.010062	2691.7
0.010021	2695
0.0099789	2698.3
0.0099373	2701.6
0.0098959	2704.8
0.0098545	2708.1
0.0098133	2711.4
0.0097722	2714.7
0.0097312	2717.9
0.0096903	2721.2
0.0096496	2724.5
0.0096089	2727.8
0.0095684	2731
0.009528	2734.3
0.0094877	2737.6
0.0094475	2740.9
0.0094074	2744.1
0.0093675	2747.4
0.0093276	2750.7
0.0092879	2754
0.0092483	2757.2
0.0092088	2760.5
0.0091695	2763.8
0.0091303	2767.1
0.0090911	2770.3
0.0090521	2773.6
0.0090133	2776.9
0.0089745	2780.2
0.0089358	2783.4
0.0088973	2786.7
0.0088589	2790
0.0088206	2793.3
0.0087825	2796.5
0.0087445	2799.8
0.0087065	2803.1
0.0086687	2806.3
0.0086311	2809.6
0.0085935	2812.9
0.0085561	2816.2
0.0085188	2819.4
0.0084816	2822.7
0.0084445	2826
0.0084076	2829.3
0.0083708	2832.5
0.0083341	2835.8
0.0082975	2839.1
0.008261	2842.4
0.0082247	2845.6
0.0081885	2848.9
0.0081524	2852.2
0.0081165	2855.5
0.0080806	2858.7
0.0080449	2862
0.0080093	2865.3
0.0079739	2868.6
0.0079385	2871.8
0.0079033	2875.1
0.0078682	2878.4
0.0078332	2881.7
0.0077984	2884.9
0.0077637	2888.2
0.0077291	2891.5
0.0076946	2894.8
0.0076603	2898
0.007626	2901.3
0.0075919	2904.6
0.007558	2907.9
0.0075241	2911.1
0.0074904	2914.4
0.0074568	2917.7
0.0074233	2921
0.00739	2924.2
0.0073567	2927.5
0.0073236	2930.8
0.0072907	2934.1
0.0072578	2937.3
0.0072251	2940.6
0.0071925	2943.9
0.00716	2947.2
0.0071277	2950.4
0.0070954	2953.7
0.0070633	2957
0.0070314	2960.3
0.0069995	2963.5
0.0069678	2966.8
0.0069362	2970.1
0.0069047	2973.4
0.0068734	2976.6
0.0068421	2979.9
0.006811	2983.2
0.0067801	2986.5
0.0067492	2989.7
0.0067185	2993
0.0066879	2996.3
0.0066574	2999.6
0.006627	3002.8
0.0065968	3006.1
0.0065667	3009.4
0.0065367	3012.6
0.0065069	3015.9
0.0064772	3019.2
0.0064475	3022.5
0.0064181	3025.7
0.0063887	3029
0.0063595	3032.3
0.0063304	3035.6
0.0063014	3038.8
0.0062725	3042.1
0.0062438	3045.4
0.0062152	3048.7
0.0061867	3051.9
0.0061583	3055.2
0.0061301	3058.5
0.006102	3061.8
0.006074	3065
0.0060461	3068.3
0.0060184	3071.6
0.0059908	3074.9
0.0059633	3078.1
0.0059359	3081.4
0.0059086	3084.7
0.0058815	3088
0.0058545	3091.2
0.0058276	3094.5
0.0058009	3097.8
0.0057742	3101.1
0.0057477	3104.3
0.0057213	3107.6
0.0056951	3110.9
0.0056689	3114.2
0.0056429	3117.4
0.005617	3120.7
0.0055912	3124
0.0055656	3127.3
0.00554	3130.5
0.0055146	3133.8
0.0054893	3137.1
0.0054642	3140.4
0.0054391	3143.6
0.0054142	3146.9
0.0053894	3150.2
0.0053647	3153.5
0.0053401	3156.7
0.0053157	3160
0.0052914	3163.3
0.0052672	3166.6
0.0052431	3169.8
0.0052191	3173.1
0.0051953	3176.4
0.0051716	3179.7
0.005148	3182.9
0.0051245	3186.2
0.0051011	3189.5
0.0050779	3192.8
0.0050548	3196
0.0050318	3199.3
0.0050089	3202.6
0.0049861	3205.9
0.0049635	3209.1
0.004941	3212.4
0.0049186	3215.7
0.0048963	3219
0.0048741	3222.2
0.004852	3225.5
0.0048301	3228.8
0.0048083	3232
0.0047866	3235.3
0.004765	3238.6
0.0047436	3241.9
0.0047222	3245.1
0.004701	3248.4
0.0046799	3251.7
0.0046589	3255
0.004638	3258.2
0.0046172	3261.5
0.0045966	3264.8
0.0045761	3268.1
0.0045557	3271.3
0.0045354	3274.6
0.0045152	3277.9
0.0044951	3281.2
0.0044752	3284.4
0.0044553	3287.7
0.0044356	3291
0.004416	3294.3
0.0043965	3297.5
0.0043772	3300.8
0.0043579	3304.1
0.0043388	3307.4
0.0043197	3310.6
0.0043008	3313.9
0.004282	3317.2
0.0042633	3320.5
0.0042448	3323.7
0.0042263	3327
0.004208	3330.3
0.0041897	3333.6
0.0041716	3336.8
0.0041536	3340.1
0.0041357	3343.4
0.0041179	3346.7
0.0041003	3349.9
0.0040827	3353.2
0.0040653	3356.5
0.0040479	3359.8
0.0040307	3363
0.0040136	3366.3
0.0039966	3369.6
0.0039798	3372.9
0.003963	3376.1
0.0039463	3379.4
0.0039298	3382.7
0.0039133	3386
0.003897	3389.2
0.0038808	3392.5
0.0038647	3395.8
0.0038487	3399.1
0.0038328	3402.3
0.0038171	3405.6
0.0038014	3408.9
0.0037858	3412.2
0.0037704	3415.4
0.0037551	3418.7
0.0037398	3422
0.0037247	3425.3
0.0037097	3428.5
0.0036948	3431.8
0.0036801	3435.1
0.0036654	3438.4
0.0036508	3441.6
0.0036364	3444.9
0.003622	3448.2
0.0036078	3451.4
0.0035936	3454.7
0.0035796	3458
0.0035657	3461.3
0.0035519	3464.5
0.0035382	3467.8
0.0035246	3471.1
0.0035111	3474.4
0.0034977	3477.6
0.0034844	3480.9
0.0034713	3484.2
0.0034582	3487.5
0.0034453	3490.7
0.0034324	3494
0.0034197	3497.3
0.0034071	3500.6
0.0033945	3503.8
0.0033821	3507.1
0.0033698	3510.4
0.0033576	3513.7
0.0033455	3516.9
0.0033335	3520.2
0.0033216	3523.5
0.0033098	3526.8
0.0032982	3530
0.0032866	3533.3
0.0032751	3536.6
0.0032638	3539.9
0.0032525	3543.1
0.0032414	3546.4
0.0032303	3549.7
0.0032194	3553
0.0032085	3556.2
0.0031978	3559.5
0.0031872	3562.8
0.0031767	3566.1
0.0031663	3569.3
0.0031559	3572.6
0.0031457	3575.9
0.0031356	3579.2
0.0031256	3582.4
0.0031157	3585.7
0.0031059	3589
0.0030963	3592.3
0.0030867	3595.5
0.0030772	3598.8
0.0030678	3602.1
0.0030586	3605.4
0.0030494	3608.6
0.0030403	3611.9
0.0030314	3615.2
0.0030225	3618.5
0.0030138	3621.7
0.0030051	3625
0.0029966	3628.3
0.0029881	3631.6
0.0029798	3634.8
0.0029715	3638.1
0.0029634	3641.4
0.0029554	3644.7
0.0029474	3647.9
0.0029396	3651.2
0.0029319	3654.5
0.0029243	3657.8
0.0029168	3661
0.0029094	3664.3
0.002902	3667.6
0.0028948	3670.8
0.0028877	3674.1
0.0028807	3677.4
0.0028738	3680.7
0.0028671	3683.9
0.0028604	3687.2
0.0028538	3690.5
0.0028473	3693.8
0.0028409	3697
0.0028346	3700.3
0.0028285	3703.6
0.0028224	3706.9
0.0028164	3710.1
0.0028106	3713.4
0.0028048	3716.7
0.0027991	3720
0.0027936	3723.2
0.0027881	3726.5
0.0027828	3729.8
0.0027775	3733.1
0.0027724	3736.3
0.0027673	3739.6
0.0027624	3742.9
0.0027576	3746.2
0.0027529	3749.4
0.0027482	3752.7
0.0027437	3756
0.0027393	3759.3
0.002735	3762.5
0.0027308	3765.8
0.0027267	3769.1
0.0027227	3772.4
0.0027188	3775.6
0.002715	3778.9
0.0027113	3782.2
0.0027077	3785.5
0.0027042	3788.7
0.0027008	3792
0.0026976	3795.3
0.0026944	3798.6
0.0026913	3801.8
0.0026884	3805.1
0.0026855	3808.4
0.0026828	3811.7
0.0026801	3814.9
0.0026776	3818.2
0.0026752	3821.5
0.0026728	3824.8
0.0026706	3828
0.0026685	3831.3
0.0026665	3834.6
0.0026646	3837.9
0.0026628	3841.1
0.0026611	3844.4
0.0026595	3847.7
0.002658	3851
0.0026567	3854.2
0.0026554	3857.5
0.0026543	3860.8
0.0026532	3864.1
0.0026523	3867.3
0.0026514	3870.6
0.0026507	3873.9
0.0026501	3877.1
0.0026496	3880.4
0.0026492	3883.7
0.0026489	3887
0.0026487	3890.2
0.0026486	3893.5
0.0026487	3896.8
0.0026488	3900.1
0.0026491	3903.3
0.0026495	3906.6
0.0026499	3909.9
0.0026505	3913.2
0.0026512	3916.4
0.002652	3919.7
0.002653	3923
0.002654	3926.3
0.0026551	3929.5
0.0026564	3932.8
0.0026578	3936.1
0.0026593	3939.4
0.0026609	3942.6
0.0026626	3945.9
0.0026644	3949.2
0.0026663	3952.5
0.0026684	3955.7
0.0026706	3959
0.0026728	3962.3
0.0026752	3965.6
0.0026777	3968.8
0.0026804	3972.1
0.0026831	3975.4
0.002686	3978.7
0.002689	3981.9
0.0026921	3985.2
0.0026953	3988.5
0.0026986	3991.8
0.0027021	3995
0.0027056	3998.3
0.0027093	4001.6
0.0027131	4004.9
0.0027171	4008.1
0.0027211	4011.4
0.0027253	4014.7
0.0027296	4018
0.002734	4021.2
0.0027385	4024.5
0.0027432	4027.8
0.002748	4031.1
0.0027529	4034.3
0.0027579	4037.6
0.0027631	4040.9
0.0027683	4044.2
0.0027737	4047.4
0.0027793	4050.7
0.0027849	4054
0.0027907	4057.3
0.0027966	4060.5
0.0028027	4063.8
0.0028088	4067.1
0.0028151	4070.4
0.0028216	4073.6
0.0028281	4076.9
0.0028348	4080.2
0.0028416	4083.5
0.0028486	4086.7
0.0028557	4090
