1.5749e-12	0
1.2076e-05	4.0272
2.4177e-05	8.0544
3.6328e-05	12.082
4.8554e-05	16.109
6.088e-05	20.136
7.3333e-05	24.163
8.5937e-05	28.191
9.872e-05	32.218
0.00011171	36.245
0.00012492	40.272
0.0001384	44.299
0.00015216	48.327
0.00016623	52.354
0.00018065	56.381
0.00019543	60.408
0.00021061	64.436
0.00022622	68.463
0.00024229	72.49
0.00025886	76.517
0.00027594	80.544
0.00029358	84.572
0.00031181	88.599
0.00033066	92.626
0.00035017	96.653
0.00037038	100.68
0.00039131	104.71
0.00041301	108.73
0.00043551	112.76
0.00045885	116.79
0.00048307	120.82
0.0005082	124.84
0.00053428	128.87
0.00056135	132.9
0.00058944	136.93
0.0006186	140.95
0.00064886	144.98
0.00068025	149.01
0.00071283	153.03
0.00074662	157.06
0.00078167	161.09
0.00081801	165.12
0.0008557	169.14
0.00089476	173.17
0.00093524	177.2
0.00097718	181.22
0.0010206	185.25
0.0010656	189.28
0.0011122	193.31
0.0011605	197.33
0.0012104	201.36
0.0012621	205.39
0.0013155	209.42
0.0013707	213.44
0.0014279	217.47
0.0014869	221.5
0.001548	225.52
0.001611	229.55
0.0016761	233.58
0.0017433	237.61
0.0018127	241.63
0.0018843	245.66
0.0019582	249.69
0.0020344	253.71
0.002113	257.74
0.002194	261.77
0.0022774	265.8
0.0023633	269.82
0.0024518	273.85
0.002543	277.88
0.0026367	281.91
0.0027332	285.93
0.0028324	289.96
0.0029344	293.99
0.0030392	298.01
0.0031469	302.04
0.0032575	306.07
0.0033711	310.1
0.0034877	314.12
0.0036072	318.15
0.0037299	322.18
0.0038556	326.2
0.0039845	330.23
0.0041165	334.26
0.0042517	338.29
0.0043902	342.31
0.0045318	346.34
0.0046767	350.37
0.0048249	354.4
0.0049763	358.42
0.005131	362.45
0.0052891	366.48
0.0054505	370.5
0.0056152	374.53
0.0057832	378.56
0.0059546	382.59
0.0061294	386.61
0.0063074	390.64
0.0064888	394.67
0.0066735	398.69
0.0068615	402.72
0.0070527	406.75
0.0072472	410.78
0.0074448	414.8
0.0076457	418.83
0.0078497	422.86
0.0080568	426.89
0.0082671	430.91
0.0084805	434.94
0.0086969	438.97
0.0089164	442.99
0.0091388	447.02
0.0093641	451.05
0.0095923	455.08
0.0098233	459.1
0.010057	463.13
0.010293	467.16
0.010532	471.18
0.010774	475.21
0.011018	479.24
0.011264	483.27
0.011513	487.29
0.011764	491.32
0.012017	495.35
0.012272	499.38
0.012529	503.4
0.012788	507.43
0.01305	511.46
0.013313	515.48
0.013577	519.51
0.013844	523.54
0.014112	527.57
0.014381	531.59
0.014652	535.62
0.014925	539.65
0.015198	543.67
0.015472	547.7
0.015748	551.73
0.016024	555.76
0.016301	559.78
0.016579	563.81
0.016857	567.84
0.017136	571.87
0.017416	575.89
0.017695	579.92
0.017975	583.95
0.018256	587.97
0.018536	592
0.018817	596.03
0.019098	600.06
0.019378	604.08
0.019659	608.11
0.019939	612.14
0.020219	616.16
0.020498	620.19
0.020777	624.22
0.021055	628.25
0.021333	632.27
0.021609	636.3
0.021885	640.33
0.02216	644.36
0.022433	648.38
0.022706	652.41
0.022977	656.44
0.023247	660.46
0.023516	664.49
0.023784	668.52
0.02405	672.55
0.024315	676.57
0.024578	680.6
0.024839	684.63
0.025099	688.65
0.025357	692.68
0.025614	696.71
0.025869	700.74
0.026121	704.76
0.026372	708.79
0.026621	712.82
0.026868	716.85
0.027112	720.87
0.027354	724.9
0.027594	728.93
0.027832	732.95
0.028067	736.98
0.0283	741.01
0.028531	745.04
0.028759	749.06
0.028985	753.09
0.029208	757.12
0.029428	761.14
0.029646	765.17
0.029861	769.2
0.030074	773.23
0.030283	777.25
0.03049	781.28
0.030695	785.31
0.030896	789.34
0.031094	793.36
0.03129	797.39
0.031483	801.42
0.031672	805.44
0.031859	809.47
0.032042	813.5
0.032223	817.53
0.0324	821.55
0.032574	825.58
0.032745	829.61
0.032913	833.63
0.033078	837.66
0.033239	841.69
0.033397	845.72
0.033552	849.74
0.033704	853.77
0.033852	857.8
0.033997	861.83
0.034139	865.85
0.034277	869.88
0.034412	873.91
0.034543	877.93
0.034671	881.96
0.034796	885.99
0.034917	890.02
0.035035	894.04
0.03515	898.07
0.035261	902.1
0.035368	906.12
0.035472	910.15
0.035572	914.18
0.035669	918.21
0.035762	922.23
0.035852	926.26
0.035938	930.29
0.036021	934.32
0.0361	938.34
0.036176	942.37
0.036248	946.4
0.036317	950.42
0.036382	954.45
0.036444	958.48
0.036502	962.51
0.036557	966.53
0.036608	970.56
0.036655	974.59
0.036699	978.61
0.03674	982.64
0.036777	986.67
0.036811	990.7
0.036841	994.72
0.036868	998.75
0.036891	1002.8
0.036911	1006.8
0.036927	1010.8
0.03694	1014.9
0.036949	1018.9
0.036955	1022.9
0.036958	1026.9
0.036957	1031
0.036953	1035
0.036946	1039
0.036935	1043.1
0.036921	1047.1
0.036904	1051.1
0.036884	1055.1
0.03686	1059.2
0.036833	1063.2
0.036803	1067.2
0.03677	1071.2
0.036733	1075.3
0.036694	1079.3
0.036651	1083.3
0.036606	1087.3
0.036557	1091.4
0.036505	1095.4
0.03645	1099.4
0.036392	1103.5
0.036332	1107.5
0.036268	1111.5
0.036201	1115.5
0.036132	1119.6
0.036059	1123.6
0.035984	1127.6
0.035906	1131.6
0.035825	1135.7
0.035742	1139.7
0.035656	1143.7
0.035567	1147.8
0.035476	1151.8
0.035382	1155.8
0.035285	1159.8
0.035186	1163.9
0.035084	1167.9
0.03498	1171.9
0.034874	1175.9
0.034765	1180
0.034653	1184
0.03454	1188
0.034424	1192.1
0.034305	1196.1
0.034185	1200.1
0.034062	1204.1
0.033937	1208.2
0.03381	1212.2
0.033681	1216.2
0.03355	1220.2
0.033417	1224.3
0.033281	1228.3
0.033144	1232.3
0.033005	1236.4
0.032864	1240.4
0.032721	1244.4
0.032576	1248.4
0.03243	1252.5
0.032282	1256.5
0.032132	1260.5
0.03198	1264.5
0.031827	1268.6
0.031672	1272.6
0.031516	1276.6
0.031358	1280.7
0.031199	1284.7
0.031038	1288.7
0.030875	1292.7
0.030712	1296.8
0.030547	1300.8
0.03038	1304.8
0.030213	1308.8
0.030044	1312.9
0.029874	1316.9
0.029702	1320.9
0.02953	1325
0.029356	1329
0.029182	1333
0.029006	1337
0.028829	1341.1
0.028652	1345.1
0.028473	1349.1
0.028294	1353.1
0.028113	1357.2
0.027932	1361.2
0.02775	1365.2
0.027568	1369.3
0.027384	1373.3
0.0272	1377.3
0.027015	1381.3
0.02683	1385.4
0.026644	1389.4
0.026458	1393.4
0.026271	1397.4
0.026083	1401.5
0.025895	1405.5
0.025706	1409.5
0.025518	1413.6
0.025328	1417.6
0.025139	1421.6
0.024949	1425.6
0.024758	1429.7
0.024568	1433.7
0.024377	1437.7
0.024186	1441.7
0.023995	1445.8
0.023804	1449.8
0.023613	1453.8
0.023421	1457.9
0.02323	1461.9
0.023039	1465.9
0.022847	1469.9
0.022656	1474
0.022465	1478
0.022273	1482
0.022082	1486
0.021891	1490.1
0.021701	1494.1
0.02151	1498.1
0.02132	1502.2
0.02113	1506.2
0.02094	1510.2
0.02075	1514.2
0.020561	1518.3
0.020372	1522.3
0.020183	1526.3
0.019995	1530.3
0.019808	1534.4
0.01962	1538.4
0.019433	1542.4
0.019247	1546.5
0.019061	1550.5
0.018876	1554.5
0.018691	1558.5
0.018506	1562.6
0.018323	1566.6
0.01814	1570.6
0.017957	1574.6
0.017775	1578.7
0.017594	1582.7
0.017414	1586.7
0.017234	1590.8
0.017055	1594.8
0.016877	1598.8
0.016699	1602.8
0.016522	1606.9
0.016346	1610.9
0.016171	1614.9
0.015997	1618.9
0.015823	1623
0.015651	1627
0.015479	1631
0.015308	1635.1
0.015138	1639.1
0.014968	1643.1
0.0148	1647.1
0.014633	1651.2
0.014466	1655.2
0.014301	1659.2
0.014136	1663.2
0.013973	1667.3
0.01381	1671.3
0.013648	1675.3
0.013488	1679.4
0.013328	1683.4
0.01317	1687.4
0.013012	1691.4
0.012856	1695.5
0.0127	1699.5
0.012546	1703.5
0.012393	1707.5
0.012241	1711.6
0.01209	1715.6
0.01194	1719.6
0.011791	1723.7
0.011643	1727.7
0.011496	1731.7
0.011351	1735.7
0.011206	1739.8
0.011063	1743.8
0.010921	1747.8
0.01078	1751.8
0.01064	1755.9
0.010501	1759.9
0.010364	1763.9
0.010227	1768
0.010092	1772
0.0099576	1776
0.0098246	1780
0.0096927	1784.1
0.0095621	1788.1
0.0094325	1792.1
0.0093042	1796.1
0.009177	1800.2
0.009051	1804.2
0.0089261	1808.2
0.0088025	1812.2
0.00868	1816.3
0.0085586	1820.3
0.0084385	1824.3
0.0083195	1828.4
0.0082016	1832.4
0.008085	1836.4
0.0079695	1840.4
0.0078552	1844.5
0.007742	1848.5
0.00763	1852.5
0.0075192	1856.5
0.0074095	1860.6
0.007301	1864.6
0.0071936	1868.6
0.0070873	1872.7
0.0069822	1876.7
0.0068783	1880.7
0.0067755	1884.7
0.0066738	1888.8
0.0065732	1892.8
0.0064738	1896.8
0.0063754	1900.8
0.0062782	1904.9
0.0061821	1908.9
0.0060871	1912.9
0.0059932	1917
0.0059003	1921
0.0058086	1925
0.0057179	1929
0.0056284	1933.1
0.0055399	1937.1
0.0054524	1941.1
0.005366	1945.1
0.0052807	1949.2
0.0051964	1953.2
0.0051132	1957.2
0.0050309	1961.3
0.0049498	1965.3
0.0048696	1969.3
0.0047905	1973.3
0.0047123	1977.4
0.0046352	1981.4
0.0045591	1985.4
0.0044839	1989.4
0.0044098	1993.5
0.0043366	1997.5
0.0042644	2001.5
0.0041931	2005.6
0.0041228	2009.6
0.0040534	2013.6
0.003985	2017.6
0.0039175	2021.7
0.0038509	2025.7
0.0037852	2029.7
0.0037205	2033.7
0.0036566	2037.8
0.0035937	2041.8
0.0035316	2045.8
0.0034704	2049.9
0.00341	2053.9
0.0033505	2057.9
0.0032919	2061.9
0.0032341	2066
0.0031771	2070
0.003121	2074
0.0030657	2078
0.0030112	2082.1
0.0029575	2086.1
0.0029045	2090.1
0.0028524	2094.2
0.0028011	2098.2
0.0027505	2102.2
0.0027007	2106.2
0.0026516	2110.3
0.0026033	2114.3
0.0025557	2118.3
0.0025088	2122.3
0.0024627	2126.4
0.0024173	2130.4
0.0023726	2134.4
0.0023286	2138.5
0.0022852	2142.5
0.0022426	2146.5
0.0022006	2150.5
0.0021593	2154.6
0.0021187	2158.6
0.0020787	2162.6
0.0020393	2166.6
0.0020006	2170.7
0.0019626	2174.7
0.0019251	2178.7
0.0018882	2182.8
0.001852	2186.8
0.0018164	2190.8
0.0017813	2194.8
0.0017468	2198.9
0.0017129	2202.9
0.0016796	2206.9
0.0016468	2210.9
0.0016146	2215
0.001583	2219
0.0015518	2223
0.0015212	2227.1
0.0014912	2231.1
0.0014616	2235.1
0.0014325	2239.1
0.001404	2243.2
0.0013759	2247.2
0.0013484	2251.2
0.0013213	2255.2
0.0012947	2259.3
0.0012686	2263.3
0.0012429	2267.3
0.0012177	2271.4
0.0011929	2275.4
0.0011686	2279.4
0.0011447	2283.4
0.0011212	2287.5
0.0010982	2291.5
0.0010756	2295.5
0.0010534	2299.5
0.0010315	2303.6
0.0010101	2307.6
0.00098913	2311.6
0.0009685	2315.7
0.00094826	2319.7
0.00092838	2323.7
0.00090888	2327.7
0.00088975	2331.8
0.00087097	2335.8
0.00085254	2339.8
0.00083446	2343.8
0.00081673	2347.9
0.00079932	2351.9
0.00078225	2355.9
0.00076551	2360
0.00074909	2364
0.00073298	2368
0.00071718	2372
0.00070168	2376.1
0.00068649	2380.1
0.00067159	2384.1
0.00065699	2388.1
0.00064266	2392.2
0.00062862	2396.2
0.00061486	2400.2
0.00060136	2404.3
0.00058814	2408.3
0.00057517	2412.3
0.00056247	2416.3
0.00055001	2420.4
0.00053781	2424.4
0.00052585	2428.4
0.00051413	2432.4
0.00050265	2436.5
0.0004914	2440.5
0.00048038	2444.5
0.00046958	2448.6
0.000459	2452.6
0.00044864	2456.6
0.00043849	2460.6
0.00042855	2464.7
0.00041882	2468.7
0.00040928	2472.7
0.00039995	2476.7
0.0003908	2480.8
0.00038185	2484.8
0.00037308	2488.8
0.0003645	2492.9
0.0003561	2496.9
0.00034787	2500.9
0.00033982	2504.9
0.00033194	2509
0.00032422	2513
0.00031667	2517
0.00030928	2521
0.00030205	2525.1
0.00029497	2529.1
0.00028805	2533.1
0.00028127	2537.1
0.00027464	2541.2
0.00026816	2545.2
0.00026181	2549.2
0.0002556	2553.3
0.00024953	2557.3
0.00024359	2561.3
0.00023778	2565.3
0.0002321	2569.4
0.00022654	2573.4
0.00022111	2577.4
0.00021579	2581.4
0.0002106	2585.5
0.00020552	2589.5
0.00020055	2593.5
0.00019569	2597.6
0.00019094	2601.6
0.0001863	2605.6
0.00018177	2609.6
0.00017733	2613.7
0.000173	2617.7
0.00016876	2621.7
0.00016462	2625.7
0.00016057	2629.8
0.00015662	2633.8
0.00015276	2637.8
0.00014898	2641.9
0.00014529	2645.9
0.00014169	2649.9
0.00013817	2653.9
0.00013473	2658
0.00013137	2662
0.00012809	2666
0.00012488	2670
0.00012175	2674.1
0.00011869	2678.1
0.00011571	2682.1
0.00011279	2686.2
0.00010994	2690.2
0.00010716	2694.2
0.00010445	2698.2
0.00010179	2702.3
9.9206e-05	2706.3
9.6679e-05	2710.3
9.4212e-05	2714.3
9.1805e-05	2718.4
8.9454e-05	2722.4
8.716e-05	2726.4
8.4921e-05	2730.5
8.2735e-05	2734.5
8.0602e-05	2738.5
7.8521e-05	2742.5
7.649e-05	2746.6
7.4508e-05	2750.6
7.2574e-05	2754.6
7.0688e-05	2758.6
6.8847e-05	2762.7
6.7051e-05	2766.7
6.5299e-05	2770.7
6.359e-05	2774.8
6.1923e-05	2778.8
6.0297e-05	2782.8
5.8711e-05	2786.8
5.7164e-05	2790.9
5.5656e-05	2794.9
5.4185e-05	2798.9
5.2751e-05	2802.9
5.1352e-05	2807
4.9988e-05	2811
4.8658e-05	2815
4.7362e-05	2819.1
4.6098e-05	2823.1
4.4866e-05	2827.1
4.3665e-05	2831.1
4.2494e-05	2835.2
4.1352e-05	2839.2
4.024e-05	2843.2
3.9156e-05	2847.2
3.81e-05	2851.3
3.707e-05	2855.3
3.6067e-05	2859.3
3.5089e-05	2863.4
3.4136e-05	2867.4
3.3208e-05	2871.4
3.2304e-05	2875.4
3.1422e-05	2879.5
3.0564e-05	2883.5
2.9728e-05	2887.5
2.8913e-05	2891.5
2.812e-05	2895.6
2.7347e-05	2899.6
2.6594e-05	2903.6
2.5861e-05	2907.7
2.5147e-05	2911.7
2.4452e-05	2915.7
2.3775e-05	2919.7
2.3116e-05	2923.8
2.2474e-05	2927.8
2.1849e-05	2931.8
2.124e-05	2935.8
2.0647e-05	2939.9
2.0071e-05	2943.9
1.9509e-05	2947.9
1.8962e-05	2952
1.843e-05	2956
1.7913e-05	2960
1.7408e-05	2964
1.6918e-05	2968.1
1.644e-05	2972.1
1.5976e-05	2976.1
1.5524e-05	2980.1
1.5084e-05	2984.2
1.4655e-05	2988.2
1.4239e-05	2992.2
1.3833e-05	2996.3
1.3439e-05	3000.3
1.3055e-05	3004.3
1.2682e-05	3008.3
1.2319e-05	3012.4
1.1966e-05	3016.4
1.1622e-05	3020.4
1.1288e-05	3024.4
1.0963e-05	3028.5
1.0647e-05	3032.5
1.034e-05	3036.5
1.0041e-05	3040.6
9.75e-06	3044.6
9.4674e-06	3048.6
9.1925e-06	3052.6
8.9253e-06	3056.7
8.6654e-06	3060.7
8.4128e-06	3064.7
8.1673e-06	3068.7
7.9285e-06	3072.8
7.6965e-06	3076.8
7.4709e-06	3080.8
7.2516e-06	3084.9
7.0385e-06	3088.9
6.8314e-06	3092.9
6.6301e-06	3096.9
6.4344e-06	3101
6.2443e-06	3105
6.0596e-06	3109
5.8801e-06	3113
5.7057e-06	3117.1
5.5362e-06	3121.1
5.3715e-06	3125.1
5.2116e-06	3129.2
5.0562e-06	3133.2
4.9052e-06	3137.2
4.7586e-06	3141.2
4.6161e-06	3145.3
4.4777e-06	3149.3
4.3434e-06	3153.3
4.2128e-06	3157.3
4.0861e-06	3161.4
3.963e-06	3165.4
3.8434e-06	3169.4
3.7273e-06	3173.5
3.6146e-06	3177.5
3.5051e-06	3181.5
3.3989e-06	3185.5
3.2957e-06	3189.6
3.1955e-06	3193.6
3.0983e-06	3197.6
3.0039e-06	3201.6
2.9122e-06	3205.7
2.8232e-06	3209.7
2.7369e-06	3213.7
2.6531e-06	3217.8
2.5717e-06	3221.8
2.4928e-06	3225.8
2.4161e-06	3229.8
2.3418e-06	3233.9
2.2696e-06	3237.9
2.1996e-06	3241.9
2.1317e-06	3245.9
2.0657e-06	3250
2.0018e-06	3254
1.9397e-06	3258
1.8795e-06	3262
1.8211e-06	3266.1
1.7644e-06	3270.1
1.7094e-06	3274.1
1.6561e-06	3278.2
1.6044e-06	3282.2
1.5542e-06	3286.2
1.5056e-06	3290.2
1.4584e-06	3294.3
1.4126e-06	3298.3
1.3682e-06	3302.3
1.3252e-06	3306.3
1.2835e-06	3310.4
1.243e-06	3314.4
1.2038e-06	3318.4
1.1657e-06	3322.5
1.1288e-06	3326.5
1.0931e-06	3330.5
1.0584e-06	3334.5
1.0248e-06	3338.6
9.9223e-07	3342.6
9.6065e-07	3346.6
9.3004e-07	3350.6
9.0037e-07	3354.7
8.7161e-07	3358.7
8.4375e-07	3362.7
8.1674e-07	3366.8
7.9056e-07	3370.8
7.652e-07	3374.8
7.4062e-07	3378.8
7.168e-07	3382.9
6.9373e-07	3386.9
6.7137e-07	3390.9
6.4971e-07	3394.9
6.2872e-07	3399
6.0839e-07	3403
5.8869e-07	3407
5.6961e-07	3411.1
5.5113e-07	3415.1
5.3322e-07	3419.1
5.1588e-07	3423.1
4.9909e-07	3427.2
4.8282e-07	3431.2
4.6707e-07	3435.2
4.5181e-07	3439.2
4.3704e-07	3443.3
4.2273e-07	3447.3
4.0888e-07	3451.3
3.9546e-07	3455.4
3.8248e-07	3459.4
3.699e-07	3463.4
3.5773e-07	3467.4
3.4594e-07	3471.5
3.3453e-07	3475.5
3.2348e-07	3479.5
3.1279e-07	3483.5
3.0244e-07	3487.6
2.9242e-07	3491.6
2.8272e-07	3495.6
2.7333e-07	3499.7
2.6425e-07	3503.7
2.5546e-07	3507.7
2.4695e-07	3511.7
2.3872e-07	3515.8
2.3075e-07	3519.8
2.2304e-07	3523.8
2.1558e-07	3527.8
2.0836e-07	3531.9
2.0138e-07	3535.9
1.9462e-07	3539.9
1.8809e-07	3544
1.8176e-07	3548
1.7565e-07	3552
1.6973e-07	3556
1.64e-07	3560.1
1.5847e-07	3564.1
1.5311e-07	3568.1
1.4793e-07	3572.1
1.4292e-07	3576.2
1.3808e-07	3580.2
1.3339e-07	3584.2
1.2886e-07	3588.3
1.2448e-07	3592.3
1.2024e-07	3596.3
1.1614e-07	3600.3
1.1218e-07	3604.4
1.0835e-07	3608.4
1.0465e-07	3612.4
1.0107e-07	3616.4
9.7604e-08	3620.5
9.4258e-08	3624.5
9.1022e-08	3628.5
8.7895e-08	3632.6
8.4873e-08	3636.6
8.1951e-08	3640.6
7.9127e-08	3644.6
7.6398e-08	3648.7
7.376e-08	3652.7
7.1211e-08	3656.7
6.8747e-08	3660.7
6.6366e-08	3664.8
6.4066e-08	3668.8
6.1843e-08	3672.8
5.9695e-08	3676.9
5.7619e-08	3680.9
5.5614e-08	3684.9
5.3677e-08	3688.9
5.1805e-08	3693
4.9997e-08	3697
4.825e-08	3701
4.6563e-08	3705
4.4933e-08	3709.1
4.3358e-08	3713.1
4.1838e-08	3717.1
4.0369e-08	3721.2
3.895e-08	3725.2
3.758e-08	3729.2
3.6257e-08	3733.2
3.4979e-08	3737.3
3.3745e-08	3741.3
3.2554e-08	3745.3
3.1403e-08	3749.3
3.0292e-08	3753.4
2.922e-08	3757.4
2.8184e-08	3761.4
2.7184e-08	3765.5
2.6219e-08	3769.5
2.5287e-08	3773.5
2.4387e-08	3777.5
2.3519e-08	3781.6
2.2681e-08	3785.6
2.1872e-08	3789.6
2.1091e-08	3793.6
2.0337e-08	3797.7
1.9609e-08	3801.7
1.8907e-08	3805.7
1.8229e-08	3809.8
1.7575e-08	3813.8
1.6944e-08	3817.8
1.6335e-08	3821.8
1.5748e-08	3825.9
1.5181e-08	3829.9
1.4634e-08	3833.9
1.4106e-08	3837.9
1.3596e-08	3842
1.3105e-08	3846
1.2631e-08	3850
1.2174e-08	3854.1
1.1733e-08	3858.1
1.1307e-08	3862.1
1.0897e-08	3866.1
1.0501e-08	3870.2
1.0119e-08	3874.2
9.7506e-09	3878.2
9.3953e-09	3882.2
9.0527e-09	3886.3
8.7223e-09	3890.3
8.4037e-09	3894.3
8.0965e-09	3898.4
7.8002e-09	3902.4
7.5145e-09	3906.4
7.239e-09	3910.4
6.9734e-09	3914.5
6.7173e-09	3918.5
6.4704e-09	3922.5
6.2323e-09	3926.5
6.0028e-09	3930.6
5.7816e-09	3934.6
5.5683e-09	3938.6
5.3627e-09	3942.6
5.1646e-09	3946.7
4.9736e-09	3950.7
4.7895e-09	3954.7
4.612e-09	3958.8
4.441e-09	3962.8
4.2762e-09	3966.8
4.1173e-09	3970.8
3.9643e-09	3974.9
3.8167e-09	3978.9
3.6746e-09	3982.9
3.5376e-09	3986.9
3.4057e-09	3991
3.2785e-09	3995
3.156e-09	3999
3.0379e-09	4003.1
2.9242e-09	4007.1
2.8147e-09	4011.1
2.7091e-09	4015.1
2.6074e-09	4019.2
2.5095e-09	4023.2
2.4152e-09	4027.2
2.3243e-09	4031.2
2.2368e-09	4035.3
2.1525e-09	4039.3
2.0713e-09	4043.3
1.9931e-09	4047.4
1.9178e-09	4051.4
1.8453e-09	4055.4
1.7754e-09	4059.4
1.7082e-09	4063.5
1.6434e-09	4067.5
1.5811e-09	4071.5
1.5211e-09	4075.5
1.4633e-09	4079.6
1.4076e-09	4083.6
1.354e-09	4087.6
1.3024e-09	4091.7
1.2528e-09	4095.7
1.205e-09	4099.7
1.159e-09	4103.7
1.1147e-09	4107.8
1.072e-09	4111.8
1.031e-09	4115.8
9.9149e-10	4119.8
9.5347e-10	4123.9
9.1688e-10	4127.9
8.8167e-10	4131.9
8.4778e-10	4136
8.1517e-10	4140
7.8379e-10	4144
7.5359e-10	4148
7.2453e-10	4152.1
6.9657e-10	4156.1
6.6967e-10	4160.1
6.4378e-10	4164.1
6.1888e-10	4168.2
5.9492e-10	4172.2
5.7187e-10	4176.2
5.497e-10	4180.3
5.2837e-10	4184.3
5.0785e-10	4188.3
4.8811e-10	4192.3
4.6913e-10	4196.4
4.5087e-10	4200.4
4.333e-10	4204.4
4.1641e-10	4208.4
4.0016e-10	4212.5
3.8454e-10	4216.5
3.6951e-10	4220.5
3.5506e-10	4224.6
3.4116e-10	4228.6
3.278e-10	4232.6
3.1495e-10	4236.6
3.0259e-10	4240.7
2.9071e-10	4244.7
2.7929e-10	4248.7
2.6831e-10	4252.7
2.5775e-10	4256.8
2.476e-10	4260.8
2.3785e-10	4264.8
2.2846e-10	4268.9
2.1945e-10	4272.9
2.1078e-10	4276.9
2.0245e-10	4280.9
1.9444e-10	4285
1.8674e-10	4289
1.7934e-10	4293
1.7223e-10	4297
1.654e-10	4301.1
1.5883e-10	4305.1
1.5252e-10	4309.1
1.4645e-10	4313.2
1.4063e-10	4317.2
1.3503e-10	4321.2
1.2964e-10	4325.2
1.2447e-10	4329.3
1.1951e-10	4333.3
1.1473e-10	4337.3
1.1015e-10	4341.3
1.0574e-10	4345.4
1.0151e-10	4349.4
9.744e-11	4353.4
9.3533e-11	4357.5
8.9781e-11	4361.5
8.6176e-11	4365.5
8.2714e-11	4369.5
7.9388e-11	4373.6
7.6194e-11	4377.6
7.3126e-11	4381.6
7.0179e-11	4385.6
6.7349e-11	4389.7
6.4631e-11	4393.7
6.2021e-11	4397.7
5.9515e-11	4401.8
5.7108e-11	4405.8
5.4797e-11	4409.8
5.2578e-11	4413.8
5.0447e-11	4417.9
4.8401e-11	4421.9
4.6436e-11	4425.9
4.455e-11	4429.9
4.274e-11	4434
4.1002e-11	4438
3.9333e-11	4442
3.7731e-11	4446.1
3.6193e-11	4450.1
3.4716e-11	4454.1
3.33e-11	4458.1
3.1939e-11	4462.2
3.0634e-11	4466.2
2.9381e-11	4470.2
2.8178e-11	4474.2
2.7024e-11	4478.3
2.5917e-11	4482.3
2.4854e-11	4486.3
2.3834e-11	4490.4
2.2855e-11	4494.4
2.1915e-11	4498.4
2.1014e-11	4502.4
2.0149e-11	4506.5
1.9319e-11	4510.5
1.8523e-11	4514.5
1.7759e-11	4518.5
1.7026e-11	4522.6
1.6323e-11	4526.6
1.5648e-11	4530.6
1.5001e-11	4534.7
1.438e-11	4538.7
1.3785e-11	4542.7
1.3214e-11	4546.7
1.2666e-11	4550.8
1.214e-11	4554.8
1.1636e-11	4558.8
1.1152e-11	4562.8
1.0689e-11	4566.9
1.0244e-11	4570.9
9.8175e-12	4574.9
9.4084e-12	4579
9.0162e-12	4583
8.6401e-12	4587
8.2794e-12	4591
7.9335e-12	4595.1
7.6019e-12	4599.1
7.2839e-12	4603.1
6.979e-12	4607.1
6.6867e-12	4611.2
6.4065e-12	4615.2
6.1378e-12	4619.2
5.8802e-12	4623.3
5.6333e-12	4627.3
5.3966e-12	4631.3
5.1697e-12	4635.3
4.9522e-12	4639.4
4.7437e-12	4643.4
4.5439e-12	4647.4
4.3524e-12	4651.4
4.1688e-12	4655.5
3.9928e-12	4659.5
3.8242e-12	4663.5
3.6627e-12	4667.5
3.5078e-12	4671.6
3.3594e-12	4675.6
3.2172e-12	4679.6
3.081e-12	4683.7
2.9504e-12	4687.7
2.8254e-12	4691.7
2.7055e-12	4695.7
2.5907e-12	4699.8
2.4807e-12	4703.8
2.3754e-12	4707.8
2.2744e-12	4711.8
2.1777e-12	4715.9
2.0851e-12	4719.9
1.9964e-12	4723.9
1.9115e-12	4728
1.8301e-12	4732
1.7522e-12	4736
1.6776e-12	4740
1.6061e-12	4744.1
1.5377e-12	4748.1
1.4722e-12	4752.1
1.4095e-12	4756.1
1.3495e-12	4760.2
1.292e-12	4764.2
1.237e-12	4768.2
1.1843e-12	4772.3
1.1339e-12	4776.3
1.0857e-12	4780.3
1.0395e-12	4784.3
9.9533e-13	4788.4
9.5308e-13	4792.4
9.1265e-13	4796.4
8.7398e-13	4800.4
8.3699e-13	4804.5
8.0162e-13	4808.5
7.678e-13	4812.5
7.3546e-13	4816.6
7.0454e-13	4820.6
6.75e-13	4824.6
6.4676e-13	4828.6
6.1978e-13	4832.7
5.9401e-13	4836.7
5.694e-13	4840.7
5.459e-13	4844.7
5.2347e-13	4848.8
5.0206e-13	4852.8
4.8163e-13	4856.8
4.6216e-13	4860.9
4.4358e-13	4864.9
4.2589e-13	4868.9
4.0903e-13	4872.9
3.9298e-13	4877
3.7771e-13	4881
3.6318e-13	4885
3.4937e-13	4889
3.3626e-13	4893.1
3.2382e-13	4897.1
3.1201e-13	4901.1
3.0083e-13	4905.2
2.9026e-13	4909.2
2.8026e-13	4913.2
2.7082e-13	4917.2
2.6192e-13	4921.3
2.5355e-13	4925.3
2.4569e-13	4929.3
2.3832e-13	4933.3
2.3143e-13	4937.4
2.2501e-13	4941.4
2.1904e-13	4945.4
2.1351e-13	4949.5
2.0842e-13	4953.5
2.0375e-13	4957.5
1.9949e-13	4961.5
1.9563e-13	4965.6
1.9218e-13	4969.6
1.8912e-13	4973.6
1.8644e-13	4977.6
1.8414e-13	4981.7
1.8222e-13	4985.7
1.8067e-13	4989.7
1.7949e-13	4993.8
1.7868e-13	4997.8
1.7824e-13	5001.8
1.7816e-13	5005.8
1.7846e-13	5009.9
1.7912e-13	5013.9
1.8014e-13	5017.9
1.8155e-13	5021.9
1.8332e-13	5026
1.8548e-13	5030
