1.2698e-11	0
0.00010471	3.4107
0.00020947	6.8215
0.00031431	10.232
0.00041928	13.643
0.00052443	17.054
0.00062979	20.464
0.00073541	23.875
0.00084134	27.286
0.00094761	30.697
0.0010543	34.107
0.0011613	37.518
0.0012689	40.929
0.0013769	44.339
0.0014855	47.75
0.0015946	51.161
0.0017043	54.572
0.0018146	57.982
0.0019256	61.393
0.0020372	64.804
0.0021495	68.215
0.0022626	71.625
0.0023763	75.036
0.0024908	78.447
0.0026061	81.857
0.0027221	85.268
0.002839	88.679
0.0029566	92.09
0.0030751	95.5
0.0031944	98.911
0.0033146	102.32
0.0034356	105.73
0.0035575	109.14
0.0036803	112.55
0.003804	115.96
0.0039286	119.38
0.0040542	122.79
0.0041807	126.2
0.0043081	129.61
0.0044365	133.02
0.0045658	136.43
0.0046962	139.84
0.0048275	143.25
0.0049597	146.66
0.005093	150.07
0.0052273	153.48
0.0053625	156.89
0.0054987	160.3
0.005636	163.71
0.0057742	167.13
0.0059134	170.54
0.0060535	173.95
0.0061947	177.36
0.0063369	180.77
0.0064801	184.18
0.0066242	187.59
0.0067693	191
0.0069155	194.41
0.0070626	197.82
0.0072107	201.23
0.0073598	204.64
0.0075099	208.05
0.007661	211.47
0.0078131	214.88
0.0079662	218.29
0.0081203	221.7
0.0082754	225.11
0.0084315	228.52
0.0085885	231.93
0.0087466	235.34
0.0089057	238.75
0.0090658	242.16
0.0092269	245.57
0.009389	248.98
0.0095521	252.39
0.0097162	255.8
0.0098813	259.22
0.010047	262.63
0.010214	266.04
0.010382	269.45
0.010551	272.86
0.010721	276.27
0.010892	279.68
0.011064	283.09
0.011237	286.5
0.011411	289.91
0.011585	293.32
0.011761	296.73
0.011937	300.14
0.012115	303.55
0.012293	306.97
0.012472	310.38
0.012652	313.79
0.012832	317.2
0.013014	320.61
0.013196	324.02
0.013379	327.43
0.013562	330.84
0.013747	334.25
0.013932	337.66
0.014117	341.07
0.014304	344.48
0.01449	347.89
0.014678	351.31
0.014866	354.72
0.015054	358.13
0.015243	361.54
0.015432	364.95
0.015622	368.36
0.015812	371.77
0.016003	375.18
0.016194	378.59
0.016385	382
0.016576	385.41
0.016768	388.82
0.01696	392.23
0.017152	395.64
0.017344	399.06
0.017536	402.47
0.017728	405.88
0.01792	409.29
0.018113	412.7
0.018305	416.11
0.018497	419.52
0.018689	422.93
0.018881	426.34
0.019072	429.75
0.019264	433.16
0.019455	436.57
0.019646	439.98
0.019837	443.39
0.020027	446.81
0.020217	450.22
0.020407	453.63
0.020596	457.04
0.020785	460.45
0.020973	463.86
0.021161	467.27
0.021348	470.68
0.021535	474.09
0.021721	477.5
0.021906	480.91
0.022091	484.32
0.022275	487.73
0.022458	491.14
0.022641	494.56
0.022822	497.97
0.023003	501.38
0.023184	504.79
0.023363	508.2
0.023542	511.61
0.02372	515.02
0.023896	518.43
0.024072	521.84
0.024248	525.25
0.024422	528.66
0.024595	532.07
0.024767	535.48
0.024938	538.9
0.025108	542.31
0.025277	545.72
0.025445	549.13
0.025612	552.54
0.025778	555.95
0.025943	559.36
0.026106	562.77
0.026269	566.18
0.02643	569.59
0.02659	573
0.026748	576.41
0.026906	579.82
0.027062	583.23
0.027217	586.65
0.027371	590.06
0.027524	593.47
0.027675	596.88
0.027825	600.29
0.027974	603.7
0.028121	607.11
0.028267	610.52
0.028412	613.93
0.028555	617.34
0.028697	620.75
0.028837	624.16
0.028977	627.57
0.029114	630.98
0.029251	634.4
0.029385	637.81
0.029519	641.22
0.029651	644.63
0.029781	648.04
0.02991	651.45
0.030037	654.86
0.030163	658.27
0.030288	661.68
0.030411	665.09
0.030532	668.5
0.030652	671.91
0.03077	675.32
0.030887	678.73
0.031002	682.15
0.031116	685.56
0.031228	688.97
0.031338	692.38
0.031447	695.79
0.031554	699.2
0.03166	702.61
0.031764	706.02
0.031866	709.43
0.031967	712.84
0.032066	716.25
0.032163	719.66
0.032259	723.07
0.032353	726.49
0.032445	729.9
0.032536	733.31
0.032625	736.72
0.032712	740.13
0.032797	743.54
0.032881	746.95
0.032963	750.36
0.033043	753.77
0.033122	757.18
0.033199	760.59
0.033274	764
0.033347	767.41
0.033418	770.82
0.033488	774.24
0.033556	777.65
0.033622	781.06
0.033687	784.47
0.033749	787.88
0.03381	791.29
0.033869	794.7
0.033926	798.11
0.033982	801.52
0.034035	804.93
0.034087	808.34
0.034137	811.75
0.034185	815.16
0.034231	818.57
0.034276	821.99
0.034318	825.4
0.034359	828.81
0.034398	832.22
0.034435	835.63
0.03447	839.04
0.034503	842.45
0.034535	845.86
0.034564	849.27
0.034592	852.68
0.034618	856.09
0.034642	859.5
0.034664	862.91
0.034685	866.33
0.034703	869.74
0.03472	873.15
0.034735	876.56
0.034748	879.97
0.034759	883.38
0.034768	886.79
0.034776	890.2
0.034781	893.61
0.034785	897.02
0.034787	900.43
0.034787	903.84
0.034786	907.25
0.034782	910.66
0.034776	914.08
0.034769	917.49
0.03476	920.9
0.034749	924.31
0.034737	927.72
0.034722	931.13
0.034706	934.54
0.034688	937.95
0.034668	941.36
0.034646	944.77
0.034623	948.18
0.034598	951.59
0.034571	955
0.034542	958.41
0.034512	961.83
0.03448	965.24
0.034446	968.65
0.034411	972.06
0.034374	975.47
0.034335	978.88
0.034294	982.29
0.034252	985.7
0.034208	989.11
0.034163	992.52
0.034116	995.93
0.034067	999.34
0.034017	1002.8
0.033965	1006.2
0.033911	1009.6
0.033856	1013
0.0338	1016.4
0.033741	1019.8
0.033682	1023.2
0.03362	1026.6
0.033557	1030
0.033493	1033.5
0.033427	1036.9
0.03336	1040.3
0.033291	1043.7
0.033221	1047.1
0.033149	1050.5
0.033076	1053.9
0.033002	1057.3
0.032926	1060.7
0.032849	1064.1
0.032771	1067.6
0.032691	1071
0.03261	1074.4
0.032527	1077.8
0.032443	1081.2
0.032358	1084.6
0.032272	1088
0.032185	1091.4
0.032096	1094.8
0.032006	1098.3
0.031915	1101.7
0.031823	1105.1
0.031729	1108.5
0.031635	1111.9
0.031539	1115.3
0.031442	1118.7
0.031344	1122.1
0.031245	1125.5
0.031145	1129
0.031044	1132.4
0.030941	1135.8
0.030838	1139.2
0.030734	1142.6
0.030629	1146
0.030523	1149.4
0.030416	1152.8
0.030308	1156.2
0.030199	1159.6
0.030089	1163.1
0.029978	1166.5
0.029867	1169.9
0.029754	1173.3
0.029641	1176.7
0.029527	1180.1
0.029412	1183.5
0.029297	1186.9
0.02918	1190.3
0.029063	1193.8
0.028946	1197.2
0.028827	1200.6
0.028708	1204
0.028588	1207.4
0.028467	1210.8
0.028346	1214.2
0.028224	1217.6
0.028102	1221
0.027979	1224.5
0.027855	1227.9
0.027731	1231.3
0.027606	1234.7
0.027481	1238.1
0.027355	1241.5
0.027229	1244.9
0.027102	1248.3
0.026975	1251.7
0.026847	1255.1
0.026719	1258.6
0.026591	1262
0.026462	1265.4
0.026332	1268.8
0.026203	1272.2
0.026072	1275.6
0.025942	1279
0.025811	1282.4
0.02568	1285.8
0.025549	1289.3
0.025417	1292.7
0.025285	1296.1
0.025153	1299.5
0.02502	1302.9
0.024887	1306.3
0.024754	1309.7
0.024621	1313.1
0.024488	1316.5
0.024354	1320
0.024221	1323.4
0.024087	1326.8
0.023953	1330.2
0.023818	1333.6
0.023684	1337
0.02355	1340.4
0.023415	1343.8
0.023281	1347.2
0.023146	1350.6
0.023011	1354.1
0.022877	1357.5
0.022742	1360.9
0.022607	1364.3
0.022472	1367.7
0.022338	1371.1
0.022203	1374.5
0.022068	1377.9
0.021933	1381.3
0.021799	1384.8
0.021664	1388.2
0.02153	1391.6
0.021395	1395
0.021261	1398.4
0.021127	1401.8
0.020992	1405.2
0.020858	1408.6
0.020725	1412
0.020591	1415.5
0.020457	1418.9
0.020324	1422.3
0.020191	1425.7
0.020058	1429.1
0.019925	1432.5
0.019792	1435.9
0.01966	1439.3
0.019527	1442.7
0.019395	1446.1
0.019263	1449.6
0.019132	1453
0.019001	1456.4
0.01887	1459.8
0.018739	1463.2
0.018608	1466.6
0.018478	1470
0.018348	1473.4
0.018219	1476.8
0.018089	1480.3
0.01796	1483.7
0.017832	1487.1
0.017704	1490.5
0.017576	1493.9
0.017448	1497.3
0.017321	1500.7
0.017194	1504.1
0.017067	1507.5
0.016941	1511
0.016815	1514.4
0.01669	1517.8
0.016565	1521.2
0.01644	1524.6
0.016316	1528
0.016192	1531.4
0.016069	1534.8
0.015946	1538.2
0.015823	1541.6
0.015701	1545.1
0.015579	1548.5
0.015458	1551.9
0.015337	1555.3
0.015217	1558.7
0.015097	1562.1
0.014978	1565.5
0.014859	1568.9
0.01474	1572.3
0.014622	1575.8
0.014505	1579.2
0.014388	1582.6
0.014271	1586
0.014155	1589.4
0.014039	1592.8
0.013924	1596.2
0.01381	1599.6
0.013696	1603
0.013582	1606.5
0.013469	1609.9
0.013357	1613.3
0.013245	1616.7
0.013133	1620.1
0.013022	1623.5
0.012912	1626.9
0.012802	1630.3
0.012693	1633.7
0.012584	1637.1
0.012476	1640.6
0.012368	1644
0.012261	1647.4
0.012154	1650.8
0.012048	1654.2
0.011942	1657.6
0.011837	1661
0.011733	1664.4
0.011629	1667.8
0.011526	1671.3
0.011423	1674.7
0.011321	1678.1
0.011219	1681.5
0.011118	1684.9
0.011018	1688.3
0.010918	1691.7
0.010819	1695.1
0.01072	1698.5
0.010622	1702
0.010524	1705.4
0.010427	1708.8
0.010331	1712.2
0.010235	1715.6
0.01014	1719
0.010045	1722.4
0.0099508	1725.8
0.0098572	1729.2
0.0097643	1732.7
0.0096719	1736.1
0.0095801	1739.5
0.0094889	1742.9
0.0093982	1746.3
0.0093082	1749.7
0.0092187	1753.1
0.0091299	1756.5
0.0090415	1759.9
0.0089538	1763.3
0.0088667	1766.8
0.0087801	1770.2
0.0086942	1773.6
0.0086088	1777
0.0085239	1780.4
0.0084397	1783.8
0.0083561	1787.2
0.008273	1790.6
0.0081905	1794
0.0081086	1797.5
0.0080272	1800.9
0.0079465	1804.3
0.0078663	1807.7
0.0077867	1811.1
0.0077076	1814.5
0.0076292	1817.9
0.0075513	1821.3
0.007474	1824.7
0.0073973	1828.2
0.0073211	1831.6
0.0072455	1835
0.0071705	1838.4
0.007096	1841.8
0.0070221	1845.2
0.0069488	1848.6
0.006876	1852
0.0068038	1855.4
0.0067321	1858.8
0.006661	1862.3
0.0065905	1865.7
0.0065205	1869.1
0.0064511	1872.5
0.0063822	1875.9
0.0063139	1879.3
0.0062461	1882.7
0.0061789	1886.1
0.0061122	1889.5
0.006046	1893
0.0059804	1896.4
0.0059154	1899.8
0.0058508	1903.2
0.0057868	1906.6
0.0057234	1910
0.0056604	1913.4
0.005598	1916.8
0.0055361	1920.2
0.0054748	1923.7
0.0054139	1927.1
0.0053536	1930.5
0.0052938	1933.9
0.0052345	1937.3
0.0051758	1940.7
0.0051175	1944.1
0.0050597	1947.5
0.0050025	1950.9
0.0049457	1954.3
0.0048895	1957.8
0.0048338	1961.2
0.0047785	1964.6
0.0047238	1968
0.0046695	1971.4
0.0046158	1974.8
0.0045625	1978.2
0.0045097	1981.6
0.0044574	1985
0.0044056	1988.5
0.0043542	1991.9
0.0043034	1995.3
0.004253	1998.7
0.004203	2002.1
0.0041536	2005.5
0.0041046	2008.9
0.004056	2012.3
0.004008	2015.7
0.0039604	2019.2
0.0039132	2022.6
0.0038665	2026
0.0038202	2029.4
0.0037744	2032.8
0.003729	2036.2
0.0036841	2039.6
0.0036396	2043
0.0035956	2046.4
0.003552	2049.8
0.0035088	2053.3
0.003466	2056.7
0.0034237	2060.1
0.0033818	2063.5
0.0033403	2066.9
0.0032992	2070.3
0.0032585	2073.7
0.0032183	2077.1
0.0031784	2080.5
0.003139	2084
0.0030999	2087.4
0.0030613	2090.8
0.003023	2094.2
0.0029852	2097.6
0.0029477	2101
0.0029106	2104.4
0.0028739	2107.8
0.0028376	2111.2
0.0028017	2114.7
0.0027662	2118.1
0.002731	2121.5
0.0026962	2124.9
0.0026618	2128.3
0.0026277	2131.7
0.002594	2135.1
0.0025607	2138.5
0.0025277	2141.9
0.0024951	2145.3
0.0024628	2148.8
0.0024309	2152.2
0.0023993	2155.6
0.0023681	2159
0.0023372	2162.4
0.0023067	2165.8
0.0022765	2169.2
0.0022466	2172.6
0.002217	2176
0.0021878	2179.5
0.0021589	2182.9
0.0021304	2186.3
0.0021021	2189.7
0.0020742	2193.1
0.0020466	2196.5
0.0020193	2199.9
0.0019923	2203.3
0.0019656	2206.7
0.0019393	2210.2
0.0019132	2213.6
0.0018874	2217
0.0018619	2220.4
0.0018368	2223.8
0.0018119	2227.2
0.0017873	2230.6
0.001763	2234
0.0017389	2237.4
0.0017152	2240.8
0.0016917	2244.3
0.0016685	2247.7
0.0016456	2251.1
0.001623	2254.5
0.0016006	2257.9
0.0015785	2261.3
0.0015566	2264.7
0.001535	2268.1
0.0015137	2271.5
0.0014926	2275
0.0014718	2278.4
0.0014512	2281.8
0.0014309	2285.2
0.0014108	2288.6
0.001391	2292
0.0013714	2295.4
0.0013521	2298.8
0.001333	2302.2
0.0013141	2305.7
0.0012955	2309.1
0.001277	2312.5
0.0012589	2315.9
0.0012409	2319.3
0.0012232	2322.7
0.0012057	2326.1
0.0011884	2329.5
0.0011713	2332.9
0.0011544	2336.3
0.0011378	2339.8
0.0011214	2343.2
0.0011051	2346.6
0.0010891	2350
0.0010733	2353.4
0.0010577	2356.8
0.0010423	2360.2
0.001027	2363.6
0.001012	2367
0.0009972	2370.5
0.00098257	2373.9
0.00096812	2377.3
0.00095386	2380.7
0.00093979	2384.1
0.00092591	2387.5
0.0009122	2390.9
0.00089867	2394.3
0.00088532	2397.7
0.00087215	2401.2
0.00085915	2404.6
0.00084632	2408
0.00083367	2411.4
0.00082118	2414.8
0.00080886	2418.2
0.0007967	2421.6
0.0007847	2425
0.00077287	2428.4
0.0007612	2431.8
0.00074968	2435.3
0.00073832	2438.7
0.00072711	2442.1
0.00071605	2445.5
0.00070514	2448.9
0.00069439	2452.3
0.00068378	2455.7
0.00067331	2459.1
0.00066299	2462.5
0.00065281	2466
0.00064276	2469.4
0.00063286	2472.8
0.0006231	2476.2
0.00061347	2479.6
0.00060397	2483
0.0005946	2486.4
0.00058537	2489.8
0.00057626	2493.2
0.00056728	2496.7
0.00055843	2500.1
0.0005497	2503.5
0.0005411	2506.9
0.00053261	2510.3
0.00052425	2513.7
0.000516	2517.1
0.00050787	2520.5
0.00049986	2523.9
0.00049196	2527.3
0.00048417	2530.8
0.0004765	2534.2
0.00046893	2537.6
0.00046148	2541
0.00045413	2544.4
0.00044688	2547.8
0.00043974	2551.2
0.00043271	2554.6
0.00042578	2558
0.00041894	2561.5
0.00041221	2564.9
0.00040557	2568.3
0.00039904	2571.7
0.00039259	2575.1
0.00038625	2578.5
0.00037999	2581.9
0.00037383	2585.3
0.00036776	2588.7
0.00036178	2592.2
0.00035588	2595.6
0.00035008	2599
0.00034436	2602.4
0.00033873	2605.8
0.00033318	2609.2
0.00032771	2612.6
0.00032232	2616
0.00031702	2619.4
0.0003118	2622.9
0.00030665	2626.3
0.00030158	2629.7
0.00029659	2633.1
0.00029168	2636.5
0.00028683	2639.9
0.00028207	2643.3
0.00027737	2646.7
0.00027275	2650.1
0.00026819	2653.5
0.00026371	2657
0.0002593	2660.4
0.00025495	2663.8
0.00025067	2667.2
0.00024646	2670.6
0.00024231	2674
0.00023822	2677.4
0.0002342	2680.8
0.00023024	2684.2
0.00022635	2687.7
0.00022251	2691.1
0.00021873	2694.5
0.00021501	2697.9
0.00021135	2701.3
0.00020775	2704.7
0.00020421	2708.1
0.00020072	2711.5
0.00019728	2714.9
0.0001939	2718.4
0.00019057	2721.8
0.0001873	2725.2
0.00018408	2728.6
0.0001809	2732
0.00017778	2735.4
0.00017471	2738.8
0.00017169	2742.2
0.00016871	2745.6
0.00016579	2749
0.00016291	2752.5
0.00016007	2755.9
0.00015729	2759.3
0.00015454	2762.7
0.00015185	2766.1
0.00014919	2769.5
0.00014658	2772.9
0.00014401	2776.3
0.00014148	2779.7
0.00013899	2783.2
0.00013655	2786.6
0.00013414	2790
0.00013178	2793.4
0.00012945	2796.8
0.00012716	2800.2
0.00012491	2803.6
0.00012269	2807
0.00012051	2810.4
0.00011837	2813.9
0.00011626	2817.3
0.00011419	2820.7
0.00011215	2824.1
0.00011015	2827.5
0.00010818	2830.9
0.00010624	2834.3
0.00010433	2837.7
0.00010246	2841.1
0.00010062	2844.5
9.8804e-05	2848
9.7023e-05	2851.4
9.5272e-05	2854.8
9.355e-05	2858.2
9.1857e-05	2861.6
9.0193e-05	2865
8.8557e-05	2868.4
8.6949e-05	2871.8
8.5368e-05	2875.2
8.3814e-05	2878.7
8.2286e-05	2882.1
8.0784e-05	2885.5
7.9308e-05	2888.9
7.7858e-05	2892.3
7.6432e-05	2895.7
7.503e-05	2899.1
7.3653e-05	2902.5
7.2299e-05	2905.9
7.0968e-05	2909.4
6.9661e-05	2912.8
6.8376e-05	2916.2
6.7113e-05	2919.6
6.5872e-05	2923
6.4652e-05	2926.4
6.3454e-05	2929.8
6.2277e-05	2933.2
6.112e-05	2936.6
5.9983e-05	2940
5.8866e-05	2943.5
5.7768e-05	2946.9
5.669e-05	2950.3
5.5631e-05	2953.7
5.459e-05	2957.1
5.3567e-05	2960.5
5.2563e-05	2963.9
5.1576e-05	2967.3
5.0607e-05	2970.7
4.9655e-05	2974.2
4.8719e-05	2977.6
4.78e-05	2981
4.6898e-05	2984.4
4.6011e-05	2987.8
4.514e-05	2991.2
4.4285e-05	2994.6
4.3445e-05	2998
4.262e-05	3001.4
4.181e-05	3004.9
4.1014e-05	3008.3
4.0233e-05	3011.7
3.9465e-05	3015.1
3.8711e-05	3018.5
3.7971e-05	3021.9
3.7245e-05	3025.3
3.6531e-05	3028.7
3.583e-05	3032.1
3.5142e-05	3035.5
3.4466e-05	3039
3.3803e-05	3042.4
3.3152e-05	3045.8
3.2512e-05	3049.2
3.1884e-05	3052.6
3.1268e-05	3056
3.0663e-05	3059.4
3.0069e-05	3062.8
2.9486e-05	3066.2
2.8913e-05	3069.7
2.8351e-05	3073.1
2.78e-05	3076.5
2.7258e-05	3079.9
2.6727e-05	3083.3
2.6205e-05	3086.7
2.5693e-05	3090.1
2.519e-05	3093.5
2.4697e-05	3096.9
2.4213e-05	3100.4
2.3738e-05	3103.8
2.3271e-05	3107.2
2.2814e-05	3110.6
2.2364e-05	3114
2.1924e-05	3117.4
2.1491e-05	3120.8
2.1067e-05	3124.2
2.065e-05	3127.6
2.0241e-05	3131
1.984e-05	3134.5
1.9447e-05	3137.9
1.9061e-05	3141.3
1.8682e-05	3144.7
1.831e-05	3148.1
1.7946e-05	3151.5
1.7588e-05	3154.9
1.7237e-05	3158.3
1.6893e-05	3161.7
1.6555e-05	3165.2
1.6223e-05	3168.6
1.5898e-05	3172
1.5579e-05	3175.4
1.5267e-05	3178.8
1.496e-05	3182.2
1.4659e-05	3185.6
1.4364e-05	3189
1.4074e-05	3192.4
1.379e-05	3195.9
1.3511e-05	3199.3
1.3238e-05	3202.7
1.297e-05	3206.1
1.2707e-05	3209.5
1.245e-05	3212.9
1.2197e-05	3216.3
1.1949e-05	3219.7
1.1706e-05	3223.1
1.1468e-05	3226.5
1.1234e-05	3230
1.1005e-05	3233.4
1.078e-05	3236.8
1.0559e-05	3240.2
1.0343e-05	3243.6
1.0131e-05	3247
9.9237e-06	3250.4
9.72e-06	3253.8
9.5204e-06	3257.2
9.3246e-06	3260.7
9.1326e-06	3264.1
8.9444e-06	3267.5
8.76e-06	3270.9
8.5791e-06	3274.3
8.4018e-06	3277.7
8.228e-06	3281.1
8.0577e-06	3284.5
7.8907e-06	3287.9
7.727e-06	3291.4
7.5665e-06	3294.8
7.4092e-06	3298.2
7.2551e-06	3301.6
7.104e-06	3305
6.9559e-06	3308.4
6.8108e-06	3311.8
6.6685e-06	3315.2
6.5291e-06	3318.6
6.3925e-06	3322
6.2586e-06	3325.5
6.1274e-06	3328.9
5.9988e-06	3332.3
5.8728e-06	3335.7
5.7494e-06	3339.1
5.6284e-06	3342.5
5.5098e-06	3345.9
5.3937e-06	3349.3
5.2798e-06	3352.7
5.1683e-06	3356.2
5.059e-06	3359.6
4.952e-06	3363
4.8471e-06	3366.4
4.7443e-06	3369.8
4.6437e-06	3373.2
4.545e-06	3376.6
4.4484e-06	3380
4.3538e-06	3383.4
4.261e-06	3386.9
4.1702e-06	3390.3
4.0812e-06	3393.7
3.9941e-06	3397.1
3.9087e-06	3400.5
3.8251e-06	3403.9
3.7432e-06	3407.3
3.6629e-06	3410.7
3.5843e-06	3414.1
3.5074e-06	3417.6
3.432e-06	3421
3.3582e-06	3424.4
3.2859e-06	3427.8
3.2151e-06	3431.2
3.1457e-06	3434.6
3.0778e-06	3438
3.0113e-06	3441.4
2.9462e-06	3444.8
2.8824e-06	3448.2
2.82e-06	3451.7
2.7588e-06	3455.1
2.6989e-06	3458.5
2.6403e-06	3461.9
2.5829e-06	3465.3
2.5267e-06	3468.7
2.4717e-06	3472.1
2.4178e-06	3475.5
2.365e-06	3478.9
2.3134e-06	3482.4
2.2628e-06	3485.8
2.2133e-06	3489.2
2.1649e-06	3492.6
2.1174e-06	3496
2.071e-06	3499.4
2.0255e-06	3502.8
1.9811e-06	3506.2
1.9375e-06	3509.6
1.8949e-06	3513.1
1.8531e-06	3516.5
1.8123e-06	3519.9
1.7723e-06	3523.3
1.7331e-06	3526.7
1.6948e-06	3530.1
1.6573e-06	3533.5
1.6207e-06	3536.9
1.5847e-06	3540.3
1.5496e-06	3543.7
1.5152e-06	3547.2
1.4815e-06	3550.6
1.4486e-06	3554
1.4164e-06	3557.4
1.3848e-06	3560.8
1.3539e-06	3564.2
1.3237e-06	3567.6
1.2942e-06	3571
1.2653e-06	3574.4
1.237e-06	3577.9
1.2093e-06	3581.3
1.1822e-06	3584.7
1.1557e-06	3588.1
1.1297e-06	3591.5
1.1044e-06	3594.9
1.0795e-06	3598.3
1.0553e-06	3601.7
1.0315e-06	3605.1
1.0083e-06	3608.6
9.8551e-07	3612
9.6327e-07	3615.4
9.415e-07	3618.8
9.2022e-07	3622.2
8.994e-07	3625.6
8.7903e-07	3629
8.5911e-07	3632.4
8.3962e-07	3635.8
8.2056e-07	3639.2
8.0192e-07	3642.7
7.8368e-07	3646.1
7.6585e-07	3649.5
7.4841e-07	3652.9
7.3135e-07	3656.3
7.1467e-07	3659.7
6.9836e-07	3663.1
6.824e-07	3666.5
6.668e-07	3669.9
6.5154e-07	3673.4
6.3662e-07	3676.8
6.2203e-07	3680.2
6.0777e-07	3683.6
5.9382e-07	3687
5.8018e-07	3690.4
5.6684e-07	3693.8
5.538e-07	3697.2
5.4105e-07	3700.6
5.2859e-07	3704.1
5.164e-07	3707.5
5.0449e-07	3710.9
4.9284e-07	3714.3
4.8145e-07	3717.7
4.7032e-07	3721.1
4.5944e-07	3724.5
4.488e-07	3727.9
4.384e-07	3731.3
4.2824e-07	3734.7
4.183e-07	3738.2
4.0859e-07	3741.6
3.9909e-07	3745
3.8981e-07	3748.4
3.8074e-07	3751.8
3.7188e-07	3755.2
3.6322e-07	3758.6
3.5475e-07	3762
3.4647e-07	3765.4
3.3839e-07	3768.9
3.3048e-07	3772.3
3.2276e-07	3775.7
3.1521e-07	3779.1
3.0784e-07	3782.5
3.0063e-07	3785.9
2.9359e-07	3789.3
2.8671e-07	3792.7
2.7998e-07	3796.1
2.7341e-07	3799.6
2.6699e-07	3803
2.6072e-07	3806.4
2.546e-07	3809.8
2.4861e-07	3813.2
2.4276e-07	3816.6
2.3705e-07	3820
2.3147e-07	3823.4
2.2602e-07	3826.8
2.2069e-07	3830.2
2.1549e-07	3833.7
2.1041e-07	3837.1
2.0544e-07	3840.5
2.006e-07	3843.9
1.9586e-07	3847.3
1.9124e-07	3850.7
1.8672e-07	3854.1
1.8231e-07	3857.5
1.78e-07	3860.9
1.738e-07	3864.4
1.6969e-07	3867.8
1.6568e-07	3871.2
1.6176e-07	3874.6
1.5794e-07	3878
1.542e-07	3881.4
1.5056e-07	3884.8
1.47e-07	3888.2
1.4353e-07	3891.6
1.4013e-07	3895.1
1.3682e-07	3898.5
1.3359e-07	3901.9
1.3044e-07	3905.3
1.2736e-07	3908.7
1.2435e-07	3912.1
1.2142e-07	3915.5
1.1856e-07	3918.9
1.1576e-07	3922.3
1.1304e-07	3925.7
1.1038e-07	3929.2
1.0778e-07	3932.6
1.0525e-07	3936
1.0278e-07	3939.4
1.0036e-07	3942.8
9.8013e-08	3946.2
9.5718e-08	3949.6
9.348e-08	3953
9.1297e-08	3956.4
8.9168e-08	3959.9
8.7092e-08	3963.3
8.5068e-08	3966.7
8.3094e-08	3970.1
8.1169e-08	3973.5
7.9292e-08	3976.9
7.7463e-08	3980.3
7.5681e-08	3983.7
7.3943e-08	3987.1
7.225e-08	3990.6
7.06e-08	3994
6.8993e-08	3997.4
6.7427e-08	4000.8
6.5901e-08	4004.2
6.4416e-08	4007.6
6.2969e-08	4011
6.1561e-08	4014.4
6.019e-08	4017.8
5.8855e-08	4021.2
5.7556e-08	4024.7
5.6292e-08	4028.1
5.5063e-08	4031.5
5.3867e-08	4034.9
5.2704e-08	4038.3
5.1574e-08	4041.7
5.0475e-08	4045.1
4.9407e-08	4048.5
4.837e-08	4051.9
4.7362e-08	4055.4
4.6384e-08	4058.8
4.5434e-08	4062.2
4.4512e-08	4065.6
4.3618e-08	4069
4.2751e-08	4072.4
4.1911e-08	4075.8
4.1097e-08	4079.2
4.0308e-08	4082.6
3.9544e-08	4086.1
3.8806e-08	4089.5
3.8091e-08	4092.9
3.7401e-08	4096.3
3.6734e-08	4099.7
3.609e-08	4103.1
3.5468e-08	4106.5
3.487e-08	4109.9
3.4293e-08	4113.3
3.3738e-08	4116.7
3.3204e-08	4120.2
3.2691e-08	4123.6
3.2199e-08	4127
3.1728e-08	4130.4
3.1276e-08	4133.8
3.0845e-08	4137.2
3.0434e-08	4140.6
3.0042e-08	4144
2.9669e-08	4147.4
2.9315e-08	4150.9
2.898e-08	4154.3
2.8664e-08	4157.7
2.8366e-08	4161.1
2.8086e-08	4164.5
2.7825e-08	4167.9
2.7581e-08	4171.3
2.7356e-08	4174.7
2.7148e-08	4178.1
2.6958e-08	4181.6
2.6785e-08	4185
2.663e-08	4188.4
2.6492e-08	4191.8
2.6372e-08	4195.2
2.6268e-08	4198.6
2.6182e-08	4202
2.6114e-08	4205.4
2.6062e-08	4208.8
2.6027e-08	4212.2
2.601e-08	4215.7
2.601e-08	4219.1
2.6027e-08	4222.5
2.6061e-08	4225.9
2.6112e-08	4229.3
2.6181e-08	4232.7
2.6267e-08	4236.1
2.6371e-08	4239.5
2.6492e-08	4242.9
2.6631e-08	4246.4
2.6787e-08	4249.8
2.6962e-08	4253.2
2.7154e-08	4256.6
2.7365e-08	4260
