5.8219e-16	0
2.6058e-05	20.05
5.3001e-05	40.1
8.1696e-05	60.15
0.00011299	80.201
0.00014776	100.25
0.00018697	120.3
0.00023172	140.35
0.00028325	160.4
0.00034294	180.45
0.00041228	200.5
0.00049284	220.55
0.00058628	240.6
0.00069438	260.65
0.000819	280.7
0.00096214	300.75
0.0011259	320.8
0.0013123	340.85
0.0015237	360.9
0.0017621	380.95
0.0020297	401
0.0023285	421.05
0.0026602	441.1
0.003027	461.15
0.0034301	481.2
0.0038424	500
0.0038711	501.25
0.0043513	521.3
0.0048718	541.35
0.0054334	561.4
0.0060365	581.45
0.0066818	601.5
0.0073695	621.55
0.0080993	641.6
0.0088705	661.65
0.0096828	681.7
0.010536	701.75
0.011427	721.8
0.012356	741.85
0.013319	761.9
0.014317	781.95
0.015345	802.01
0.016401	822.06
0.017481	842.11
0.018583	862.16
0.019701	882.21
0.020832	902.26
0.021971	922.31
0.023113	942.36
0.024252	962.41
0.025382	982.46
0.026497	1002.5
0.027591	1022.6
0.028657	1042.6
0.029689	1062.7
0.030681	1082.7
0.031624	1102.8
0.032513	1122.8
0.033341	1142.9
0.034103	1162.9
0.034794	1183
0.035408	1203
0.035939	1223.1
0.036385	1243.1
0.036742	1263.2
0.037009	1283.2
0.037183	1303.3
0.037263	1323.3
0.03725	1343.4
0.037143	1363.4
0.036946	1383.5
0.036659	1403.5
0.036286	1423.6
0.035828	1443.6
0.035293	1463.7
0.034683	1483.7
0.034004	1503.8
0.033261	1523.8
0.032459	1543.9
0.031605	1563.9
0.030705	1584
0.029765	1604
0.028792	1624.1
0.027791	1644.1
0.026768	1664.2
0.025729	1684.2
0.02468	1704.3
0.023626	1724.3
0.022573	1744.4
0.021525	1764.4
0.020485	1784.5
0.019459	1804.5
0.01845	1824.6
0.017461	1844.6
0.016495	1864.7
0.015555	1884.7
0.014642	1904.8
0.013759	1924.8
0.012906	1944.9
0.012086	1964.9
0.011299	1985
0.010545	2005
0.0098258	2025.1
0.0091407	2045.1
0.0084897	2065.2
0.0078724	2085.2
0.0072885	2105.3
0.0067374	2125.3
0.0062184	2145.4
0.0057306	2165.4
0.0052732	2185.5
0.004845	2205.5
0.004445	2225.6
0.004072	2245.6
0.0037249	2265.7
0.0034023	2285.7
0.0031032	2305.8
0.0028263	2325.8
0.0025704	2345.9
0.0023344	2365.9
0.0021171	2386
0.0019173	2406
0.0017339	2426.1
0.0015659	2446.1
0.0014121	2466.2
0.0012717	2486.2
0.0011436	2506.3
0.0010269	2526.3
0.00092077	2546.4
0.00082445	2566.4
0.00073714	2586.5
0.00065814	2606.5
0.00058674	2626.6
0.00052232	2646.6
0.00046426	2666.7
0.00041201	2686.7
0.00036504	2706.8
0.00032286	2726.8
0.000285	2746.9
0.00025102	2766.9
0.00022055	2787
0.00019323	2807
0.00016872	2827.1
0.00014674	2847.1
0.000127	2867.2
0.00010923	2887.2
9.3208e-05	2907.3
7.8695e-05	2927.3
6.5487e-05	2947.4
5.3384e-05	2967.4
4.22e-05	2987.5
4.0844e-05	2990
