1.255e-15	0
0.00040179	20.05
0.00080424	40.1
0.001208	60.15
0.0016135	80.201
0.0020213	100.25
0.0024319	120.3
0.0028459	140.35
0.0032636	160.4
0.0036856	180.45
0.0041123	200.5
0.004544	220.55
0.0049808	240.6
0.005423	260.65
0.0058706	280.7
0.0063237	300.75
0.0067821	320.8
0.0072457	340.85
0.0077144	360.9
0.0081879	380.95
0.0086659	401
0.0091479	421.05
0.0096336	441.1
0.010123	461.15
0.010614	481.2
0.011077	500
0.011108	501.25
0.011603	521.3
0.0121	541.35
0.012597	561.4
0.013093	581.45
0.013589	601.5
0.014084	621.55
0.014577	641.6
0.015068	661.65
0.015555	681.7
0.01604	701.75
0.016519	721.8
0.016995	741.85
0.017465	761.9
0.017929	781.95
0.018387	802.01
0.018838	822.06
0.019281	842.11
0.019717	862.16
0.020144	882.21
0.020562	902.26
0.020971	922.31
0.021369	942.36
0.021757	962.41
0.022134	982.46
0.022499	1002.5
0.022852	1022.6
0.023193	1042.6
0.02352	1062.7
0.023834	1082.7
0.024134	1102.8
0.02442	1122.8
0.024691	1142.9
0.024947	1162.9
0.025187	1183
0.025412	1203
0.02562	1223.1
0.025813	1243.1
0.025988	1263.2
0.026147	1283.2
0.02629	1303.3
0.026415	1323.3
0.026523	1343.4
0.026614	1363.4
0.026688	1383.5
0.026745	1403.5
0.026785	1423.6
0.026808	1443.6
0.026815	1463.7
0.026804	1483.7
0.026778	1503.8
0.026735	1523.8
0.026676	1543.9
0.026601	1563.9
0.026511	1584
0.026406	1604
0.026287	1624.1
0.026152	1644.1
0.026004	1664.2
0.025842	1684.2
0.025667	1704.3
0.025479	1724.3
0.025279	1744.4
0.025067	1764.4
0.024843	1784.5
0.024608	1804.5
0.024362	1824.6
0.024106	1844.6
0.023841	1864.7
0.023566	1884.7
0.023282	1904.8
0.02299	1924.8
0.02269	1944.9
0.022382	1964.9
0.022067	1985
0.021745	2005
0.021418	2025.1
0.021084	2045.1
0.020745	2065.2
0.020402	2085.2
0.020053	2105.3
0.019701	2125.3
0.019345	2145.4
0.018985	2165.4
0.018622	2185.5
0.018257	2205.5
0.01789	2225.6
0.01752	2245.6
0.017149	2265.7
0.016777	2285.7
0.016404	2305.8
0.01603	2325.8
0.015656	2345.9
0.015281	2365.9
0.014907	2386
0.014533	2406
0.01416	2426.1
0.013788	2446.1
0.013417	2466.2
0.013048	2486.2
0.01268	2506.3
0.012313	2526.3
0.011949	2546.4
0.011587	2566.4
0.011227	2586.5
0.010869	2606.5
0.010514	2626.6
0.010161	2646.6
0.0098118	2666.7
0.0094651	2686.7
0.0091213	2706.8
0.0087805	2726.8
0.0084428	2746.9
0.0081082	2766.9
0.0077766	2787
0.0074483	2807
0.007123	2827.1
0.006801	2847.1
0.0064821	2867.2
0.0061663	2887.2
0.0058537	2907.3
0.0055441	2927.3
0.0052376	2947.4
0.004934	2967.4
0.0046334	2987.5
0.0045956	2990
