3.7714e-09	0
3.1404e-05	1.7214
6.2804e-05	3.4428
9.4205e-05	5.1641
0.00012561	6.8855
0.00015701	8.6069
0.00018842	10.328
0.00021982	12.05
0.00025123	13.771
0.00028265	15.492
0.00031406	17.214
0.00034548	18.935
0.00037691	20.657
0.00040834	22.378
0.00043977	24.099
0.00047121	25.821
0.00050265	27.542
0.0005341	29.263
0.00056556	30.985
0.00059702	32.706
0.00062849	34.428
0.00065996	36.149
0.00069144	37.87
0.00072293	39.592
0.00075443	41.313
0.00078594	43.034
0.00081745	44.756
0.00084898	46.477
0.00088051	48.199
0.00091205	49.92
0.00094361	51.641
0.00097517	53.363
0.0010067	55.084
0.0010383	56.805
0.0010699	58.527
0.0011015	60.248
0.0011331	61.97
0.0011648	63.691
0.0011964	65.412
0.001228	67.134
0.0012597	68.855
0.0012914	70.576
0.001323	72.298
0.0013547	74.019
0.0013864	75.741
0.0014182	77.462
0.0014499	79.183
0.0014816	80.905
0.0015134	82.626
0.0015451	84.347
0.0015769	86.069
0.0016087	87.79
0.0016405	89.512
0.0016723	91.233
0.0017042	92.954
0.001736	94.676
0.0017679	96.397
0.0017997	98.118
0.0018316	99.84
0.0018635	101.56
0.0018954	103.28
0.0019274	105
0.0019593	106.73
0.0019912	108.45
0.0020232	110.17
0.0020552	111.89
0.0020872	113.61
0.0021192	115.33
0.0021512	117.05
0.0021832	118.78
0.0022153	120.5
0.0022474	122.22
0.0022794	123.94
0.0023115	125.66
0.0023436	127.38
0.0023758	129.1
0.0024079	130.82
0.0024401	132.55
0.0024722	134.27
0.0025044	135.99
0.0025366	137.71
0.0025688	139.43
0.002601	141.15
0.0026333	142.87
0.0026655	144.6
0.0026978	146.32
0.0027301	148.04
0.0027624	149.76
0.0027947	151.48
0.0028271	153.2
0.0028594	154.92
0.0028918	156.65
0.0029241	158.37
0.0029565	160.09
0.0029889	161.81
0.0030213	163.53
0.0030538	165.25
0.0030862	166.97
0.0031187	168.69
0.0031512	170.42
0.0031837	172.14
0.0032162	173.86
0.0032487	175.58
0.0032812	177.3
0.0033138	179.02
0.0033463	180.74
0.0033789	182.47
0.0034115	184.19
0.0034441	185.91
0.0034767	187.63
0.0035094	189.35
0.003542	191.07
0.0035747	192.79
0.0036074	194.52
0.0036401	196.24
0.0036728	197.96
0.0037055	199.68
0.0037382	201.4
0.003771	203.12
0.0038037	204.84
0.0038365	206.57
0.0038693	208.29
0.0039021	210.01
0.0039349	211.73
0.0039678	213.45
0.0040006	215.17
0.0040335	216.89
0.0040664	218.61
0.0040992	220.34
0.0041321	222.06
0.0041651	223.78
0.004198	225.5
0.0042309	227.22
0.0042639	228.94
0.0042969	230.66
0.0043299	232.39
0.0043629	234.11
0.0043959	235.83
0.0044289	237.55
0.0044619	239.27
0.004495	240.99
0.0045281	242.71
0.0045611	244.44
0.0045942	246.16
0.0046273	247.88
0.0046605	249.6
0.0046936	251.32
0.0047267	253.04
0.0047599	254.76
0.0047931	256.49
0.0048263	258.21
0.0048595	259.93
0.0048927	261.65
0.0049259	263.37
0.0049591	265.09
0.0049924	266.81
0.0050256	268.53
0.0050589	270.26
0.0050922	271.98
0.0051255	273.7
0.0051588	275.42
0.0051922	277.14
0.0052255	278.86
0.0052589	280.58
0.0052922	282.31
0.0053256	284.03
0.005359	285.75
0.0053924	287.47
0.0054258	289.19
0.0054592	290.91
0.0054926	292.63
0.0055261	294.36
0.0055596	296.08
0.005593	297.8
0.0056265	299.52
0.00566	301.24
0.0056935	302.96
0.005727	304.68
0.0057605	306.41
0.0057941	308.13
0.0058276	309.85
0.0058612	311.57
0.0058947	313.29
0.0059283	315.01
0.0059619	316.73
0.0059955	318.45
0.0060291	320.18
0.0060627	321.9
0.0060963	323.62
0.0061299	325.34
0.0061636	327.06
0.0061972	328.78
0.0062309	330.5
0.0062645	332.23
0.0062982	333.95
0.0063319	335.67
0.0063656	337.39
0.0063993	339.11
0.006433	340.83
0.0064667	342.55
0.0065004	344.28
0.0065341	346
0.0065678	347.72
0.0066016	349.44
0.0066353	351.16
0.006669	352.88
0.0067028	354.6
0.0067366	356.33
0.0067703	358.05
0.0068041	359.77
0.0068379	361.49
0.0068716	363.21
0.0069054	364.93
0.0069392	366.65
0.006973	368.37
0.0070068	370.1
0.0070406	371.82
0.0070744	373.54
0.0071082	375.26
0.007142	376.98
0.0071758	378.7
0.0072096	380.42
0.0072435	382.15
0.0072773	383.87
0.0073111	385.59
0.0073449	387.31
0.0073787	389.03
0.0074126	390.75
0.0074464	392.47
0.0074802	394.2
0.0075141	395.92
0.0075479	397.64
0.0075817	399.36
0.0076155	401.08
0.0076494	402.8
0.0076832	404.52
0.007717	406.24
0.0077509	407.97
0.0077847	409.69
0.0078185	411.41
0.0078523	413.13
0.0078861	414.85
0.00792	416.57
0.0079538	418.29
0.0079876	420.02
0.0080214	421.74
0.0080552	423.46
0.008089	425.18
0.0081228	426.9
0.0081566	428.62
0.0081904	430.34
0.0082242	432.07
0.008258	433.79
0.0082918	435.51
0.0083256	437.23
0.0083593	438.95
0.0083931	440.67
0.0084269	442.39
0.0084606	444.12
0.0084944	445.84
0.0085282	447.56
0.0085619	449.28
0.0085956	451
0.0086294	452.72
0.0086631	454.44
0.0086968	456.16
0.0087306	457.89
0.0087643	459.61
0.008798	461.33
0.0088317	463.05
0.0088653	464.77
0.008899	466.49
0.0089327	468.21
0.0089664	469.94
0.009	471.66
0.0090337	473.38
0.0090673	475.1
0.009101	476.82
0.0091346	478.54
0.0091682	480.26
0.0092018	481.99
0.0092354	483.71
0.009269	485.43
0.0093026	487.15
0.0093361	488.87
0.0093697	490.59
0.0094032	492.31
0.0094368	494.04
0.0094703	495.76
0.0095038	497.48
0.0095373	499.2
0.0095708	500.92
0.0096043	502.64
0.0096378	504.36
0.0096713	506.08
0.0097047	507.81
0.0097382	509.53
0.0097716	511.25
0.009805	512.97
0.0098384	514.69
0.0098718	516.41
0.0099052	518.13
0.0099386	519.86
0.0099719	521.58
0.010005	523.3
0.010039	525.02
0.010072	526.74
0.010105	528.46
0.010139	530.18
0.010172	531.91
0.010205	533.63
0.010238	535.35
0.010272	537.07
0.010305	538.79
0.010338	540.51
0.010371	542.23
0.010404	543.96
0.010438	545.68
0.010471	547.4
0.010504	549.12
0.010537	550.84
0.01057	552.56
0.010603	554.28
0.010636	556
0.01067	557.73
0.010703	559.45
0.010736	561.17
0.010769	562.89
0.010802	564.61
0.010835	566.33
0.010868	568.05
0.010901	569.78
0.010934	571.5
0.010967	573.22
0.011	574.94
0.011032	576.66
0.011065	578.38
0.011098	580.1
0.011131	581.83
0.011164	583.55
0.011197	585.27
0.01123	586.99
0.011262	588.71
0.011295	590.43
0.011328	592.15
0.011361	593.88
0.011393	595.6
0.011426	597.32
0.011459	599.04
0.011492	600.76
0.011524	602.48
0.011557	604.2
0.011589	605.92
0.011622	607.65
0.011655	609.37
0.011687	611.09
0.01172	612.81
0.011752	614.53
0.011785	616.25
0.011817	617.97
0.01185	619.7
0.011882	621.42
0.011915	623.14
0.011947	624.86
0.01198	626.58
0.012012	628.3
0.012045	630.02
0.012077	631.75
0.012109	633.47
0.012142	635.19
0.012174	636.91
0.012206	638.63
0.012238	640.35
0.012271	642.07
0.012303	643.8
0.012335	645.52
0.012367	647.24
0.0124	648.96
0.012432	650.68
0.012464	652.4
0.012496	654.12
0.012528	655.84
0.01256	657.57
0.012592	659.29
0.012624	661.01
0.012656	662.73
0.012688	664.45
0.01272	666.17
0.012752	667.89
0.012784	669.62
0.012816	671.34
0.012848	673.06
0.01288	674.78
0.012912	676.5
0.012944	678.22
0.012975	679.94
0.013007	681.67
0.013039	683.39
0.013071	685.11
0.013103	686.83
0.013134	688.55
0.013166	690.27
0.013198	691.99
0.013229	693.71
0.013261	695.44
0.013293	697.16
0.013324	698.88
0.013356	700.6
0.013387	702.32
0.013419	704.04
0.01345	705.76
0.013482	707.49
0.013513	709.21
0.013545	710.93
0.013576	712.65
0.013608	714.37
0.013639	716.09
0.01367	717.81
0.013702	719.54
0.013733	721.26
0.013764	722.98
0.013796	724.7
0.013827	726.42
0.013858	728.14
0.013889	729.86
0.01392	731.59
0.013952	733.31
0.013983	735.03
0.014014	736.75
0.014045	738.47
0.014076	740.19
0.014107	741.91
0.014138	743.63
0.014169	745.36
0.0142	747.08
0.014231	748.8
0.014262	750.52
0.014293	752.24
0.014324	753.96
0.014355	755.68
0.014386	757.41
0.014416	759.13
0.014447	760.85
0.014478	762.57
0.014509	764.29
0.014539	766.01
0.01457	767.73
0.014601	769.46
0.014631	771.18
0.014662	772.9
0.014693	774.62
0.014723	776.34
0.014754	778.06
0.014784	779.78
0.014815	781.51
0.014845	783.23
0.014876	784.95
0.014906	786.67
0.014937	788.39
0.014967	790.11
0.014997	791.83
0.015028	793.55
0.015058	795.28
0.015088	797
0.015119	798.72
0.015149	800.44
0.015179	802.16
0.015209	803.88
0.015239	805.6
0.015269	807.33
0.0153	809.05
0.01533	810.77
0.01536	812.49
0.01539	814.21
0.01542	815.93
0.01545	817.65
0.01548	819.38
0.01551	821.1
0.01554	822.82
0.015569	824.54
0.015599	826.26
0.015629	827.98
0.015659	829.7
0.015689	831.43
0.015719	833.15
0.015748	834.87
0.015778	836.59
0.015808	838.31
0.015837	840.03
0.015867	841.75
0.015896	843.47
0.015926	845.2
0.015956	846.92
0.015985	848.64
0.016015	850.36
0.016044	852.08
0.016074	853.8
0.016103	855.52
0.016132	857.25
0.016162	858.97
0.016191	860.69
0.01622	862.41
0.01625	864.13
0.016279	865.85
0.016308	867.57
0.016337	869.3
0.016366	871.02
0.016396	872.74
0.016425	874.46
0.016454	876.18
0.016483	877.9
0.016512	879.62
0.016541	881.35
0.01657	883.07
0.016599	884.79
0.016628	886.51
0.016657	888.23
0.016686	889.95
0.016714	891.67
0.016743	893.39
0.016772	895.12
0.016801	896.84
0.01683	898.56
0.016858	900.28
0.016887	902
0.016916	903.72
0.016944	905.44
0.016973	907.17
0.017001	908.89
0.01703	910.61
0.017058	912.33
0.017087	914.05
0.017115	915.77
0.017144	917.49
0.017172	919.22
0.017201	920.94
0.017229	922.66
0.017257	924.38
0.017286	926.1
0.017314	927.82
0.017342	929.54
0.01737	931.27
0.017399	932.99
0.017427	934.71
0.017455	936.43
0.017483	938.15
0.017511	939.87
0.017539	941.59
0.017567	943.31
0.017595	945.04
0.017623	946.76
0.017651	948.48
0.017679	950.2
0.017707	951.92
0.017735	953.64
0.017762	955.36
0.01779	957.09
0.017818	958.81
0.017846	960.53
0.017874	962.25
0.017901	963.97
0.017929	965.69
0.017957	967.41
0.017984	969.14
0.018012	970.86
0.018039	972.58
0.018067	974.3
0.018094	976.02
0.018122	977.74
0.018149	979.46
0.018177	981.18
0.018204	982.91
0.018231	984.63
0.018259	986.35
0.018286	988.07
0.018313	989.79
0.018341	991.51
0.018368	993.23
0.018395	994.96
0.018422	996.68
0.018449	998.4
0.018476	1000.1
0.018503	1001.8
0.018531	1003.6
0.018558	1005.3
0.018585	1007
0.018612	1008.7
0.018638	1010.4
0.018665	1012.2
0.018692	1013.9
0.018719	1015.6
0.018746	1017.3
0.018773	1019.1
0.0188	1020.8
0.018826	1022.5
0.018853	1024.2
0.01888	1025.9
0.018906	1027.7
0.018933	1029.4
0.01896	1031.1
0.018986	1032.8
0.019013	1034.5
0.01904	1036.3
0.019066	1038
0.019093	1039.7
0.019119	1041.4
0.019145	1043.2
0.019172	1044.9
0.019198	1046.6
0.019225	1048.3
0.019251	1050
0.019277	1051.8
0.019304	1053.5
0.01933	1055.2
0.019356	1056.9
0.019382	1058.6
0.019408	1060.4
0.019435	1062.1
0.019461	1063.8
0.019487	1065.5
0.019513	1067.3
0.019539	1069
0.019565	1070.7
0.019591	1072.4
0.019617	1074.1
0.019643	1075.9
0.019669	1077.6
0.019695	1079.3
0.019721	1081
0.019747	1082.7
0.019773	1084.5
0.019798	1086.2
0.019824	1087.9
0.01985	1089.6
0.019876	1091.4
0.019901	1093.1
0.019927	1094.8
0.019953	1096.5
0.019978	1098.2
0.020004	1100
0.02003	1101.7
0.020055	1103.4
0.020081	1105.1
0.020106	1106.8
0.020132	1108.6
0.020157	1110.3
0.020183	1112
0.020208	1113.7
0.020234	1115.5
0.020259	1117.2
0.020284	1118.9
0.02031	1120.6
0.020335	1122.3
0.02036	1124.1
0.020386	1125.8
0.020411	1127.5
0.020436	1129.2
0.020461	1130.9
0.020486	1132.7
0.020512	1134.4
0.020537	1136.1
0.020562	1137.8
0.020587	1139.6
0.020612	1141.3
0.020637	1143
0.020662	1144.7
0.020687	1146.4
0.020712	1148.2
0.020737	1149.9
0.020762	1151.6
0.020787	1153.3
0.020812	1155
0.020837	1156.8
0.020862	1158.5
0.020887	1160.2
0.020911	1161.9
0.020936	1163.7
0.020961	1165.4
0.020986	1167.1
0.02101	1168.8
0.021035	1170.5
0.02106	1172.3
0.021085	1174
0.021109	1175.7
0.021134	1177.4
0.021159	1179.1
0.021183	1180.9
0.021208	1182.6
0.021232	1184.3
0.021257	1186
0.021281	1187.8
0.021306	1189.5
0.02133	1191.2
0.021355	1192.9
0.021379	1194.6
0.021404	1196.4
0.021428	1198.1
0.021453	1199.8
0.021477	1201.5
0.021502	1203.2
0.021526	1205
0.02155	1206.7
0.021575	1208.4
0.021599	1210.1
0.021623	1211.8
0.021647	1213.6
0.021672	1215.3
0.021696	1217
0.02172	1218.7
0.021744	1220.5
0.021769	1222.2
0.021793	1223.9
0.021817	1225.6
0.021841	1227.3
0.021865	1229.1
0.021889	1230.8
0.021913	1232.5
0.021937	1234.2
0.021962	1235.9
0.021986	1237.7
0.02201	1239.4
0.022034	1241.1
0.022058	1242.8
0.022082	1244.6
0.022106	1246.3
0.02213	1248
0.022154	1249.7
0.022178	1251.4
0.022201	1253.2
0.022225	1254.9
0.022249	1256.6
0.022273	1258.3
0.022297	1260
0.022321	1261.8
0.022345	1263.5
0.022369	1265.2
0.022392	1266.9
0.022416	1268.7
0.02244	1270.4
0.022464	1272.1
0.022488	1273.8
0.022511	1275.5
0.022535	1277.3
0.022559	1279
0.022583	1280.7
0.022606	1282.4
0.02263	1284.1
0.022654	1285.9
0.022677	1287.6
0.022701	1289.3
0.022725	1291
0.022748	1292.8
0.022772	1294.5
0.022796	1296.2
0.022819	1297.9
0.022843	1299.6
0.022867	1301.4
0.02289	1303.1
0.022914	1304.8
0.022937	1306.5
0.022961	1308.2
0.022985	1310
0.023008	1311.7
0.023032	1313.4
0.023055	1315.1
0.023079	1316.9
0.023102	1318.6
0.023126	1320.3
0.023149	1322
0.023173	1323.7
0.023196	1325.5
0.02322	1327.2
0.023243	1328.9
0.023267	1330.6
0.02329	1332.3
0.023314	1334.1
0.023337	1335.8
0.023361	1337.5
0.023384	1339.2
0.023407	1341
0.023431	1342.7
0.023454	1344.4
0.023478	1346.1
0.023501	1347.8
0.023524	1349.6
0.023548	1351.3
0.023571	1353
0.023595	1354.7
0.023618	1356.4
0.023641	1358.2
0.023665	1359.9
0.023688	1361.6
0.023712	1363.3
0.023735	1365.1
0.023758	1366.8
0.023782	1368.5
0.023805	1370.2
0.023828	1371.9
0.023852	1373.7
0.023875	1375.4
0.023898	1377.1
0.023922	1378.8
0.023945	1380.5
0.023969	1382.3
0.023992	1384
0.024015	1385.7
0.024039	1387.4
0.024062	1389.2
0.024085	1390.9
0.024109	1392.6
0.024132	1394.3
0.024155	1396
0.024179	1397.8
0.024202	1399.5
0.024225	1401.2
0.024249	1402.9
0.024272	1404.6
0.024295	1406.4
0.024319	1408.1
0.024342	1409.8
0.024365	1411.5
0.024389	1413.3
0.024412	1415
0.024435	1416.7
0.024459	1418.4
0.024482	1420.1
0.024505	1421.9
0.024529	1423.6
0.024552	1425.3
0.024575	1427
0.024599	1428.7
0.024622	1430.5
0.024646	1432.2
0.024669	1433.9
0.024692	1435.6
0.024716	1437.3
0.024739	1439.1
0.024763	1440.8
0.024786	1442.5
0.024809	1444.2
0.024833	1446
0.024856	1447.7
0.02488	1449.4
0.024903	1451.1
0.024926	1452.8
0.02495	1454.6
0.024973	1456.3
0.024997	1458
0.02502	1459.7
0.025044	1461.4
0.025067	1463.2
0.025091	1464.9
0.025114	1466.6
0.025138	1468.3
0.025161	1470.1
0.025185	1471.8
0.025208	1473.5
0.025232	1475.2
0.025255	1476.9
0.025279	1478.7
0.025302	1480.4
0.025326	1482.1
0.025349	1483.8
0.025373	1485.5
0.025397	1487.3
0.02542	1489
0.025444	1490.7
0.025467	1492.4
0.025491	1494.2
0.025515	1495.9
0.025538	1497.6
0.025562	1499.3
0.025586	1501
0.025609	1502.8
0.025633	1504.5
0.025657	1506.2
0.02568	1507.9
0.025704	1509.6
0.025728	1511.4
0.025752	1513.1
0.025775	1514.8
0.025799	1516.5
0.025823	1518.3
0.025847	1520
0.025871	1521.7
0.025895	1523.4
0.025918	1525.1
0.025942	1526.9
0.025966	1528.6
0.02599	1530.3
0.026014	1532
0.026038	1533.7
0.026062	1535.5
0.026086	1537.2
0.02611	1538.9
0.026134	1540.6
0.026158	1542.4
0.026182	1544.1
0.026206	1545.8
0.02623	1547.5
0.026254	1549.2
0.026278	1551
0.026302	1552.7
0.026326	1554.4
0.026351	1556.1
0.026375	1557.8
0.026399	1559.6
0.026423	1561.3
0.026447	1563
0.026472	1564.7
0.026496	1566.5
0.02652	1568.2
0.026544	1569.9
0.026569	1571.6
0.026593	1573.3
0.026617	1575.1
0.026642	1576.8
0.026666	1578.5
0.026691	1580.2
0.026715	1581.9
0.02674	1583.7
0.026764	1585.4
0.026789	1587.1
0.026813	1588.8
0.026838	1590.6
0.026862	1592.3
0.026887	1594
0.026912	1595.7
0.026936	1597.4
0.026961	1599.2
0.026986	1600.9
0.02701	1602.6
0.027035	1604.3
0.02706	1606
0.027085	1607.8
0.02711	1609.5
0.027134	1611.2
0.027159	1612.9
0.027184	1614.7
0.027209	1616.4
0.027234	1618.1
0.027259	1619.8
0.027284	1621.5
0.027309	1623.3
0.027334	1625
0.027359	1626.7
0.027385	1628.4
0.02741	1630.1
0.027435	1631.9
0.02746	1633.6
0.027485	1635.3
0.027511	1637
0.027536	1638.8
0.027561	1640.5
0.027587	1642.2
0.027612	1643.9
0.027638	1645.6
0.027663	1647.4
0.027689	1649.1
0.027714	1650.8
0.02774	1652.5
0.027765	1654.2
0.027791	1656
0.027816	1657.7
0.027842	1659.4
0.027868	1661.1
0.027894	1662.9
0.027919	1664.6
0.027945	1666.3
0.027971	1668
0.027997	1669.7
0.028023	1671.5
0.028049	1673.2
0.028075	1674.9
0.028101	1676.6
0.028127	1678.3
0.028153	1680.1
0.028179	1681.8
0.028205	1683.5
0.028232	1685.2
0.028258	1686.9
0.028284	1688.7
0.02831	1690.4
0.028337	1692.1
0.028363	1693.8
0.02839	1695.6
0.028416	1697.3
0.028443	1699
0.028469	1700.7
0.028496	1702.4
0.028522	1704.2
0.028549	1705.9
0.028576	1707.6
0.028603	1709.3
0.028629	1711
0.028656	1712.8
0.028683	1714.5
0.02871	1716.2
0.028737	1717.9
0.028764	1719.7
0.028791	1721.4
0.028818	1723.1
0.028845	1724.8
0.028873	1726.5
0.0289	1728.3
0.028927	1730
0.028954	1731.7
0.028982	1733.4
0.029009	1735.1
0.029037	1736.9
0.029064	1738.6
0.029092	1740.3
0.029119	1742
0.029147	1743.8
0.029175	1745.5
0.029202	1747.2
0.02923	1748.9
0.029258	1750.6
0.029286	1752.4
0.029314	1754.1
0.029342	1755.8
0.02937	1757.5
0.029398	1759.2
0.029426	1761
0.029454	1762.7
0.029482	1764.4
0.029511	1766.1
0.029539	1767.9
0.029567	1769.6
0.029596	1771.3
0.029624	1773
0.029653	1774.7
0.029681	1776.5
0.02971	1778.2
0.029739	1779.9
0.029767	1781.6
0.029796	1783.3
0.029825	1785.1
0.029854	1786.8
0.029883	1788.5
0.029912	1790.2
0.029941	1792
0.02997	1793.7
0.029999	1795.4
0.030028	1797.1
0.030058	1798.8
0.030087	1800.6
0.030116	1802.3
0.030146	1804
0.030175	1805.7
0.030205	1807.4
0.030235	1809.2
0.030264	1810.9
0.030294	1812.6
0.030324	1814.3
0.030354	1816.1
0.030384	1817.8
0.030414	1819.5
0.030444	1821.2
0.030474	1822.9
0.030504	1824.7
0.030534	1826.4
0.030565	1828.1
0.030595	1829.8
0.030625	1831.5
0.030656	1833.3
0.030686	1835
0.030717	1836.7
0.030748	1838.4
0.030778	1840.2
0.030809	1841.9
0.03084	1843.6
0.030871	1845.3
0.030902	1847
0.030933	1848.8
0.030964	1850.5
0.030996	1852.2
0.031027	1853.9
0.031058	1855.6
0.03109	1857.4
0.031121	1859.1
0.031153	1860.8
0.031184	1862.5
0.031216	1864.3
0.031248	1866
0.03128	1867.7
0.031311	1869.4
0.031343	1871.1
0.031375	1872.9
0.031408	1874.6
0.03144	1876.3
0.031472	1878
0.031504	1879.7
0.031537	1881.5
0.031569	1883.2
0.031602	1884.9
0.031634	1886.6
0.031667	1888.4
0.0317	1890.1
0.031733	1891.8
0.031766	1893.5
0.031799	1895.2
0.031832	1897
0.031865	1898.7
0.031898	1900.4
0.031932	1902.1
0.031965	1903.8
0.031998	1905.6
0.032032	1907.3
0.032066	1909
0.032099	1910.7
0.032133	1912.4
0.032167	1914.2
0.032201	1915.9
0.032235	1917.6
0.032269	1919.3
0.032303	1921.1
0.032337	1922.8
0.032372	1924.5
0.032406	1926.2
0.032441	1927.9
0.032475	1929.7
0.03251	1931.4
0.032545	1933.1
0.03258	1934.8
0.032615	1936.5
0.03265	1938.3
0.032685	1940
0.03272	1941.7
0.032755	1943.4
0.032791	1945.2
0.032826	1946.9
0.032862	1948.6
0.032897	1950.3
0.032933	1952
0.032969	1953.8
0.033005	1955.5
0.033041	1957.2
0.033077	1958.9
0.033113	1960.6
0.03315	1962.4
0.033186	1964.1
0.033222	1965.8
0.033259	1967.5
0.033296	1969.3
0.033332	1971
0.033369	1972.7
0.033406	1974.4
0.033443	1976.1
0.03348	1977.9
0.033518	1979.6
0.033555	1981.3
0.033592	1983
0.03363	1984.7
0.033667	1986.5
0.033705	1988.2
0.033743	1989.9
0.033781	1991.6
0.033819	1993.4
0.033857	1995.1
0.033895	1996.8
0.033934	1998.5
0.033972	2000.2
0.034011	2002
0.034049	2003.7
0.034088	2005.4
0.034127	2007.1
0.034166	2008.8
0.034205	2010.6
0.034244	2012.3
0.034283	2014
0.034322	2015.7
0.034362	2017.5
0.034402	2019.2
0.034441	2020.9
0.034481	2022.6
0.034521	2024.3
0.034561	2026.1
0.034601	2027.8
0.034641	2029.5
0.034682	2031.2
0.034722	2032.9
0.034763	2034.7
0.034803	2036.4
0.034844	2038.1
0.034885	2039.8
0.034926	2041.6
0.034967	2043.3
0.035008	2045
0.03505	2046.7
0.035091	2048.4
0.035133	2050.2
0.035174	2051.9
0.035216	2053.6
0.035258	2055.3
0.0353	2057
0.035342	2058.8
0.035384	2060.5
0.035427	2062.2
0.035469	2063.9
0.035512	2065.7
0.035555	2067.4
0.035598	2069.1
0.035641	2070.8
0.035684	2072.5
0.035727	2074.3
0.03577	2076
0.035814	2077.7
0.035857	2079.4
0.035901	2081.1
0.035945	2082.9
0.035989	2084.6
0.036033	2086.3
0.036077	2088
0.036122	2089.8
0.036166	2091.5
0.036211	2093.2
0.036256	2094.9
0.0363	2096.6
0.036345	2098.4
0.036391	2100.1
0.036436	2101.8
0.036481	2103.5
0.036527	2105.2
0.036572	2107
0.036618	2108.7
0.036664	2110.4
0.03671	2112.1
0.036756	2113.9
0.036803	2115.6
0.036849	2117.3
0.036896	2119
0.036943	2120.7
0.036989	2122.5
0.037036	2124.2
0.037084	2125.9
0.037131	2127.6
0.037178	2129.3
0.037226	2131.1
0.037274	2132.8
0.037321	2134.5
0.037369	2136.2
0.037418	2138
0.037466	2139.7
0.037514	2141.4
0.037563	2143.1
0.037612	2144.8
0.03766	2146.6
0.037709	2148.3
0.037759	2150
