-1.2547e-17	0
0.00042646	20.05
0.00085382	40.1
0.0012829	60.15
0.0017146	80.201
0.0021496	100.25
0.0025887	120.3
0.0030325	140.35
0.0034816	160.4
0.0039366	180.45
0.0043981	200.5
0.0048664	220.55
0.0053421	240.6
0.0058253	260.65
0.0063162	280.7
0.0068149	300.75
0.0073211	320.8
0.0078346	340.85
0.0083549	360.9
0.0088812	380.95
0.0094128	401
0.0099487	421.05
0.010488	441.1
0.01103	461.15
0.011573	481.2
0.012082	500
0.012116	501.25
0.012658	521.3
0.013199	541.35
0.013737	561.4
0.014271	581.45
0.014801	601.5
0.015325	621.55
0.015843	641.6
0.016355	661.65
0.016859	681.7
0.017354	701.75
0.017841	721.8
0.018319	741.85
0.018787	761.9
0.019244	781.95
0.01969	802.01
0.020125	822.06
0.020549	842.11
0.02096	862.16
0.021358	882.21
0.021743	902.26
0.022114	922.31
0.022472	942.36
0.022816	962.41
0.023145	982.46
0.023459	1002.5
0.023758	1022.6
0.024042	1042.6
0.02431	1062.7
0.024562	1082.7
0.024799	1102.8
0.025019	1122.8
0.025223	1142.9
0.025411	1162.9
0.025582	1183
0.025736	1203
0.025874	1223.1
0.025996	1243.1
0.0261	1263.2
0.026188	1283.2
0.02626	1303.3
0.026315	1323.3
0.026353	1343.4
0.026376	1363.4
0.026382	1383.5
0.026373	1403.5
0.026348	1423.6
0.026307	1443.6
0.026251	1463.7
0.026181	1483.7
0.026096	1503.8
0.025997	1523.8
0.025884	1543.9
0.025757	1563.9
0.025617	1584
0.025465	1604
0.025301	1624.1
0.025124	1644.1
0.024936	1664.2
0.024738	1684.2
0.024528	1704.3
0.024309	1724.3
0.02408	1744.4
0.023842	1764.4
0.023595	1784.5
0.02334	1804.5
0.023078	1824.6
0.022808	1844.6
0.022531	1864.7
0.022248	1884.7
0.021958	1904.8
0.021664	1924.8
0.021364	1944.9
0.02106	1964.9
0.020751	1985
0.020438	2005
0.020123	2025.1
0.019804	2045.1
0.019482	2065.2
0.019158	2085.2
0.018833	2105.3
0.018506	2125.3
0.018177	2145.4
0.017848	2165.4
0.017518	2185.5
0.017188	2205.5
0.016858	2225.6
0.016529	2245.6
0.0162	2265.7
0.015872	2285.7
0.015546	2305.8
0.015221	2325.8
0.014897	2345.9
0.014576	2365.9
0.014256	2386
0.013939	2406
0.013625	2426.1
0.013313	2446.1
0.013004	2466.2
0.012698	2486.2
0.012395	2506.3
0.012096	2526.3
0.0118	2546.4
0.011508	2566.4
0.01122	2586.5
0.010935	2606.5
0.010655	2626.6
0.010378	2646.6
0.010106	2666.7
0.0098375	2686.7
0.0095736	2706.8
0.009314	2726.8
0.0090588	2746.9
0.008808	2766.9
0.0085617	2787
0.0083199	2807
0.0080827	2827.1
0.0078499	2847.1
0.0076218	2867.2
0.0073982	2887.2
0.0071792	2907.3
0.0069647	2927.3
0.0067548	2947.4
0.0065494	2967.4
0.0063486	2987.5
0.0061522	3007.5
0.0059604	3027.6
0.0057729	3047.6
0.0055899	3067.7
0.0054113	3087.7
0.005237	3107.8
0.005067	3127.8
0.0049013	3147.9
0.0047397	3167.9
0.0045823	3188
0.004429	3208
0.0042798	3228.1
0.0041345	3248.1
0.0039931	3268.2
0.0038557	3288.2
0.003722	3308.3
0.0035921	3328.3
0.0034658	3348.4
0.0033432	3368.4
0.0032241	3388.5
0.0031085	3408.5
0.0029963	3428.6
0.0028875	3448.6
0.0027819	3468.7
0.0026796	3488.7
0.0025804	3508.8
0.0024843	3528.8
0.0023912	3548.9
0.002301	3568.9
0.0022138	3589
0.0021293	3609
0.0020475	3629.1
0.0019685	3649.1
0.001892	3669.2
0.0018181	3689.2
0.0017466	3709.3
0.0016776	3729.3
0.0016109	3749.4
0.0015465	3769.4
0.0014843	3789.5
0.0014242	3809.5
0.0013663	3829.6
0.0013104	3849.6
0.0012565	3869.7
0.0012045	3889.7
0.0011543	3909.8
0.001106	3929.8
0.0010594	3949.9
0.0010145	3969.9
0.00097127	3990
0.00092963	4010
0.00088952	4030.1
0.00085091	4050.1
0.00081374	4070.2
0.00077796	4090.2
0.00074354	4110.3
0.00071042	4130.3
0.00067856	4150.4
0.00064791	4170.4
0.00061843	4190.5
0.00059008	4210.5
0.00056283	4230.6
0.00053662	4250.6
0.00051142	4270.7
0.00048719	4290.7
0.0004639	4310.8
0.00044151	4330.8
0.00041999	4350.9
0.0003993	4370.9
0.00037942	4391
0.0003603	4411
0.00034191	4431.1
0.00032423	4451.1
0.00030723	4471.2
0.00029088	4491.2
0.00027514	4511.3
0.00025999	4531.3
0.00024541	4551.4
0.00023136	4571.4
0.00021783	4591.5
0.00020478	4611.5
0.00019218	4631.6
0.00018703	4640
