6.3633e-12	0
3.9067e-05	4.0272
7.8177e-05	8.0544
0.00011737	12.082
0.0001567	16.109
0.0001962	20.136
0.00023591	24.163
0.00027589	28.191
0.00031617	32.218
0.0003568	36.245
0.00039783	40.272
0.0004393	44.299
0.00048126	48.327
0.00052375	52.354
0.00056682	56.381
0.00061052	60.408
0.0006549	64.436
0.00070001	68.463
0.0007459	72.49
0.00079261	76.517
0.0008402	80.544
0.00088871	84.572
0.0009382	88.599
0.00098872	92.626
0.0010403	96.653
0.001093	100.68
0.0011469	104.71
0.001202	108.73
0.0012584	112.76
0.001316	116.79
0.001375	120.82
0.0014353	124.84
0.001497	128.87
0.00156	132.9
0.0016245	136.93
0.0016903	140.95
0.0017576	144.98
0.0018262	149.01
0.0018962	153.03
0.0019675	157.06
0.0020402	161.09
0.0021142	165.12
0.0021896	169.14
0.0022662	173.17
0.0023441	177.2
0.0024234	181.22
0.0025039	185.25
0.0025856	189.28
0.0026686	193.31
0.0027529	197.33
0.0028383	201.36
0.002925	205.39
0.003013	209.42
0.0031021	213.44
0.0031924	217.47
0.003284	221.5
0.0033768	225.52
0.0034707	229.55
0.0035659	233.58
0.0036623	237.61
0.0037598	241.63
0.0038586	245.66
0.0039586	249.69
0.0040598	253.71
0.0041623	257.74
0.0042659	261.77
0.0043707	265.8
0.0044768	269.82
0.0045841	273.85
0.0046926	277.88
0.0048023	281.91
0.0049133	285.93
0.0050256	289.96
0.005139	293.99
0.0052537	298.01
0.0053697	302.04
0.0054869	306.07
0.0056054	310.1
0.0057251	314.12
0.0058461	318.15
0.0059683	322.18
0.0060918	326.2
0.0062166	330.23
0.0063426	334.26
0.0064699	338.29
0.0065985	342.31
0.0067283	346.34
0.0068595	350.37
0.0069918	354.4
0.0071255	358.42
0.0072604	362.45
0.0073965	366.48
0.0075339	370.5
0.0076726	374.53
0.0078125	378.56
0.0079537	382.59
0.0080961	386.61
0.0082398	390.64
0.0083847	394.67
0.0085308	398.69
0.0086781	402.72
0.0088267	406.75
0.0089764	410.78
0.0091274	414.8
0.0092795	418.83
0.0094328	422.86
0.0095873	426.89
0.0097429	430.91
0.0098996	434.94
0.010058	438.97
0.010217	442.99
0.010377	447.02
0.010538	451.05
0.0107	455.08
0.010864	459.1
0.011028	463.13
0.011194	467.16
0.01136	471.18
0.011528	475.21
0.011696	479.24
0.011866	483.27
0.012036	487.29
0.012208	491.32
0.01238	495.35
0.012553	499.38
0.012727	503.4
0.012902	507.43
0.013078	511.46
0.013254	515.48
0.013432	519.51
0.01361	523.54
0.013789	527.57
0.013969	531.59
0.014149	535.62
0.01433	539.65
0.014512	543.67
0.014694	547.7
0.014877	551.73
0.015061	555.76
0.015245	559.78
0.01543	563.81
0.015615	567.84
0.015801	571.87
0.015987	575.89
0.016174	579.92
0.016361	583.95
0.016548	587.97
0.016736	592
0.016924	596.03
0.017112	600.06
0.017301	604.08
0.01749	608.11
0.017679	612.14
0.017869	616.16
0.018058	620.19
0.018248	624.22
0.018438	628.25
0.018628	632.27
0.018818	636.3
0.019007	640.33
0.019197	644.36
0.019387	648.38
0.019577	652.41
0.019766	656.44
0.019956	660.46
0.020145	664.49
0.020334	668.52
0.020523	672.55
0.020712	676.57
0.0209	680.6
0.021088	684.63
0.021276	688.65
0.021464	692.68
0.02165	696.71
0.021837	700.74
0.022023	704.76
0.022209	708.79
0.022394	712.82
0.022578	716.85
0.022762	720.87
0.022945	724.9
0.023127	728.93
0.023309	732.95
0.02349	736.98
0.023671	741.01
0.02385	745.04
0.024029	749.06
0.024207	753.09
0.024384	757.12
0.02456	761.14
0.024735	765.17
0.024909	769.2
0.025082	773.23
0.025255	777.25
0.025426	781.28
0.025596	785.31
0.025765	789.34
0.025933	793.36
0.0261	797.39
0.026265	801.42
0.026429	805.44
0.026592	809.47
0.026754	813.5
0.026915	817.53
0.027074	821.55
0.027232	825.58
0.027388	829.61
0.027543	833.63
0.027696	837.66
0.027848	841.69
0.027999	845.72
0.028148	849.74
0.028296	853.77
0.028442	857.8
0.028586	861.83
0.028729	865.85
0.02887	869.88
0.02901	873.91
0.029148	877.93
0.029284	881.96
0.029419	885.99
0.029551	890.02
0.029682	894.04
0.029812	898.07
0.029939	902.1
0.030065	906.12
0.030189	910.15
0.030311	914.18
0.030431	918.21
0.030549	922.23
0.030665	926.26
0.030779	930.29
0.030892	934.32
0.031002	938.34
0.03111	942.37
0.031217	946.4
0.031321	950.42
0.031424	954.45
0.031524	958.48
0.031623	962.51
0.031719	966.53
0.031813	970.56
0.031905	974.59
0.031996	978.61
0.032084	982.64
0.032169	986.67
0.032253	990.7
0.032335	994.72
0.032414	998.75
0.032491	1002.8
0.032567	1006.8
0.032639	1010.8
0.03271	1014.9
0.032779	1018.9
0.032845	1022.9
0.032909	1026.9
0.032971	1031
0.033031	1035
0.033088	1039
0.033143	1043.1
0.033196	1047.1
0.033247	1051.1
0.033296	1055.1
0.033342	1059.2
0.033386	1063.2
0.033428	1067.2
0.033467	1071.2
0.033505	1075.3
0.03354	1079.3
0.033572	1083.3
0.033603	1087.3
0.033631	1091.4
0.033657	1095.4
0.033681	1099.4
0.033703	1103.5
0.033722	1107.5
0.033739	1111.5
0.033754	1115.5
0.033766	1119.6
0.033777	1123.6
0.033785	1127.6
0.033791	1131.6
0.033794	1135.7
0.033796	1139.7
0.033795	1143.7
0.033792	1147.8
0.033787	1151.8
0.033779	1155.8
0.03377	1159.8
0.033758	1163.9
0.033744	1167.9
0.033728	1171.9
0.03371	1175.9
0.03369	1180
0.033667	1184
0.033643	1188
0.033616	1192.1
0.033587	1196.1
0.033557	1200.1
0.033524	1204.1
0.033489	1208.2
0.033451	1212.2
0.033412	1216.2
0.033371	1220.2
0.033328	1224.3
0.033283	1228.3
0.033236	1232.3
0.033186	1236.4
0.033135	1240.4
0.033082	1244.4
0.033027	1248.4
0.03297	1252.5
0.032911	1256.5
0.03285	1260.5
0.032788	1264.5
0.032723	1268.6
0.032657	1272.6
0.032589	1276.6
0.032519	1280.7
0.032447	1284.7
0.032374	1288.7
0.032298	1292.7
0.032221	1296.8
0.032142	1300.8
0.032062	1304.8
0.03198	1308.8
0.031896	1312.9
0.03181	1316.9
0.031723	1320.9
0.031634	1325
0.031544	1329
0.031452	1333
0.031358	1337
0.031263	1341.1
0.031166	1345.1
0.031068	1349.1
0.030969	1353.1
0.030867	1357.2
0.030765	1361.2
0.030661	1365.2
0.030556	1369.3
0.030449	1373.3
0.030341	1377.3
0.030231	1381.3
0.03012	1385.4
0.030008	1389.4
0.029895	1393.4
0.02978	1397.4
0.029664	1401.5
0.029547	1405.5
0.029429	1409.5
0.029309	1413.6
0.029188	1417.6
0.029066	1421.6
0.028943	1425.6
0.028819	1429.7
0.028694	1433.7
0.028568	1437.7
0.028441	1441.7
0.028312	1445.8
0.028183	1449.8
0.028053	1453.8
0.027922	1457.9
0.02779	1461.9
0.027657	1465.9
0.027523	1469.9
0.027388	1474
0.027252	1478
0.027116	1482
0.026979	1486
0.026841	1490.1
0.026702	1494.1
0.026563	1498.1
0.026422	1502.2
0.026281	1506.2
0.02614	1510.2
0.025998	1514.2
0.025855	1518.3
0.025711	1522.3
0.025567	1526.3
0.025423	1530.3
0.025278	1534.4
0.025132	1538.4
0.024986	1542.4
0.024839	1546.5
0.024692	1550.5
0.024544	1554.5
0.024396	1558.5
0.024248	1562.6
0.024099	1566.6
0.02395	1570.6
0.0238	1574.6
0.023651	1578.7
0.0235	1582.7
0.02335	1586.7
0.023199	1590.8
0.023049	1594.8
0.022897	1598.8
0.022746	1602.8
0.022595	1606.9
0.022443	1610.9
0.022291	1614.9
0.022139	1618.9
0.021987	1623
0.021835	1627
0.021683	1631
0.021531	1635.1
0.021378	1639.1
0.021226	1643.1
0.021073	1647.1
0.020921	1651.2
0.020769	1655.2
0.020616	1659.2
0.020464	1663.2
0.020312	1667.3
0.02016	1671.3
0.020008	1675.3
0.019856	1679.4
0.019705	1683.4
0.019553	1687.4
0.019402	1691.4
0.019251	1695.5
0.0191	1699.5
0.018949	1703.5
0.018799	1707.5
0.018649	1711.6
0.018499	1715.6
0.018349	1719.6
0.0182	1723.7
0.018051	1727.7
0.017902	1731.7
0.017754	1735.7
0.017606	1739.8
0.017458	1743.8
0.017311	1747.8
0.017164	1751.8
0.017018	1755.9
0.016872	1759.9
0.016726	1763.9
0.016581	1768
0.016436	1772
0.016292	1776
0.016148	1780
0.016005	1784.1
0.015862	1788.1
0.015719	1792.1
0.015578	1796.1
0.015436	1800.2
0.015295	1804.2
0.015155	1808.2
0.015016	1812.2
0.014877	1816.3
0.014738	1820.3
0.0146	1824.3
0.014463	1828.4
0.014326	1832.4
0.01419	1836.4
0.014055	1840.4
0.01392	1844.5
0.013785	1848.5
0.013652	1852.5
0.013519	1856.5
0.013387	1860.6
0.013255	1864.6
0.013124	1868.6
0.012994	1872.7
0.012864	1876.7
0.012736	1880.7
0.012607	1884.7
0.01248	1888.8
0.012353	1892.8
0.012227	1896.8
0.012102	1900.8
0.011977	1904.9
0.011853	1908.9
0.01173	1912.9
0.011608	1917
0.011486	1921
0.011365	1925
0.011245	1929
0.011126	1933.1
0.011007	1937.1
0.010889	1941.1
0.010772	1945.1
0.010656	1949.2
0.01054	1953.2
0.010425	1957.2
0.010311	1961.3
0.010198	1965.3
0.010086	1969.3
0.009974	1973.3
0.0098631	1977.4
0.009753	1981.4
0.0096437	1985.4
0.0095352	1989.4
0.0094275	1993.5
0.0093207	1997.5
0.0092146	2001.5
0.0091093	2005.6
0.0090048	2009.6
0.0089011	2013.6
0.0087982	2017.6
0.0086961	2021.7
0.0085948	2025.7
0.0084944	2029.7
0.0083947	2033.7
0.0082958	2037.8
0.0081978	2041.8
0.0081005	2045.8
0.008004	2049.9
0.0079084	2053.9
0.0078135	2057.9
0.0077195	2061.9
0.0076262	2066
0.0075337	2070
0.0074421	2074
0.0073512	2078
0.0072611	2082.1
0.0071718	2086.1
0.0070833	2090.1
0.0069956	2094.2
0.0069087	2098.2
0.0068225	2102.2
0.0067371	2106.2
0.0066526	2110.3
0.0065688	2114.3
0.0064857	2118.3
0.0064035	2122.3
0.006322	2126.4
0.0062413	2130.4
0.0061614	2134.4
0.0060822	2138.5
0.0060038	2142.5
0.0059261	2146.5
0.0058492	2150.5
0.0057731	2154.6
0.0056977	2158.6
0.0056231	2162.6
0.0055492	2166.6
0.005476	2170.7
0.0054036	2174.7
0.0053319	2178.7
0.005261	2182.8
0.0051908	2186.8
0.0051213	2190.8
0.0050525	2194.8
0.0049844	2198.9
0.0049171	2202.9
0.0048505	2206.9
0.0047845	2210.9
0.0047193	2215
0.0046548	2219
0.004591	2223
0.0045278	2227.1
0.0044654	2231.1
0.0044036	2235.1
0.0043425	2239.1
0.0042821	2243.2
0.0042223	2247.2
0.0041632	2251.2
0.0041048	2255.2
0.004047	2259.3
0.0039899	2263.3
0.0039334	2267.3
0.0038776	2271.4
0.0038224	2275.4
0.0037678	2279.4
0.0037139	2283.4
0.0036606	2287.5
0.0036079	2291.5
0.0035558	2295.5
0.0035043	2299.5
0.0034535	2303.6
0.0034032	2307.6
0.0033535	2311.6
0.0033045	2315.7
0.003256	2319.7
0.0032081	2323.7
0.0031608	2327.7
0.003114	2331.8
0.0030679	2335.8
0.0030223	2339.8
0.0029772	2343.8
0.0029327	2347.9
0.0028888	2351.9
0.0028454	2355.9
0.0028026	2360
0.0027603	2364
0.0027185	2368
0.0026772	2372
0.0026365	2376.1
0.0025963	2380.1
0.0025566	2384.1
0.0025174	2388.1
0.0024788	2392.2
0.0024406	2396.2
0.0024029	2400.2
0.0023657	2404.3
0.002329	2408.3
0.0022928	2412.3
0.0022571	2416.3
0.0022218	2420.4
0.002187	2424.4
0.0021527	2428.4
0.0021188	2432.4
0.0020853	2436.5
0.0020524	2440.5
0.0020198	2444.5
0.0019877	2448.6
0.0019561	2452.6
0.0019249	2456.6
0.0018941	2460.6
0.0018637	2464.7
0.0018337	2468.7
0.0018042	2472.7
0.0017751	2476.7
0.0017463	2480.8
0.001718	2484.8
0.0016901	2488.8
0.0016625	2492.9
0.0016354	2496.9
0.0016086	2500.9
0.0015822	2504.9
0.0015562	2509
0.0015306	2513
0.0015053	2517
0.0014804	2521
0.0014558	2525.1
0.0014316	2529.1
0.0014078	2533.1
0.0013843	2537.1
0.0013611	2541.2
0.0013383	2545.2
0.0013158	2549.2
0.0012936	2553.3
0.0012718	2557.3
0.0012503	2561.3
0.0012291	2565.3
0.0012082	2569.4
0.0011877	2573.4
0.0011674	2577.4
0.0011475	2581.4
0.0011278	2585.5
0.0011085	2589.5
0.0010894	2593.5
0.0010706	2597.6
0.0010521	2601.6
0.0010339	2605.6
0.001016	2609.6
0.00099835	2613.7
0.00098098	2617.7
0.00096387	2621.7
0.00094702	2625.7
0.00093044	2629.8
0.00091411	2633.8
0.00089804	2637.8
0.00088222	2641.9
0.00086665	2645.9
0.00085132	2649.9
0.00083624	2653.9
0.00082139	2658
0.00080678	2662
0.0007924	2666
0.00077825	2670
0.00076433	2674.1
0.00075063	2678.1
0.00073715	2682.1
0.00072388	2686.2
0.00071083	2690.2
0.00069799	2694.2
0.00068536	2698.2
0.00067293	2702.3
0.00066071	2706.3
0.00064869	2710.3
0.00063686	2714.3
0.00062523	2718.4
0.00061378	2722.4
0.00060253	2726.4
0.00059146	2730.5
0.00058058	2734.5
0.00056987	2738.5
0.00055935	2742.5
0.000549	2746.6
0.00053882	2750.6
0.00052881	2754.6
0.00051897	2758.6
0.0005093	2762.7
0.00049979	2766.7
0.00049044	2770.7
0.00048125	2774.8
0.00047222	2778.8
0.00046334	2782.8
0.00045461	2786.8
0.00044603	2790.9
0.0004376	2794.9
0.00042931	2798.9
0.00042116	2802.9
0.00041316	2807
0.00040529	2811
0.00039757	2815
0.00038997	2819.1
0.00038251	2823.1
0.00037518	2827.1
0.00036797	2831.1
0.0003609	2835.2
0.00035394	2839.2
0.00034711	2843.2
0.0003404	2847.2
0.00033381	2851.3
0.00032734	2855.3
0.00032098	2859.3
0.00031473	2863.4
0.0003086	2867.4
0.00030257	2871.4
0.00029665	2875.4
0.00029084	2879.5
0.00028514	2883.5
0.00027953	2887.5
0.00027403	2891.5
0.00026863	2895.6
0.00026332	2899.6
0.00025811	2903.6
0.000253	2907.7
0.00024798	2911.7
0.00024305	2915.7
0.00023821	2919.7
0.00023346	2923.8
0.0002288	2927.8
0.00022422	2931.8
0.00021973	2935.8
0.00021532	2939.9
0.00021099	2943.9
0.00020675	2947.9
0.00020258	2952
0.00019849	2956
0.00019448	2960
0.00019054	2964
0.00018667	2968.1
0.00018288	2972.1
0.00017916	2976.1
0.00017551	2980.1
0.00017192	2984.2
0.00016841	2988.2
0.00016496	2992.2
0.00016158	2996.3
0.00015826	3000.3
0.00015501	3004.3
0.00015181	3008.3
0.00014868	3012.4
0.00014561	3016.4
0.0001426	3020.4
0.00013964	3024.4
0.00013675	3028.5
0.0001339	3032.5
0.00013112	3036.5
0.00012838	3040.6
0.0001257	3044.6
0.00012308	3048.6
0.0001205	3052.6
0.00011797	3056.7
0.0001155	3060.7
0.00011307	3064.7
0.00011069	3068.7
0.00010835	3072.8
0.00010606	3076.8
0.00010382	3080.8
0.00010162	3084.9
9.9467e-05	3088.9
9.7354e-05	3092.9
9.5284e-05	3096.9
9.3254e-05	3101
9.1265e-05	3105
8.9316e-05	3109
8.7405e-05	3113
8.5533e-05	3117.1
8.3699e-05	3121.1
8.1901e-05	3125.1
8.014e-05	3129.2
7.8414e-05	3133.2
7.6722e-05	3137.2
7.5065e-05	3141.2
7.3442e-05	3145.3
7.1852e-05	3149.3
7.0293e-05	3153.3
6.8767e-05	3157.3
6.7272e-05	3161.4
6.5807e-05	3165.4
6.4372e-05	3169.4
6.2967e-05	3173.5
6.159e-05	3177.5
6.0242e-05	3181.5
5.8921e-05	3185.5
5.7628e-05	3189.6
5.6361e-05	3193.6
5.5121e-05	3197.6
5.3906e-05	3201.6
5.2717e-05	3205.7
5.1552e-05	3209.7
5.0412e-05	3213.7
4.9295e-05	3217.8
4.8201e-05	3221.8
4.7131e-05	3225.8
4.6083e-05	3229.8
4.5056e-05	3233.9
4.4052e-05	3237.9
4.3068e-05	3241.9
4.2105e-05	3245.9
4.1163e-05	3250
4.024e-05	3254
3.9337e-05	3258
3.8453e-05	3262
3.7588e-05	3266.1
3.6741e-05	3270.1
3.5913e-05	3274.1
3.5102e-05	3278.2
3.4308e-05	3282.2
3.3531e-05	3286.2
3.2771e-05	3290.2
3.2027e-05	3294.3
3.1299e-05	3298.3
3.0587e-05	3302.3
2.989e-05	3306.3
2.9208e-05	3310.4
2.8541e-05	3314.4
2.7888e-05	3318.4
2.725e-05	3322.5
2.6625e-05	3326.5
2.6014e-05	3330.5
2.5416e-05	3334.5
2.4831e-05	3338.6
2.4259e-05	3342.6
2.37e-05	3346.6
2.3153e-05	3350.6
2.2617e-05	3354.7
2.2094e-05	3358.7
2.1582e-05	3362.7
2.1081e-05	3366.8
2.0591e-05	3370.8
2.0112e-05	3374.8
1.9644e-05	3378.8
1.9186e-05	3382.9
1.8738e-05	3386.9
1.83e-05	3390.9
1.7872e-05	3394.9
1.7453e-05	3399
1.7044e-05	3403
1.6644e-05	3407
1.6252e-05	3411.1
1.587e-05	3415.1
1.5496e-05	3419.1
1.513e-05	3423.1
1.4773e-05	3427.2
1.4424e-05	3431.2
1.4082e-05	3435.2
1.3748e-05	3439.2
1.3422e-05	3443.3
1.3103e-05	3447.3
1.2792e-05	3451.3
1.2487e-05	3455.4
1.219e-05	3459.4
1.1899e-05	3463.4
1.1615e-05	3467.4
1.1337e-05	3471.5
1.1065e-05	3475.5
1.08e-05	3479.5
1.0541e-05	3483.5
1.0288e-05	3487.6
1.004e-05	3491.6
9.7985e-06	3495.6
9.5623e-06	3499.7
9.3316e-06	3503.7
9.1062e-06	3507.7
8.8859e-06	3511.7
8.6708e-06	3515.8
8.4606e-06	3519.8
8.2554e-06	3523.8
8.0548e-06	3527.8
7.8589e-06	3531.9
7.6676e-06	3535.9
7.4808e-06	3539.9
7.2983e-06	3544
7.12e-06	3548
6.9459e-06	3552
6.7759e-06	3556
6.6099e-06	3560.1
6.4477e-06	3564.1
6.2894e-06	3568.1
6.1348e-06	3572.1
5.9838e-06	3576.2
5.8364e-06	3580.2
5.6925e-06	3584.2
5.5519e-06	3588.3
5.4147e-06	3592.3
5.2808e-06	3596.3
5.15e-06	3600.3
5.0223e-06	3604.4
4.8976e-06	3608.4
4.776e-06	3612.4
4.6572e-06	3616.4
4.5412e-06	3620.5
4.428e-06	3624.5
4.3176e-06	3628.5
4.2097e-06	3632.6
4.1045e-06	3636.6
4.0017e-06	3640.6
3.9015e-06	3644.6
3.8036e-06	3648.7
3.7082e-06	3652.7
3.615e-06	3656.7
3.524e-06	3660.7
3.4353e-06	3664.8
3.3487e-06	3668.8
3.2642e-06	3672.8
3.1817e-06	3676.9
3.1013e-06	3680.9
3.0228e-06	3684.9
2.9462e-06	3688.9
2.8715e-06	3693
2.7986e-06	3697
2.7274e-06	3701
2.6581e-06	3705
2.5904e-06	3709.1
2.5243e-06	3713.1
2.4599e-06	3717.1
2.3971e-06	3721.2
2.3358e-06	3725.2
2.276e-06	3729.2
2.2177e-06	3733.2
2.1609e-06	3737.3
2.1054e-06	3741.3
2.0513e-06	3745.3
1.9986e-06	3749.3
1.9471e-06	3753.4
1.8969e-06	3757.4
1.848e-06	3761.4
1.8003e-06	3765.5
1.7538e-06	3769.5
1.7084e-06	3773.5
1.6642e-06	3777.5
1.621e-06	3781.6
1.579e-06	3785.6
1.538e-06	3789.6
1.498e-06	3793.6
1.459e-06	3797.7
1.421e-06	3801.7
1.384e-06	3805.7
1.3479e-06	3809.8
1.3127e-06	3813.8
1.2784e-06	3817.8
1.2449e-06	3821.8
1.2123e-06	3825.9
1.1805e-06	3829.9
1.1495e-06	3833.9
1.1194e-06	3837.9
1.0899e-06	3842
1.0612e-06	3846
1.0333e-06	3850
1.0061e-06	3854.1
9.7951e-07	3858.1
9.5364e-07	3862.1
9.2843e-07	3866.1
9.0386e-07	3870.2
8.7992e-07	3874.2
8.5659e-07	3878.2
8.3386e-07	3882.2
8.1172e-07	3886.3
7.9014e-07	3890.3
7.6912e-07	3894.3
7.4864e-07	3898.4
7.2868e-07	3902.4
7.0924e-07	3906.4
6.903e-07	3910.4
6.7185e-07	3914.5
6.5388e-07	3918.5
6.3637e-07	3922.5
6.1931e-07	3926.5
6.027e-07	3930.6
5.8652e-07	3934.6
5.7076e-07	3938.6
5.5541e-07	3942.6
5.4046e-07	3946.7
5.2589e-07	3950.7
5.1171e-07	3954.7
4.979e-07	3958.8
4.8445e-07	3962.8
4.7135e-07	3966.8
4.5859e-07	3970.8
4.4617e-07	3974.9
4.3407e-07	3978.9
4.2229e-07	3982.9
4.1083e-07	3986.9
3.9966e-07	3991
3.8879e-07	3995
3.782e-07	3999
3.6789e-07	4003.1
3.5786e-07	4007.1
3.4809e-07	4011.1
3.3858e-07	4015.1
3.2932e-07	4019.2
3.203e-07	4023.2
3.1153e-07	4027.2
3.0299e-07	4031.2
2.9467e-07	4035.3
2.8658e-07	4039.3
2.787e-07	4043.3
2.7103e-07	4047.4
2.6357e-07	4051.4
2.5631e-07	4055.4
2.4924e-07	4059.4
2.4236e-07	4063.5
2.3566e-07	4067.5
2.2915e-07	4071.5
2.2281e-07	4075.5
2.1663e-07	4079.6
2.1063e-07	4083.6
2.0479e-07	4087.6
1.991e-07	4091.7
1.9357e-07	4095.7
1.8818e-07	4099.7
1.8294e-07	4103.7
1.7785e-07	4107.8
1.7289e-07	4111.8
1.6806e-07	4115.8
1.6337e-07	4119.8
1.588e-07	4123.9
1.5436e-07	4127.9
1.5004e-07	4131.9
1.4584e-07	4136
1.4175e-07	4140
1.3777e-07	4144
1.339e-07	4148
1.3013e-07	4152.1
1.2647e-07	4156.1
1.2291e-07	4160.1
1.1945e-07	4164.1
1.1608e-07	4168.2
1.128e-07	4172.2
1.0962e-07	4176.2
1.0652e-07	4180.3
1.035e-07	4184.3
1.0057e-07	4188.3
9.7722e-08	4192.3
9.4951e-08	4196.4
9.2256e-08	4200.4
8.9635e-08	4204.4
8.7087e-08	4208.4
8.4609e-08	4212.5
8.22e-08	4216.5
7.9857e-08	4220.5
7.758e-08	4224.6
7.5366e-08	4228.6
7.3213e-08	4232.6
7.112e-08	4236.6
6.9085e-08	4240.7
6.7108e-08	4244.7
6.5185e-08	4248.7
6.3315e-08	4252.7
6.1498e-08	4256.8
5.9732e-08	4260.8
5.8015e-08	4264.8
5.6346e-08	4268.9
5.4724e-08	4272.9
5.3148e-08	4276.9
5.1615e-08	4280.9
5.0126e-08	4285
4.8679e-08	4289
4.7272e-08	4293
4.5905e-08	4297
4.4576e-08	4301.1
4.3285e-08	4305.1
4.203e-08	4309.1
4.0811e-08	4313.2
3.9626e-08	4317.2
3.8475e-08	4321.2
3.7356e-08	4325.2
3.6269e-08	4329.3
3.5213e-08	4333.3
3.4187e-08	4337.3
3.319e-08	4341.3
3.2222e-08	4345.4
3.128e-08	4349.4
3.0366e-08	4353.4
2.9478e-08	4357.5
2.8615e-08	4361.5
2.7777e-08	4365.5
2.6963e-08	4369.5
2.6172e-08	4373.6
2.5403e-08	4377.6
2.4657e-08	4381.6
2.3932e-08	4385.6
2.3228e-08	4389.7
2.2544e-08	4393.7
2.188e-08	4397.7
2.1234e-08	4401.8
2.0608e-08	4405.8
1.9999e-08	4409.8
1.9408e-08	4413.8
1.8834e-08	4417.9
1.8277e-08	4421.9
1.7736e-08	4425.9
1.721e-08	4429.9
1.67e-08	4434
1.6204e-08	4438
1.5723e-08	4442
1.5256e-08	4446.1
1.4802e-08	4450.1
1.4361e-08	4454.1
1.3934e-08	4458.1
1.3518e-08	4462.2
1.3115e-08	4466.2
1.2724e-08	4470.2
1.2344e-08	4474.2
1.1975e-08	4478.3
1.1617e-08	4482.3
1.1269e-08	4486.3
1.0932e-08	4490.4
1.0604e-08	4494.4
1.0286e-08	4498.4
9.9776e-09	4502.4
9.678e-09	4506.5
9.3872e-09	4510.5
9.1049e-09	4514.5
8.831e-09	4518.5
8.5652e-09	4522.6
8.3072e-09	4526.6
8.0568e-09	4530.6
7.8138e-09	4534.7
7.578e-09	4538.7
7.3491e-09	4542.7
7.1271e-09	4546.7
6.9116e-09	4550.8
6.7025e-09	4554.8
6.4996e-09	4558.8
6.3027e-09	4562.8
6.1117e-09	4566.9
5.9264e-09	4570.9
5.7466e-09	4574.9
5.5722e-09	4579
5.4029e-09	4583
5.2387e-09	4587
5.0795e-09	4591
4.9249e-09	4595.1
4.7751e-09	4599.1
4.6297e-09	4603.1
4.4886e-09	4607.1
4.3518e-09	4611.2
4.2191e-09	4615.2
4.0905e-09	4619.2
3.9656e-09	4623.3
3.8446e-09	4627.3
3.7272e-09	4631.3
3.6133e-09	4635.3
3.5029e-09	4639.4
3.3958e-09	4643.4
3.292e-09	4647.4
3.1913e-09	4651.4
3.0937e-09	4655.5
2.9991e-09	4659.5
2.9073e-09	4663.5
2.8184e-09	4667.5
2.7321e-09	4671.6
2.6485e-09	4675.6
2.5675e-09	4679.6
2.4889e-09	4683.7
2.4128e-09	4687.7
2.339e-09	4691.7
2.2675e-09	4695.7
2.1982e-09	4699.8
2.1311e-09	4703.8
2.066e-09	4707.8
2.0029e-09	4711.8
1.9419e-09	4715.9
1.8827e-09	4719.9
1.8254e-09	4723.9
1.7699e-09	4728
1.7161e-09	4732
1.664e-09	4736
1.6136e-09	4740
1.5647e-09	4744.1
1.5175e-09	4748.1
1.4717e-09	4752.1
1.4274e-09	4756.1
1.3845e-09	4760.2
1.343e-09	4764.2
1.3028e-09	4768.2
1.264e-09	4772.3
1.2264e-09	4776.3
1.1901e-09	4780.3
1.1549e-09	4784.3
1.1209e-09	4788.4
1.088e-09	4792.4
1.0563e-09	4796.4
1.0256e-09	4800.4
9.9594e-10	4804.5
9.673e-10	4808.5
9.3965e-10	4812.5
9.1295e-10	4816.6
8.8718e-10	4820.6
8.6231e-10	4824.6
8.3833e-10	4828.6
8.1521e-10	4832.7
7.9292e-10	4836.7
7.7144e-10	4840.7
7.5076e-10	4844.7
7.3085e-10	4848.8
7.117e-10	4852.8
6.9328e-10	4856.8
6.7558e-10	4860.9
6.5857e-10	4864.9
6.4225e-10	4868.9
6.266e-10	4872.9
6.116e-10	4877
5.9723e-10	4881
5.8349e-10	4885
5.7036e-10	4889
5.5782e-10	4893.1
5.4587e-10	4897.1
5.3449e-10	4901.1
5.2367e-10	4905.2
5.1341e-10	4909.2
5.0368e-10	4913.2
4.9449e-10	4917.2
4.8582e-10	4921.3
4.7766e-10	4925.3
4.7e-10	4929.3
4.6285e-10	4933.3
4.5619e-10	4937.4
4.5001e-10	4941.4
4.4431e-10	4945.4
4.3909e-10	4949.5
4.3433e-10	4953.5
4.3004e-10	4957.5
4.2621e-10	4961.5
4.2284e-10	4965.6
4.1992e-10	4969.6
4.1745e-10	4973.6
4.1543e-10	4977.6
4.1386e-10	4981.7
4.1274e-10	4985.7
4.1206e-10	4989.7
4.1183e-10	4993.8
4.1205e-10	4997.8
4.1271e-10	5001.8
4.1382e-10	5005.8
4.1538e-10	5009.9
4.174e-10	5013.9
4.1987e-10	5017.9
4.228e-10	5021.9
4.2619e-10	5026
4.3005e-10	5030
