7.0365e-16	0
0.000615	20.05
0.0012307	40.1
0.0018476	60.15
0.0024661	80.201
0.0030863	100.25
0.0037082	120.3
0.0043317	140.35
0.0049566	160.4
0.0055825	180.45
0.0062091	200.5
0.006836	220.55
0.0074628	240.6
0.0080892	260.65
0.0087146	280.7
0.0093386	300.75
0.0099605	320.8
0.01058	340.85
0.011195	360.9
0.011807	380.95
0.012413	401
0.013013	421.05
0.013606	441.1
0.014192	461.15
0.014769	481.2
0.015302	500
0.015338	501.25
0.015896	521.3
0.016444	541.35
0.016981	561.4
0.017507	581.45
0.018021	601.5
0.018522	621.55
0.019011	641.6
0.019486	661.65
0.019948	681.7
0.020396	701.75
0.02083	721.8
0.021249	741.85
0.021652	761.9
0.022041	781.95
0.022414	802.01
0.022771	822.06
0.023111	842.11
0.023436	862.16
0.023743	882.21
0.024034	902.26
0.024308	922.31
0.024564	942.36
0.024804	962.41
0.025026	982.46
0.025231	1002.5
0.025418	1022.6
0.025588	1042.6
0.025741	1062.7
0.025877	1082.7
0.025996	1102.8
0.026098	1122.8
0.026184	1142.9
0.026253	1162.9
0.026306	1183
0.026343	1203
0.026364	1223.1
0.02637	1243.1
0.02636	1263.2
0.026336	1283.2
0.026297	1303.3
0.026244	1323.3
0.026177	1343.4
0.026096	1363.4
0.026002	1383.5
0.025895	1403.5
0.025776	1423.6
0.025644	1443.6
0.0255	1463.7
0.025345	1483.7
0.025179	1503.8
0.025002	1523.8
0.024815	1543.9
0.024618	1563.9
0.024411	1584
0.024195	1604
0.023971	1624.1
0.023738	1644.1
0.023496	1664.2
0.023248	1684.2
0.022992	1704.3
0.022729	1724.3
0.022459	1744.4
0.022184	1764.4
0.021903	1784.5
0.021617	1804.5
0.021325	1824.6
0.021029	1844.6
0.020729	1864.7
0.020425	1884.7
0.020118	1904.8
0.019807	1924.8
0.019494	1944.9
0.019178	1964.9
0.01886	1985
0.01854	2005
0.018219	2025.1
0.017897	2045.1
0.017574	2065.2
0.01725	2085.2
0.016926	2105.3
0.016602	2125.3
0.016279	2145.4
0.015956	2165.4
0.015634	2185.5
0.015313	2205.5
0.014993	2225.6
0.014675	2245.6
0.014358	2265.7
0.014044	2285.7
0.013731	2305.8
0.013422	2325.8
0.013114	2345.9
0.01281	2365.9
0.012508	2386
0.012209	2406
0.011914	2426.1
0.011622	2446.1
0.011333	2466.2
0.011048	2486.2
0.010767	2506.3
0.010489	2526.3
0.010215	2546.4
0.0099455	2566.4
0.0096799	2586.5
0.0094183	2606.5
0.009161	2626.6
0.008908	2646.6
0.0086592	2666.7
0.0084148	2686.7
0.0081748	2706.8
0.0079391	2726.8
0.0077079	2746.9
0.0074812	2766.9
0.0072589	2787
0.0070411	2807
0.0068277	2827.1
0.0066189	2847.1
0.0064144	2867.2
0.0062144	2887.2
0.0060189	2907.3
0.0058277	2927.3
0.0056409	2947.4
0.0054585	2967.4
0.0052803	2987.5
0.0051064	3007.5
0.0049367	3027.6
0.0047712	3047.6
0.0046099	3067.7
0.0044526	3087.7
0.0042994	3107.8
0.0041501	3127.8
0.0040047	3147.9
0.0038632	3167.9
0.0037255	3188
0.0035916	3208
0.0034613	3228.1
0.0033346	3248.1
0.0032114	3268.2
0.0030917	3288.2
0.0029755	3308.3
0.0028625	3328.3
0.0027528	3348.4
0.0026463	3368.4
0.0025429	3388.5
0.0024426	3408.5
0.0023452	3428.6
0.0022508	3448.6
0.0021592	3468.7
0.0020703	3488.7
0.0019841	3508.8
0.0019006	3528.8
0.0018195	3548.9
0.001741	3568.9
0.0016648	3589
0.001591	3609
0.0015194	3629.1
0.00145	3649.1
0.0013827	3669.2
0.0013175	3689.2
0.0012542	3709.3
0.0011929	3729.3
0.0011334	3749.4
0.0010756	3769.4
0.0010196	3789.5
0.00096514	3809.5
0.00091228	3829.6
0.00086093	3849.6
0.000811	3869.7
0.00076244	3889.7
0.00071517	3909.8
0.00071465	3910
