3.5223e-16	0
0.00044355	20.05
0.00088833	40.1
0.0013356	60.15
0.0017865	80.201
0.0022422	100.25
0.0027038	120.3
0.0031722	140.35
0.0036481	160.4
0.0041325	180.45
0.0046257	200.5
0.0051282	220.55
0.0056397	240.6
0.0061599	260.65
0.006688	280.7
0.007223	300.75
0.0077637	320.8
0.008309	340.85
0.0088576	360.9
0.0094082	380.95
0.0099599	401
0.010512	421.05
0.011062	441.1
0.011611	461.15
0.012157	481.2
0.012666	500
0.0127	501.25
0.013239	521.3
0.013773	541.35
0.014302	561.4
0.014825	581.45
0.015342	601.5
0.015851	621.55
0.016353	641.6
0.016847	661.65
0.017333	681.7
0.017809	701.75
0.018275	721.8
0.018731	741.85
0.019176	761.9
0.01961	781.95
0.020033	802.01
0.020443	822.06
0.020841	842.11
0.021226	862.16
0.021598	882.21
0.021957	902.26
0.022302	922.31
0.022633	942.36
0.02295	962.41
0.023252	982.46
0.02354	1002.5
0.023813	1022.6
0.024071	1042.6
0.024313	1062.7
0.024541	1082.7
0.024752	1102.8
0.024949	1122.8
0.02513	1142.9
0.025295	1162.9
0.025445	1183
0.025579	1203
0.025698	1223.1
0.025801	1243.1
0.025888	1263.2
0.025961	1283.2
0.026018	1303.3
0.026059	1323.3
0.026086	1343.4
0.026098	1363.4
0.026095	1383.5
0.026078	1403.5
0.026047	1423.6
0.026001	1443.6
0.025942	1463.7
0.025869	1483.7
0.025783	1503.8
0.025684	1523.8
0.025572	1543.9
0.025447	1563.9
0.025311	1584
0.025163	1604
0.025004	1624.1
0.024834	1644.1
0.024653	1664.2
0.024461	1684.2
0.02426	1704.3
0.02405	1724.3
0.02383	1744.4
0.023602	1764.4
0.023365	1784.5
0.02312	1804.5
0.022868	1824.6
0.022609	1844.6
0.022343	1864.7
0.022071	1884.7
0.021792	1904.8
0.021509	1924.8
0.02122	1944.9
0.020926	1964.9
0.020629	1985
0.020327	2005
0.020022	2025.1
0.019713	2045.1
0.019402	2065.2
0.019088	2085.2
0.018772	2105.3
0.018454	2125.3
0.018135	2145.4
0.017815	2165.4
0.017493	2185.5
0.017172	2205.5
0.01685	2225.6
0.016528	2245.6
0.016207	2265.7
0.015886	2285.7
0.015566	2305.8
0.015247	2325.8
0.01493	2345.9
0.014614	2365.9
0.0143	2386
0.013988	2406
0.013679	2426.1
0.013371	2446.1
0.013067	2466.2
0.012765	2486.2
0.012466	2506.3
0.01217	2526.3
0.011878	2546.4
0.011588	2566.4
0.011303	2586.5
0.011021	2606.5
0.010742	2626.6
0.010468	2646.6
0.010197	2666.7
0.0099303	2686.7
0.0096677	2706.8
0.0094093	2726.8
0.009155	2746.9
0.008905	2766.9
0.0086593	2787
0.0084179	2807
0.0081809	2827.1
0.0079483	2847.1
0.0077201	2867.2
0.0074964	2887.2
0.0072771	2907.3
0.0070622	2927.3
0.0068518	2947.4
0.0066459	2967.4
0.0064443	2987.5
0.0062472	3007.5
0.0060545	3027.6
0.0058661	3047.6
0.0056821	3067.7
0.0055024	3087.7
0.005327	3107.8
0.0051558	3127.8
0.0049888	3147.9
0.004826	3167.9
0.0046673	3188
0.0045127	3208
0.004362	3228.1
0.0042154	3248.1
0.0040726	3268.2
0.0039337	3288.2
0.0037986	3308.3
0.0036673	3328.3
0.0035396	3348.4
0.0034155	3368.4
0.0032949	3388.5
0.0031779	3408.5
0.0030643	3428.6
0.002954	3448.6
0.002847	3468.7
0.0027433	3488.7
0.0026427	3508.8
0.0025452	3528.8
0.0024507	3548.9
0.0023592	3568.9
0.0022705	3589
0.0021847	3609
0.0021017	3629.1
0.0020213	3649.1
0.0019436	3669.2
0.0018685	3689.2
0.0017958	3709.3
0.0017256	3729.3
0.0016578	3749.4
0.0015923	3769.4
0.001529	3789.5
0.0014679	3809.5
0.001409	3829.6
0.0013521	3849.6
0.0012973	3869.7
0.0012443	3889.7
0.0011933	3909.8
0.0011442	3929.8
0.0010968	3949.9
0.0010511	3969.9
0.0010072	3990
0.00096484	4010
0.00092409	4030.1
0.00088487	4050.1
0.00084713	4070.2
0.00081082	4090.2
0.0007759	4110.3
0.00074233	4130.3
0.00071005	4150.4
0.00067903	4170.4
0.00064923	4190.5
0.00062059	4210.5
0.00059308	4230.6
0.00056667	4250.6
0.00054131	4270.7
0.00051697	4290.7
0.00049361	4310.8
0.0004712	4330.8
0.0004497	4350.9
0.00042908	4370.9
0.0004093	4391
0.00039035	4411
0.00037218	4431.1
0.00035476	4451.1
0.00033808	4471.2
0.0003221	4491.2
0.00030678	4511.3
0.00029212	4531.3
0.00027808	4551.4
0.00026464	4571.4
0.00025177	4591.5
0.00023945	4611.5
0.00022765	4631.6
0.00021637	4651.6
0.00020557	4671.7
0.00019524	4691.7
0.00018535	4711.8
0.00017589	4731.8
0.00016684	4751.9
0.00015818	4771.9
0.0001499	4792
0.00014197	4812
0.00013438	4832.1
0.00012713	4852.1
0.00012018	4872.2
0.00011353	4892.2
0.00010716	4912.3
0.00010106	4932.3
9.5217e-05	4952.4
8.9616e-05	4972.4
8.4246e-05	4992.5
7.9093e-05	5012.5
7.4773e-05	5030
