1.6925e-16	0
5.9364e-05	20.05
0.00012183	40.1
0.00019067	60.15
0.00026942	80.201
0.00036198	100.25
0.00047266	120.3
0.00060613	140.35
0.00076769	160.4
0.00096352	180.45
0.0012004	200.5
0.001485	220.55
0.0018236	240.6
0.0022214	260.65
0.0026822	280.7
0.0032084	300.75
0.0038005	320.8
0.0044584	340.85
0.0051795	360.9
0.0059611	380.95
0.0068003	401
0.007692	421.05
0.0086323	441.1
0.0096183	461.15
0.010646	481.2
0.011643	500
0.01171	501.25
0.012808	521.3
0.013936	541.35
0.015089	561.4
0.016262	581.45
0.017451	601.5
0.01865	621.55
0.019854	641.6
0.021055	661.65
0.022249	681.7
0.02343	701.75
0.02459	721.8
0.025723	741.85
0.026824	761.9
0.027888	781.95
0.028907	802.01
0.029878	822.06
0.030794	842.11
0.031652	862.16
0.032447	882.21
0.033177	902.26
0.033836	922.31
0.034423	942.36
0.034936	962.41
0.035372	982.46
0.035731	1002.5
0.03601	1022.6
0.036211	1042.6
0.036332	1062.7
0.036376	1082.7
0.036341	1102.8
0.03623	1122.8
0.036045	1142.9
0.035787	1162.9
0.035459	1183
0.035063	1203
0.034604	1223.1
0.034083	1243.1
0.033504	1263.2
0.032873	1283.2
0.032191	1303.3
0.031464	1323.3
0.030695	1343.4
0.029889	1363.4
0.029051	1383.5
0.028183	1403.5
0.027292	1423.6
0.02638	1443.6
0.025453	1463.7
0.024515	1483.7
0.023569	1503.8
0.022619	1523.8
0.021669	1543.9
0.020723	1563.9
0.019783	1584
0.018854	1604
0.017937	1624.1
0.017035	1644.1
0.016151	1664.2
0.015288	1684.2
0.014446	1704.3
0.013628	1724.3
0.012835	1744.4
0.012068	1764.4
0.011329	1784.5
0.010617	1804.5
0.0099347	1824.6
0.0092812	1844.6
0.008657	1864.7
0.0080623	1884.7
0.0074967	1904.8
0.00696	1924.8
0.0064518	1944.9
0.0059717	1964.9
0.005519	1985
0.0050931	2005
0.0046931	2025.1
0.0043182	2045.1
0.0039675	2065.2
0.0036401	2085.2
0.0033349	2105.3
0.0030509	2125.3
0.0027872	2145.4
0.0025428	2165.4
0.0023166	2185.5
0.0021077	2205.5
0.001915	2225.6
0.0017376	2245.6
0.0015745	2265.7
0.0014248	2285.7
0.0012877	2305.8
0.0011622	2325.8
0.0010476	2345.9
0.00094315	2365.9
0.000848	2386
0.0007615	2406
0.00068297	2426.1
0.00061178	2446.1
0.00054733	2466.2
0.00048908	2486.2
0.00043649	2506.3
0.00038909	2526.3
0.00034642	2546.4
0.00030806	2566.4
0.00027363	2586.5
0.00024276	2606.5
0.00021512	2626.6
0.00019041	2646.6
0.00016835	2666.7
0.00014867	2686.7
0.00013115	2706.8
0.00011556	2726.8
0.00010171	2746.9
8.942e-05	2766.9
7.8529e-05	2787
6.8888e-05	2807
6.0365e-05	2827.1
5.2839e-05	2847.1
4.6202e-05	2867.2
4.0356e-05	2887.2
3.5212e-05	2907.3
3.0692e-05	2927.3
2.6724e-05	2947.4
2.3245e-05	2967.4
2.0198e-05	2987.5
1.7532e-05	3007.5
1.5203e-05	3027.6
1.3169e-05	3047.6
1.1396e-05	3067.7
9.852e-06	3087.7
8.5086e-06	3107.8
7.341e-06	3127.8
6.3274e-06	3147.9
5.4484e-06	3167.9
4.687e-06	3188
4.0281e-06	3208
3.4585e-06	3228.1
2.9666e-06	3248.1
2.5422e-06	3268.2
2.1765e-06	3288.2
1.8616e-06	3308.3
1.5908e-06	3328.3
1.3581e-06	3348.4
1.1583e-06	3368.4
9.8708e-07	3388.5
8.4036e-07	3408.5
7.148e-07	3428.6
6.0745e-07	3448.6
5.1575e-07	3468.7
4.3751e-07	3488.7
3.708e-07	3508.8
3.1399e-07	3528.8
2.6564e-07	3548.9
2.2454e-07	3568.9
1.8964e-07	3589
1.6002e-07	3609
1.3491e-07	3629.1
1.1364e-07	3649.1
9.5643e-08	3669.2
8.0427e-08	3689.2
6.7574e-08	3709.3
5.6728e-08	3729.3
4.7582e-08	3749.4
3.9877e-08	3769.4
3.3392e-08	3789.5
2.7939e-08	3809.5
2.3357e-08	3829.6
1.951e-08	3849.6
1.6283e-08	3869.7
1.3579e-08	3889.7
1.1315e-08	3909.8
9.4209e-09	3929.8
7.8374e-09	3949.9
6.5148e-09	3969.9
5.4112e-09	3990
4.4908e-09	4010
3.7241e-09	4030.1
3.0858e-09	4050.1
2.5549e-09	4070.2
2.1137e-09	4090.2
1.7473e-09	4110.3
1.4433e-09	4130.3
1.1912e-09	4150.4
9.8241e-10	4170.4
8.0956e-10	4190.5
6.6658e-10	4210.5
5.4842e-10	4230.6
4.5084e-10	4250.6
3.7031e-10	4270.7
3.039e-10	4290.7
2.4919e-10	4310.8
2.0415e-10	4330.8
1.6711e-10	4350.9
1.3666e-10	4370.9
1.1165e-10	4391
9.1127e-11	4411
7.43e-11	4431.1
6.0512e-11	4451.1
4.9225e-11	4471.2
3.9992e-11	4491.2
3.2445e-11	4511.3
2.6281e-11	4531.3
2.1251e-11	4551.4
1.7149e-11	4571.4
1.3808e-11	4591.5
1.1087e-11	4611.5
8.874e-12	4631.6
7.0754e-12	4651.6
5.6151e-12	4671.7
4.4306e-12	4691.7
3.471e-12	4711.8
2.6945e-12	4731.8
2.0672e-12	4751.9
1.5613e-12	4771.9
1.1542e-12	4792
8.2772e-13	4812
5.6693e-13	4832.1
3.5989e-13	4852.1
1.97e-13	4872.2
7.0634e-14	4892.2
-2.5192e-14	4912.3
-9.5076e-14	4932.3
-1.4242e-13	4952.4
-1.6956e-13	4972.4
-1.7789e-13	4992.5
-1.6786e-13	5012.5
-1.4385e-13	5030
