-5.1344e-16	0
0.00072554	20.05
0.0014553	40.1
0.002193	60.15
0.0029414	80.201
0.003702	100.25
0.0044758	120.3
0.0052637	140.35
0.0060658	160.4
0.0068818	180.45
0.0077112	200.5
0.0085533	220.55
0.0094076	240.6
0.010274	260.65
0.01115	280.7
0.012036	300.75
0.01293	320.8
0.013829	340.85
0.014731	360.9
0.015633	380.95
0.016531	401
0.017423	421.05
0.018304	441.1
0.019172	461.15
0.020025	481.2
0.020807	500
0.020858	501.25
0.021671	521.3
0.022461	541.35
0.023226	561.4
0.023964	581.45
0.024674	601.5
0.025354	621.55
0.026003	641.6
0.026621	661.65
0.027205	681.7
0.027755	701.75
0.02827	721.8
0.02875	741.85
0.029192	761.9
0.029597	781.95
0.029964	802.01
0.030292	822.06
0.030581	842.11
0.03083	862.16
0.03104	882.21
0.031209	902.26
0.031339	922.31
0.031429	942.36
0.031479	962.41
0.03149	982.46
0.031463	1002.5
0.031399	1022.6
0.031298	1042.6
0.031161	1062.7
0.030989	1082.7
0.030785	1102.8
0.030548	1122.8
0.030281	1142.9
0.029985	1162.9
0.029662	1183
0.029312	1203
0.028938	1223.1
0.028541	1243.1
0.028122	1263.2
0.027684	1283.2
0.027227	1303.3
0.026754	1323.3
0.026265	1343.4
0.025762	1363.4
0.025248	1383.5
0.024722	1403.5
0.024186	1423.6
0.023643	1443.6
0.023092	1463.7
0.022536	1483.7
0.021976	1503.8
0.021412	1523.8
0.020847	1543.9
0.02028	1563.9
0.019713	1584
0.019148	1604
0.018584	1624.1
0.018024	1644.1
0.017467	1664.2
0.016914	1684.2
0.016367	1704.3
0.015826	1724.3
0.015292	1744.4
0.014764	1764.4
0.014245	1784.5
0.013734	1804.5
0.013232	1824.6
0.012739	1844.6
0.012256	1864.7
0.011783	1884.7
0.01132	1904.8
0.010868	1924.8
0.010426	1944.9
0.0099959	1964.9
0.0095767	1985
0.0091689	2005
0.0087725	2025.1
0.0083876	2045.1
0.0080142	2065.2
0.0076523	2085.2
0.0073019	2105.3
0.0069629	2125.3
0.0066354	2145.4
0.0063191	2165.4
0.006014	2185.5
0.0057199	2205.5
0.0054368	2225.6
0.0051644	2245.6
0.0049025	2265.7
0.004651	2285.7
0.0044096	2305.8
0.0041781	2325.8
0.0039563	2345.9
0.003744	2365.9
0.0035409	2386
0.0033468	2406
0.0031615	2426.1
0.0029846	2446.1
0.0028159	2466.2
0.0026552	2486.2
0.0025022	2506.3
0.0023566	2526.3
0.0022182	2546.4
0.0020867	2566.4
0.0019618	2586.5
0.0018434	2606.5
0.0017311	2626.6
0.0016248	2646.6
0.0015241	2666.7
0.0014289	2686.7
0.0013389	2706.8
0.0012539	2726.8
0.0011736	2746.9
0.0010978	2766.9
0.0010264	2787
0.00095914	2807
0.00089579	2827.1
0.00083618	2847.1
0.00078012	2867.2
0.00072744	2887.2
0.00067797	2907.3
0.00063155	2927.3
0.000588	2947.4
0.00054717	2967.4
0.00050893	2987.5
0.00047312	3007.5
0.00043962	3027.6
0.00040829	3047.6
0.00037902	3067.7
0.00035167	3087.7
0.00032615	3107.8
0.00030235	3127.8
0.00028016	3147.9
0.00025948	3167.9
0.00024023	3188
0.00022232	3208
0.00020567	3228.1
0.00019019	3248.1
0.00017582	3268.2
0.00016248	3288.2
0.00015011	3308.3
0.00013865	3328.3
0.00012803	3348.4
0.00011821	3368.4
0.00010913	3388.5
0.00010075	3408.5
9.3009e-05	3428.6
8.5878e-05	3448.6
7.9314e-05	3468.7
7.3278e-05	3488.7
6.7737e-05	3508.8
6.2658e-05	3528.8
5.8013e-05	3548.9
5.3772e-05	3568.9
4.9912e-05	3589
4.6409e-05	3609
4.3241e-05	3629.1
4.0388e-05	3649.1
3.7834e-05	3669.2
3.5563e-05	3689.2
3.3561e-05	3709.3
3.1815e-05	3729.3
3.0314e-05	3749.4
2.905e-05	3769.4
2.8015e-05	3789.5
2.7202e-05	3809.5
2.6608e-05	3829.6
2.6231e-05	3849.6
2.6069e-05	3869.7
2.6123e-05	3889.7
2.6396e-05	3909.8
2.6891e-05	3929.8
2.7615e-05	3949.9
2.762e-05	3950
