3.4214e-11	0
9.8404e-05	4.3715
0.00019682	8.743
0.00029526	13.114
0.00039374	17.486
0.00049228	21.857
0.00059087	26.229
0.00068955	30.6
0.00078831	34.972
0.00088718	39.343
0.00098617	43.715
0.0010853	48.086
0.0011845	52.458
0.001284	56.829
0.0013835	61.201
0.0014833	65.572
0.0015833	69.944
0.0016835	74.315
0.0017839	78.687
0.0018845	83.058
0.0019854	87.43
0.0020865	91.801
0.0021879	96.173
0.0022896	100.54
0.0023916	104.92
0.0024939	109.29
0.0025965	113.66
0.0026995	118.03
0.0028028	122.4
0.0029064	126.77
0.0030105	131.14
0.0031148	135.52
0.0032196	139.89
0.0033247	144.26
0.0034302	148.63
0.0035361	153
0.0036424	157.37
0.0037491	161.75
0.0038563	166.12
0.0039638	170.49
0.0040717	174.86
0.0041801	179.23
0.0042888	183.6
0.004398	187.97
0.0045076	192.35
0.0046176	196.72
0.0047279	201.09
0.0048387	205.46
0.0049498	209.83
0.0050614	214.2
0.0051732	218.57
0.0052854	222.95
0.005398	227.32
0.0055109	231.69
0.0056241	236.06
0.0057376	240.43
0.0058514	244.8
0.0059655	249.18
0.0060798	253.55
0.0061944	257.92
0.0063092	262.29
0.0064243	266.66
0.0065396	271.03
0.006655	275.4
0.0067707	279.78
0.0068866	284.15
0.0070026	288.52
0.0071188	292.89
0.0072351	297.26
0.0073516	301.63
0.0074682	306
0.0075849	310.38
0.0077017	314.75
0.0078186	319.12
0.0079357	323.49
0.0080528	327.86
0.0081699	332.23
0.0082872	336.61
0.0084045	340.98
0.0085218	345.35
0.0086392	349.72
0.0087567	354.09
0.0088741	358.46
0.0089916	362.83
0.0091091	367.21
0.0092266	371.58
0.0093441	375.95
0.0094616	380.32
0.0095791	384.69
0.0096966	389.06
0.0098141	393.43
0.0099315	397.81
0.010049	402.18
0.010166	406.55
0.010284	410.92
0.010401	415.29
0.010518	419.66
0.010635	424.04
0.010752	428.41
0.010869	432.78
0.010986	437.15
0.011103	441.52
0.01122	445.89
0.011337	450.26
0.011453	454.64
0.01157	459.01
0.011686	463.38
0.011802	467.75
0.011918	472.12
0.012034	476.49
0.01215	480.86
0.012266	485.24
0.012382	489.61
0.012497	493.98
0.012612	498.35
0.012727	502.72
0.012842	507.09
0.012957	511.47
0.013072	515.84
0.013186	520.21
0.0133	524.58
0.013414	528.95
0.013528	533.32
0.013642	537.69
0.013755	542.07
0.013868	546.44
0.013981	550.81
0.014094	555.18
0.014206	559.55
0.014318	563.92
0.01443	568.29
0.014542	572.67
0.014653	577.04
0.014765	581.41
0.014876	585.78
0.014986	590.15
0.015096	594.52
0.015206	598.9
0.015316	603.27
0.015425	607.64
0.015535	612.01
0.015643	616.38
0.015752	620.75
0.01586	625.12
0.015968	629.5
0.016075	633.87
0.016182	638.24
0.016289	642.61
0.016395	646.98
0.016501	651.35
0.016607	655.72
0.016712	660.1
0.016817	664.47
0.016922	668.84
0.017026	673.21
0.017129	677.58
0.017233	681.95
0.017336	686.33
0.017438	690.7
0.01754	695.07
0.017642	699.44
0.017743	703.81
0.017844	708.18
0.017944	712.55
0.018044	716.93
0.018143	721.3
0.018242	725.67
0.018341	730.04
0.018439	734.41
0.018536	738.78
0.018633	743.15
0.01873	747.53
0.018826	751.9
0.018922	756.27
0.019017	760.64
0.019112	765.01
0.019206	769.38
0.019299	773.76
0.019393	778.13
0.019485	782.5
0.019577	786.87
0.019669	791.24
0.01976	795.61
0.01985	799.98
0.01994	804.36
0.02003	808.73
0.020118	813.1
0.020207	817.47
0.020294	821.84
0.020382	826.21
0.020468	830.58
0.020554	834.96
0.02064	839.33
0.020725	843.7
0.020809	848.07
0.020893	852.44
0.020976	856.81
0.021058	861.18
0.02114	865.56
0.021222	869.93
0.021302	874.3
0.021382	878.67
0.021462	883.04
0.021541	887.41
0.021619	891.79
0.021697	896.16
0.021774	900.53
0.02185	904.9
0.021926	909.27
0.022001	913.64
0.022076	918.01
0.02215	922.39
0.022223	926.76
0.022296	931.13
0.022368	935.5
0.022439	939.87
0.02251	944.24
0.02258	948.61
0.022649	952.99
0.022718	957.36
0.022786	961.73
0.022853	966.1
0.02292	970.47
0.022986	974.84
0.023051	979.22
0.023116	983.59
0.02318	987.96
0.023243	992.33
0.023306	996.7
0.023368	1001.1
0.023429	1005.4
0.023489	1009.8
0.02355	1014.2
0.023609	1018.6
0.023667	1022.9
0.023725	1027.3
0.023782	1031.7
0.023839	1036
0.023894	1040.4
0.023949	1044.8
0.024004	1049.2
0.024057	1053.5
0.02411	1057.9
0.024162	1062.3
0.024214	1066.6
0.024264	1071
0.024314	1075.4
0.024364	1079.8
0.024412	1084.1
0.02446	1088.5
0.024507	1092.9
0.024554	1097.2
0.024599	1101.6
0.024644	1106
0.024689	1110.4
0.024732	1114.7
0.024775	1119.1
0.024817	1123.5
0.024859	1127.8
0.024899	1132.2
0.024939	1136.6
0.024978	1141
0.025017	1145.3
0.025055	1149.7
0.025092	1154.1
0.025128	1158.4
0.025164	1162.8
0.025198	1167.2
0.025233	1171.6
0.025266	1175.9
0.025299	1180.3
0.02533	1184.7
0.025362	1189
0.025392	1193.4
0.025422	1197.8
0.025451	1202.2
0.025479	1206.5
0.025507	1210.9
0.025534	1215.3
0.02556	1219.6
0.025585	1224
0.02561	1228.4
0.025634	1232.8
0.025657	1237.1
0.025679	1241.5
0.025701	1245.9
0.025722	1250.2
0.025742	1254.6
0.025762	1259
0.025781	1263.4
0.025799	1267.7
0.025816	1272.1
0.025833	1276.5
0.025849	1280.8
0.025864	1285.2
0.025879	1289.6
0.025892	1294
0.025905	1298.3
0.025918	1302.7
0.02593	1307.1
0.02594	1311.4
0.025951	1315.8
0.02596	1320.2
0.025969	1324.6
0.025977	1328.9
0.025985	1333.3
0.025991	1337.7
0.025997	1342
0.026003	1346.4
0.026007	1350.8
0.026011	1355.2
0.026014	1359.5
0.026017	1363.9
0.026019	1368.3
0.02602	1372.7
0.02602	1377
0.02602	1381.4
0.026019	1385.8
0.026017	1390.1
0.026015	1394.5
0.026012	1398.9
0.026009	1403.3
0.026004	1407.6
0.025999	1412
0.025994	1416.4
0.025987	1420.7
0.02598	1425.1
0.025973	1429.5
0.025964	1433.9
0.025955	1438.2
0.025946	1442.6
0.025935	1447
0.025924	1451.3
0.025913	1455.7
0.025901	1460.1
0.025888	1464.5
0.025874	1468.8
0.02586	1473.2
0.025845	1477.6
0.02583	1481.9
0.025814	1486.3
0.025797	1490.7
0.02578	1495.1
0.025762	1499.4
0.025743	1503.8
0.025724	1508.2
0.025704	1512.5
0.025684	1516.9
0.025663	1521.3
0.025641	1525.7
0.025619	1530
0.025596	1534.4
0.025573	1538.8
0.025549	1543.1
0.025524	1547.5
0.025499	1551.9
0.025474	1556.3
0.025447	1560.6
0.02542	1565
0.025393	1569.4
0.025365	1573.7
0.025336	1578.1
0.025307	1582.5
0.025277	1586.9
0.025247	1591.2
0.025216	1595.6
0.025185	1600
0.025153	1604.3
0.02512	1608.7
0.025087	1613.1
0.025054	1617.5
0.02502	1621.8
0.024985	1626.2
0.02495	1630.6
0.024914	1634.9
0.024878	1639.3
0.024842	1643.7
0.024804	1648.1
0.024767	1652.4
0.024729	1656.8
0.02469	1661.2
0.024651	1665.5
0.024611	1669.9
0.024571	1674.3
0.02453	1678.7
0.024489	1683
0.024448	1687.4
0.024406	1691.8
0.024363	1696.1
0.02432	1700.5
0.024277	1704.9
0.024233	1709.3
0.024188	1713.6
0.024144	1718
0.024098	1722.4
0.024053	1726.7
0.024007	1731.1
0.02396	1735.5
0.023913	1739.9
0.023866	1744.2
0.023818	1748.6
0.02377	1753
0.023721	1757.3
0.023672	1761.7
0.023623	1766.1
0.023573	1770.5
0.023522	1774.8
0.023472	1779.2
0.023421	1783.6
0.023369	1787.9
0.023318	1792.3
0.023265	1796.7
0.023213	1801.1
0.02316	1805.4
0.023107	1809.8
0.023053	1814.2
0.022999	1818.5
0.022945	1822.9
0.02289	1827.3
0.022835	1831.7
0.02278	1836
0.022724	1840.4
0.022668	1844.8
0.022612	1849.1
0.022555	1853.5
0.022498	1857.9
0.022441	1862.3
0.022384	1866.6
0.022326	1871
0.022268	1875.4
0.022209	1879.7
0.02215	1884.1
0.022091	1888.5
0.022032	1892.9
0.021972	1897.2
0.021912	1901.6
0.021852	1906
0.021792	1910.3
0.021731	1914.7
0.02167	1919.1
0.021609	1923.5
0.021548	1927.8
0.021486	1932.2
0.021424	1936.6
0.021362	1940.9
0.021299	1945.3
0.021237	1949.7
0.021174	1954.1
0.021111	1958.4
0.021047	1962.8
0.020984	1967.2
0.02092	1971.5
0.020856	1975.9
0.020792	1980.3
0.020727	1984.7
0.020663	1989
0.020598	1993.4
0.020533	1997.8
0.020468	2002.1
0.020403	2006.5
0.020337	2010.9
0.020272	2015.3
0.020206	2019.6
0.02014	2024
0.020074	2028.4
0.020007	2032.7
0.019941	2037.1
0.019874	2041.5
0.019808	2045.9
0.019741	2050.2
0.019674	2054.6
0.019607	2059
0.019539	2063.3
0.019472	2067.7
0.019404	2072.1
0.019337	2076.5
0.019269	2080.8
0.019201	2085.2
0.019133	2089.6
0.019065	2093.9
0.018997	2098.3
0.018928	2102.7
0.01886	2107.1
0.018791	2111.4
0.018723	2115.8
0.018654	2120.2
0.018585	2124.5
0.018516	2128.9
0.018447	2133.3
0.018378	2137.7
0.018309	2142
0.01824	2146.4
0.018171	2150.8
0.018102	2155.1
0.018033	2159.5
0.017963	2163.9
0.017894	2168.3
0.017824	2172.6
0.017755	2177
0.017685	2181.4
0.017616	2185.7
0.017546	2190.1
0.017477	2194.5
0.017407	2198.9
0.017337	2203.2
0.017268	2207.6
0.017198	2212
0.017128	2216.3
0.017058	2220.7
0.016989	2225.1
0.016919	2229.5
0.016849	2233.8
0.016779	2238.2
0.01671	2242.6
0.01664	2246.9
0.01657	2251.3
0.016501	2255.7
0.016431	2260.1
0.016361	2264.4
0.016292	2268.8
0.016222	2273.2
0.016152	2277.6
0.016083	2281.9
0.016013	2286.3
0.015944	2290.7
0.015874	2295
0.015805	2299.4
0.015735	2303.8
0.015666	2308.2
0.015597	2312.5
0.015527	2316.9
0.015458	2321.3
0.015389	2325.6
0.01532	2330
0.015251	2334.4
0.015182	2338.8
0.015113	2343.1
0.015044	2347.5
0.014975	2351.9
0.014907	2356.2
0.014838	2360.6
0.01477	2365
0.014701	2369.4
0.014633	2373.7
0.014564	2378.1
0.014496	2382.5
0.014428	2386.8
0.01436	2391.2
0.014292	2395.6
0.014224	2400
0.014157	2404.3
0.014089	2408.7
0.014021	2413.1
0.013954	2417.4
0.013887	2421.8
0.013819	2426.2
0.013752	2430.6
0.013685	2434.9
0.013618	2439.3
0.013551	2443.7
0.013485	2448
0.013418	2452.4
0.013352	2456.8
0.013285	2461.2
0.013219	2465.5
0.013153	2469.9
0.013087	2474.3
0.013021	2478.6
0.012956	2483
0.01289	2487.4
0.012825	2491.8
0.012759	2496.1
0.012694	2500.5
0.012629	2504.9
0.012564	2509.2
0.0125	2513.6
0.012435	2518
0.012371	2522.4
0.012306	2526.7
0.012242	2531.1
0.012178	2535.5
0.012114	2539.8
0.012051	2544.2
0.011987	2548.6
0.011924	2553
0.011861	2557.3
0.011798	2561.7
0.011735	2566.1
0.011672	2570.4
0.011609	2574.8
0.011547	2579.2
0.011485	2583.6
0.011423	2587.9
0.011361	2592.3
0.011299	2596.7
0.011237	2601
0.011176	2605.4
0.011115	2609.8
0.011054	2614.2
0.010993	2618.5
0.010932	2622.9
0.010871	2627.3
0.010811	2631.6
0.010751	2636
0.010691	2640.4
0.010631	2644.8
0.010571	2649.1
0.010512	2653.5
0.010453	2657.9
0.010393	2662.2
0.010335	2666.6
0.010276	2671
0.010217	2675.4
0.010159	2679.7
0.010101	2684.1
0.010043	2688.5
0.009985	2692.8
0.0099274	2697.2
0.00987	2701.6
0.0098127	2706
0.0097557	2710.3
0.0096989	2714.7
0.0096423	2719.1
0.0095858	2723.4
0.0095296	2727.8
0.0094735	2732.2
0.0094177	2736.6
0.009362	2740.9
0.0093065	2745.3
0.0092513	2749.7
0.0091962	2754
0.0091414	2758.4
0.0090867	2762.8
0.0090322	2767.2
0.008978	2771.5
0.0089239	2775.9
0.0088701	2780.3
0.0088164	2784.6
0.008763	2789
0.0087097	2793.4
0.0086567	2797.8
0.0086038	2802.1
0.0085512	2806.5
0.0084988	2810.9
0.0084465	2815.2
0.0083945	2819.6
0.0083427	2824
0.0082911	2828.4
0.0082397	2832.7
0.0081885	2837.1
0.0081375	2841.5
0.0080867	2845.8
0.0080362	2850.2
0.0079858	2854.6
0.0079357	2859
0.0078857	2863.3
0.007836	2867.7
0.0077864	2872.1
0.0077371	2876.4
0.007688	2880.8
0.0076391	2885.2
0.0075904	2889.6
0.0075419	2893.9
0.0074937	2898.3
0.0074456	2902.7
0.0073978	2907
0.0073501	2911.4
0.0073027	2915.8
0.0072555	2920.2
0.0072084	2924.5
0.0071616	2928.9
0.007115	2933.3
0.0070687	2937.6
0.0070225	2942
0.0069765	2946.4
0.0069308	2950.8
0.0068852	2955.1
0.0068399	2959.5
0.0067948	2963.9
0.0067498	2968.2
0.0067051	2972.6
0.0066606	2977
0.0066164	2981.4
0.0065723	2985.7
0.0065284	2990.1
0.0064847	2994.5
0.0064413	2998.8
0.006398	3003.2
0.006355	3007.6
0.0063122	3012
0.0062696	3016.3
0.0062271	3020.7
0.0061849	3025.1
0.0061429	3029.4
0.0061011	3033.8
0.0060596	3038.2
0.0060182	3042.6
0.005977	3046.9
0.005936	3051.3
0.0058953	3055.7
0.0058547	3060
0.0058144	3064.4
0.0057742	3068.8
0.0057343	3073.2
0.0056945	3077.5
0.005655	3081.9
0.0056157	3086.3
0.0055766	3090.6
0.0055376	3095
0.0054989	3099.4
0.0054604	3103.8
0.0054221	3108.1
0.005384	3112.5
0.0053461	3116.9
0.0053083	3121.2
0.0052708	3125.6
0.0052335	3130
0.0051964	3134.4
0.0051595	3138.7
0.0051228	3143.1
0.0050863	3147.5
0.00505	3151.8
0.0050138	3156.2
0.0049779	3160.6
0.0049422	3165
0.0049067	3169.3
0.0048713	3173.7
0.0048362	3178.1
0.0048012	3182.4
0.0047665	3186.8
0.0047319	3191.2
0.0046976	3195.6
0.0046634	3199.9
0.0046294	3204.3
0.0045956	3208.7
0.004562	3213.1
0.0045286	3217.4
0.0044954	3221.8
0.0044624	3226.2
0.0044296	3230.5
0.0043969	3234.9
0.0043645	3239.3
0.0043322	3243.7
0.0043001	3248
0.0042682	3252.4
0.0042365	3256.8
0.004205	3261.1
0.0041736	3265.5
0.0041425	3269.9
0.0041115	3274.3
0.0040807	3278.6
0.0040501	3283
0.0040197	3287.4
0.0039894	3291.7
0.0039594	3296.1
0.0039295	3300.5
0.0038998	3304.9
0.0038703	3309.2
0.0038409	3313.6
0.0038117	3318
0.0037828	3322.3
0.0037539	3326.7
0.0037253	3331.1
0.0036968	3335.5
0.0036685	3339.8
0.0036404	3344.2
0.0036125	3348.6
0.0035847	3352.9
0.0035571	3357.3
0.0035297	3361.7
0.0035024	3366.1
0.0034754	3370.4
0.0034484	3374.8
0.0034217	3379.2
0.0033951	3383.5
0.0033687	3387.9
0.0033425	3392.3
0.0033164	3396.7
0.0032905	3401
0.0032647	3405.4
0.0032391	3409.8
0.0032137	3414.1
0.0031885	3418.5
0.0031634	3422.9
0.0031384	3427.3
0.0031137	3431.6
0.0030891	3436
0.0030646	3440.4
0.0030403	3444.7
0.0030162	3449.1
0.0029922	3453.5
0.0029684	3457.9
0.0029447	3462.2
0.0029212	3466.6
0.0028979	3471
0.0028747	3475.3
0.0028517	3479.7
0.0028288	3484.1
0.002806	3488.5
0.0027834	3492.8
0.002761	3497.2
0.0027387	3501.6
0.0027166	3505.9
0.0026946	3510.3
0.0026728	3514.7
0.0026511	3519.1
0.0026295	3523.4
0.0026081	3527.8
0.0025869	3532.2
0.0025658	3536.5
0.0025448	3540.9
0.002524	3545.3
0.0025033	3549.7
0.0024828	3554
0.0024624	3558.4
0.0024422	3562.8
0.0024221	3567.1
0.0024021	3571.5
0.0023822	3575.9
0.0023626	3580.3
0.002343	3584.6
0.0023236	3589
0.0023043	3593.4
0.0022851	3597.7
0.0022661	3602.1
0.0022472	3606.5
0.0022285	3610.9
0.0022099	3615.2
0.0021914	3619.6
0.002173	3624
0.0021548	3628.3
0.0021367	3632.7
0.0021188	3637.1
0.0021009	3641.5
0.0020832	3645.8
0.0020657	3650.2
0.0020482	3654.6
0.0020309	3658.9
0.0020137	3663.3
0.0019966	3667.7
0.0019796	3672.1
0.0019628	3676.4
0.0019461	3680.8
0.0019295	3685.2
0.0019131	3689.5
0.0018967	3693.9
0.0018805	3698.3
0.0018644	3702.7
0.0018484	3707
0.0018325	3711.4
0.0018168	3715.8
0.0018012	3720.1
0.0017856	3724.5
0.0017702	3728.9
0.0017549	3733.3
0.0017398	3737.6
0.0017247	3742
0.0017098	3746.4
0.0016949	3750.7
0.0016802	3755.1
0.0016656	3759.5
0.0016511	3763.9
0.0016367	3768.2
0.0016224	3772.6
0.0016082	3777
0.0015942	3781.3
0.0015802	3785.7
0.0015663	3790.1
0.0015526	3794.5
0.0015389	3798.8
0.0015254	3803.2
0.001512	3807.6
0.0014986	3811.9
0.0014854	3816.3
0.0014723	3820.7
0.0014592	3825.1
0.0014463	3829.4
0.0014335	3833.8
0.0014208	3838.2
0.0014081	3842.5
0.0013956	3846.9
0.0013832	3851.3
0.0013708	3855.7
0.0013586	3860
0.0013465	3864.4
0.0013344	3868.8
0.0013225	3873.1
0.0013106	3877.5
0.0012988	3881.9
0.0012872	3886.3
0.0012756	3890.6
0.0012641	3895
0.0012527	3899.4
0.0012414	3903.7
0.0012302	3908.1
0.001219	3912.5
0.001208	3916.9
0.0011971	3921.2
0.0011862	3925.6
0.0011754	3930
0.0011647	3934.3
0.0011541	3938.7
0.0011436	3943.1
0.0011332	3947.5
0.0011228	3951.8
0.0011126	3956.2
0.0011024	3960.6
0.0010923	3964.9
0.0010823	3969.3
0.0010724	3973.7
0.0010625	3978.1
0.0010527	3982.4
0.001043	3986.8
0.0010334	3991.2
0.0010239	3995.5
0.0010144	3999.9
0.0010051	4004.3
0.00099577	4008.7
0.00098655	4013
0.0009774	4017.4
0.00096834	4021.8
0.00095934	4026.1
0.00095042	4030.5
0.00094158	4034.9
0.00093281	4039.3
0.00092411	4043.6
0.00091548	4048
0.00090693	4052.4
0.00089845	4056.7
0.00089004	4061.1
0.0008817	4065.5
0.00087343	4069.9
0.00086523	4074.2
0.0008571	4078.6
0.00084904	4083
0.00084105	4087.3
0.00083312	4091.7
0.00082527	4096.1
0.00081747	4100.5
0.00080975	4104.8
0.00080209	4109.2
0.0007945	4113.6
0.00078697	4118
0.00077951	4122.3
0.00077211	4126.7
0.00076478	4131.1
0.0007575	4135.4
0.0007503	4139.8
0.00074315	4144.2
0.00073606	4148.6
0.00072904	4152.9
0.00072208	4157.3
0.00071517	4161.7
0.00070833	4166
0.00070155	4170.4
0.00069483	4174.8
0.00068816	4179.2
0.00068155	4183.5
0.00067501	4187.9
0.00066852	4192.3
0.00066208	4196.6
0.0006557	4201
0.00064938	4205.4
0.00064312	4209.8
0.00063691	4214.1
0.00063075	4218.5
0.00062465	4222.9
0.00061861	4227.2
0.00061261	4231.6
0.00060667	4236
0.00060079	4240.4
0.00059495	4244.7
0.00058917	4249.1
0.00058344	4253.5
0.00057776	4257.8
0.00057214	4262.2
0.00056656	4266.6
0.00056103	4271
0.00055556	4275.3
0.00055013	4279.7
0.00054475	4284.1
0.00053942	4288.4
0.00053414	4292.8
0.0005289	4297.2
0.00052372	4301.6
0.00051858	4305.9
0.00051349	4310.3
0.00050844	4314.7
0.00050344	4319
0.00049849	4323.4
0.00049358	4327.8
0.00048872	4332.2
0.0004839	4336.5
0.00047913	4340.9
0.0004744	4345.3
0.00046971	4349.6
0.00046507	4354
0.00046047	4358.4
0.00045591	4362.8
0.0004514	4367.1
0.00044693	4371.5
0.00044249	4375.9
0.00043811	4380.2
0.00043376	4384.6
0.00042945	4389
0.00042518	4393.4
0.00042095	4397.7
0.00041677	4402.1
0.00041262	4406.5
0.00040851	4410.8
0.00040444	4415.2
0.00040041	4419.6
0.00039642	4424
0.00039246	4428.3
0.00038854	4432.7
0.00038466	4437.1
0.00038082	4441.4
0.00037701	4445.8
0.00037324	4450.2
0.00036951	4454.6
0.00036581	4458.9
0.00036215	4463.3
0.00035852	4467.7
0.00035493	4472
0.00035137	4476.4
0.00034784	4480.8
0.00034435	4485.2
0.0003409	4489.5
0.00033748	4493.9
0.00033409	4498.3
0.00033073	4502.6
0.00032741	4507
0.00032412	4511.4
0.00032086	4515.8
0.00031764	4520.1
0.00031444	4524.5
0.00031128	4528.9
0.00030815	4533.2
0.00030505	4537.6
0.00030198	4542
0.00029894	4546.4
0.00029593	4550.7
0.00029295	4555.1
0.00029	4559.5
0.00028708	4563.8
0.00028419	4568.2
0.00028133	4572.6
0.0002785	4577
0.00027569	4581.3
0.00027292	4585.7
0.00027017	4590.1
0.00026745	4594.4
0.00026475	4598.8
0.00026209	4603.2
0.00025945	4607.6
0.00025684	4611.9
0.00025426	4616.3
0.0002517	4620.7
0.00024917	4625
0.00024666	4629.4
0.00024418	4633.8
0.00024173	4638.2
0.0002393	4642.5
0.00023689	4646.9
0.00023452	4651.3
0.00023216	4655.6
0.00022983	4660
0.00022753	4664.4
0.00022525	4668.8
0.00022299	4673.1
0.00022076	4677.5
0.00021855	4681.9
0.00021636	4686.2
0.0002142	4690.6
0.00021206	4695
0.00020995	4699.4
0.00020785	4703.7
0.00020578	4708.1
0.00020373	4712.5
0.0002017	4716.8
0.0001997	4721.2
0.00019772	4725.6
0.00019575	4730
0.00019381	4734.3
0.0001919	4738.7
0.00019	4743.1
0.00018812	4747.4
0.00018627	4751.8
0.00018443	4756.2
0.00018261	4760.6
0.00018082	4764.9
0.00017905	4769.3
0.00017729	4773.7
0.00017556	4778
0.00017384	4782.4
0.00017214	4786.8
0.00017047	4791.2
0.00016881	4795.5
0.00016717	4799.9
0.00016555	4804.3
0.00016395	4808.6
0.00016237	4813
0.00016081	4817.4
0.00015926	4821.8
0.00015773	4826.1
0.00015622	4830.5
0.00015473	4834.9
0.00015326	4839.2
0.0001518	4843.6
0.00015036	4848
0.00014894	4852.4
0.00014754	4856.7
0.00014615	4861.1
0.00014478	4865.5
0.00014342	4869.8
0.00014209	4874.2
0.00014077	4878.6
0.00013946	4883
0.00013818	4887.3
0.0001369	4891.7
0.00013565	4896.1
0.00013441	4900.4
0.00013318	4904.8
0.00013198	4909.2
0.00013078	4913.6
0.00012961	4917.9
0.00012844	4922.3
0.0001273	4926.7
0.00012617	4931
0.00012505	4935.4
0.00012395	4939.8
0.00012286	4944.2
0.00012179	4948.5
0.00012073	4952.9
0.00011969	4957.3
0.00011866	4961.6
0.00011765	4966
0.00011665	4970.4
0.00011566	4974.8
0.00011469	4979.1
0.00011373	4983.5
0.00011278	4987.9
0.00011185	4992.2
0.00011094	4996.6
0.00011003	5001
0.00010914	5005.4
0.00010827	5009.7
0.0001074	5014.1
0.00010655	5018.5
0.00010572	5022.9
0.00010489	5027.2
0.00010408	5031.6
0.00010328	5036
0.0001025	5040.3
0.00010172	5044.7
0.00010096	5049.1
0.00010022	5053.5
9.9481e-05	5057.8
9.8758e-05	5062.2
9.8047e-05	5066.6
9.7349e-05	5070.9
9.6662e-05	5075.3
9.5988e-05	5079.7
9.5326e-05	5084.1
9.4675e-05	5088.4
9.4037e-05	5092.8
9.341e-05	5097.2
9.2795e-05	5101.5
9.2192e-05	5105.9
9.1601e-05	5110.3
9.1021e-05	5114.7
9.0453e-05	5119
8.9896e-05	5123.4
8.935e-05	5127.8
8.8816e-05	5132.1
8.8293e-05	5136.5
8.7782e-05	5140.9
8.7282e-05	5145.3
8.6793e-05	5149.6
8.6315e-05	5154
8.5848e-05	5158.4
8.5393e-05	5162.7
8.4948e-05	5167.1
8.4515e-05	5171.5
8.4092e-05	5175.9
8.368e-05	5180.2
8.3279e-05	5184.6
8.2889e-05	5189
8.251e-05	5193.3
8.2141e-05	5197.7
8.1784e-05	5202.1
8.1437e-05	5206.5
8.11e-05	5210.8
8.0775e-05	5215.2
8.046e-05	5219.6
8.0155e-05	5223.9
7.9861e-05	5228.3
7.9578e-05	5232.7
7.9305e-05	5237.1
7.9043e-05	5241.4
7.8791e-05	5245.8
7.855e-05	5250.2
7.8319e-05	5254.5
7.8099e-05	5258.9
7.7889e-05	5263.3
7.769e-05	5267.7
7.7501e-05	5272
7.7322e-05	5276.4
7.7154e-05	5280.8
7.6996e-05	5285.1
7.6849e-05	5289.5
7.6712e-05	5293.9
7.6585e-05	5298.3
7.6469e-05	5302.6
7.6363e-05	5307
7.6267e-05	5311.4
7.6182e-05	5315.7
7.6108e-05	5320.1
7.6043e-05	5324.5
7.5989e-05	5328.9
7.5946e-05	5333.2
7.5913e-05	5337.6
7.589e-05	5342
7.5878e-05	5346.3
7.5876e-05	5350.7
7.5885e-05	5355.1
7.5905e-05	5359.5
7.5934e-05	5363.8
7.5975e-05	5368.2
7.6025e-05	5372.6
7.6087e-05	5376.9
7.6159e-05	5381.3
7.6242e-05	5385.7
7.6335e-05	5390.1
7.6439e-05	5394.4
7.6554e-05	5398.8
7.6679e-05	5403.2
7.6815e-05	5407.5
7.6962e-05	5411.9
7.712e-05	5416.3
7.7289e-05	5420.7
7.7469e-05	5425
7.766e-05	5429.4
7.7861e-05	5433.8
7.8074e-05	5438.1
7.8298e-05	5442.5
7.8533e-05	5446.9
7.8779e-05	5451.3
7.9037e-05	5455.6
7.9306e-05	5460
