5.5065e-12	0
3.4826e-05	4.3715
6.97e-05	8.743
0.00010467	13.114
0.00013978	17.486
0.00017508	21.857
0.00021063	26.229
0.00024646	30.6
0.00028262	34.972
0.00031918	39.343
0.00035618	43.715
0.00039366	48.086
0.00043168	52.458
0.0004703	56.829
0.00050957	61.201
0.00054954	65.572
0.00059026	69.944
0.00063179	74.315
0.0006742	78.687
0.00071752	83.058
0.00076183	87.43
0.00080719	91.801
0.00085364	96.173
0.00090126	100.54
0.0009501	104.92
0.0010002	109.29
0.0010517	113.66
0.0011046	118.03
0.0011589	122.4
0.0012147	126.77
0.0012722	131.14
0.0013312	135.52
0.0013919	139.89
0.0014544	144.26
0.0015187	148.63
0.0015848	153
0.0016528	157.37
0.0017228	161.75
0.0017948	166.12
0.0018688	170.49
0.001945	174.86
0.0020233	179.23
0.0021037	183.6
0.0021863	187.97
0.0022712	192.35
0.0023583	196.72
0.0024477	201.09
0.0025393	205.46
0.0026332	209.83
0.0027293	214.2
0.0028277	218.57
0.0029284	222.95
0.0030312	227.32
0.0031363	231.69
0.0032436	236.06
0.0033531	240.43
0.0034647	244.8
0.0035785	249.18
0.0036943	253.55
0.0038123	257.92
0.0039322	262.29
0.0040542	266.66
0.0041781	271.03
0.004304	275.4
0.0044319	279.78
0.0045616	284.15
0.0046932	288.52
0.0048267	292.89
0.004962	297.26
0.005099	301.63
0.0052377	306
0.0053781	310.38
0.0055203	314.75
0.0056641	319.12
0.0058095	323.49
0.0059567	327.86
0.0061054	332.23
0.0062557	336.61
0.0064076	340.98
0.0065611	345.35
0.0067161	349.72
0.0068725	354.09
0.0070304	358.46
0.0071898	362.83
0.0073506	367.21
0.0075128	371.58
0.0076765	375.95
0.0078416	380.32
0.0080081	384.69
0.008176	389.06
0.0083453	393.43
0.008516	397.81
0.008688	402.18
0.0088613	406.55
0.0090359	410.92
0.0092118	415.29
0.0093889	419.66
0.0095674	424.04
0.009747	428.41
0.0099279	432.78
0.01011	437.15
0.010293	441.52
0.010478	445.89
0.010664	450.26
0.01085	454.64
0.011038	459.01
0.011227	463.38
0.011417	467.75
0.011609	472.12
0.011801	476.49
0.011994	480.86
0.012188	485.24
0.012383	489.61
0.01258	493.98
0.012777	498.35
0.012975	502.72
0.013173	507.09
0.013373	511.47
0.013573	515.84
0.013775	520.21
0.013977	524.58
0.014179	528.95
0.014383	533.32
0.014587	537.69
0.014791	542.07
0.014997	546.44
0.015202	550.81
0.015409	555.18
0.015616	559.55
0.015823	563.92
0.016031	568.29
0.016239	572.67
0.016447	577.04
0.016656	581.41
0.016865	585.78
0.017074	590.15
0.017284	594.52
0.017494	598.9
0.017704	603.27
0.017914	607.64
0.018124	612.01
0.018334	616.38
0.018544	620.75
0.018754	625.12
0.018964	629.5
0.019174	633.87
0.019384	638.24
0.019593	642.61
0.019802	646.98
0.020011	651.35
0.02022	655.72
0.020428	660.1
0.020636	664.47
0.020843	668.84
0.02105	673.21
0.021257	677.58
0.021463	681.95
0.021668	686.33
0.021873	690.7
0.022077	695.07
0.02228	699.44
0.022483	703.81
0.022685	708.18
0.022886	712.55
0.023086	716.93
0.023285	721.3
0.023484	725.67
0.023681	730.04
0.023877	734.41
0.024073	738.78
0.024267	743.15
0.02446	747.53
0.024652	751.9
0.024843	756.27
0.025032	760.64
0.02522	765.01
0.025407	769.38
0.025593	773.76
0.025777	778.13
0.02596	782.5
0.026141	786.87
0.026321	791.24
0.0265	795.61
0.026677	799.98
0.026852	804.36
0.027026	808.73
0.027198	813.1
0.027369	817.47
0.027537	821.84
0.027704	826.21
0.02787	830.58
0.028033	834.96
0.028195	839.33
0.028354	843.7
0.028512	848.07
0.028668	852.44
0.028822	856.81
0.028974	861.18
0.029125	865.56
0.029273	869.93
0.029419	874.3
0.029563	878.67
0.029705	883.04
0.029845	887.41
0.029983	891.79
0.030118	896.16
0.030252	900.53
0.030383	904.9
0.030512	909.27
0.030639	913.64
0.030763	918.01
0.030885	922.39
0.031005	926.76
0.031123	931.13
0.031238	935.5
0.031351	939.87
0.031461	944.24
0.031569	948.61
0.031675	952.99
0.031778	957.36
0.031879	961.73
0.031978	966.1
0.032074	970.47
0.032167	974.84
0.032258	979.22
0.032347	983.59
0.032433	987.96
0.032516	992.33
0.032597	996.7
0.032675	1001.1
0.032751	1005.4
0.032825	1009.8
0.032895	1014.2
0.032963	1018.6
0.033029	1022.9
0.033092	1027.3
0.033152	1031.7
0.03321	1036
0.033265	1040.4
0.033317	1044.8
0.033367	1049.2
0.033414	1053.5
0.033459	1057.9
0.033501	1062.3
0.03354	1066.6
0.033577	1071
0.033611	1075.4
0.033643	1079.8
0.033672	1084.1
0.033698	1088.5
0.033721	1092.9
0.033743	1097.2
0.033761	1101.6
0.033777	1106
0.03379	1110.4
0.0338	1114.7
0.033808	1119.1
0.033814	1123.5
0.033817	1127.8
0.033817	1132.2
0.033814	1136.6
0.033809	1141
0.033802	1145.3
0.033792	1149.7
0.033779	1154.1
0.033764	1158.4
0.033746	1162.8
0.033726	1167.2
0.033704	1171.6
0.033679	1175.9
0.033651	1180.3
0.033621	1184.7
0.033589	1189
0.033554	1193.4
0.033516	1197.8
0.033476	1202.2
0.033434	1206.5
0.03339	1210.9
0.033343	1215.3
0.033293	1219.6
0.033242	1224
0.033188	1228.4
0.033132	1232.8
0.033073	1237.1
0.033012	1241.5
0.032949	1245.9
0.032884	1250.2
0.032816	1254.6
0.032747	1259
0.032675	1263.4
0.032601	1267.7
0.032525	1272.1
0.032447	1276.5
0.032366	1280.8
0.032284	1285.2
0.0322	1289.6
0.032113	1294
0.032025	1298.3
0.031934	1302.7
0.031842	1307.1
0.031747	1311.4
0.031651	1315.8
0.031553	1320.2
0.031453	1324.6
0.031351	1328.9
0.031247	1333.3
0.031142	1337.7
0.031034	1342
0.030925	1346.4
0.030815	1350.8
0.030702	1355.2
0.030588	1359.5
0.030472	1363.9
0.030355	1368.3
0.030236	1372.7
0.030116	1377
0.029993	1381.4
0.02987	1385.8
0.029745	1390.1
0.029618	1394.5
0.02949	1398.9
0.029361	1403.3
0.02923	1407.6
0.029098	1412
0.028964	1416.4
0.028829	1420.7
0.028693	1425.1
0.028556	1429.5
0.028417	1433.9
0.028278	1438.2
0.028137	1442.6
0.027994	1447
0.027851	1451.3
0.027707	1455.7
0.027562	1460.1
0.027415	1464.5
0.027268	1468.8
0.027119	1473.2
0.02697	1477.6
0.02682	1481.9
0.026669	1486.3
0.026517	1490.7
0.026364	1495.1
0.02621	1499.4
0.026056	1503.8
0.025901	1508.2
0.025745	1512.5
0.025588	1516.9
0.025431	1521.3
0.025273	1525.7
0.025114	1530
0.024955	1534.4
0.024795	1538.8
0.024634	1543.1
0.024474	1547.5
0.024312	1551.9
0.02415	1556.3
0.023988	1560.6
0.023825	1565
0.023662	1569.4
0.023499	1573.7
0.023335	1578.1
0.023171	1582.5
0.023006	1586.9
0.022842	1591.2
0.022677	1595.6
0.022512	1600
0.022346	1604.3
0.022181	1608.7
0.022015	1613.1
0.02185	1617.5
0.021684	1621.8
0.021518	1626.2
0.021352	1630.6
0.021186	1634.9
0.02102	1639.3
0.020854	1643.7
0.020688	1648.1
0.020522	1652.4
0.020356	1656.8
0.020191	1661.2
0.020025	1665.5
0.01986	1669.9
0.019694	1674.3
0.019529	1678.7
0.019364	1683
0.0192	1687.4
0.019035	1691.8
0.018871	1696.1
0.018708	1700.5
0.018544	1704.9
0.018381	1709.3
0.018218	1713.6
0.018056	1718
0.017894	1722.4
0.017732	1726.7
0.017571	1731.1
0.01741	1735.5
0.01725	1739.9
0.01709	1744.2
0.01693	1748.6
0.016771	1753
0.016613	1757.3
0.016455	1761.7
0.016298	1766.1
0.016141	1770.5
0.015985	1774.8
0.015829	1779.2
0.015674	1783.6
0.01552	1787.9
0.015366	1792.3
0.015213	1796.7
0.01506	1801.1
0.014908	1805.4
0.014757	1809.8
0.014607	1814.2
0.014457	1818.5
0.014308	1822.9
0.01416	1827.3
0.014012	1831.7
0.013865	1836
0.013719	1840.4
0.013574	1844.8
0.01343	1849.1
0.013286	1853.5
0.013143	1857.9
0.013001	1862.3
0.01286	1866.6
0.012719	1871
0.01258	1875.4
0.012441	1879.7
0.012303	1884.1
0.012166	1888.5
0.012029	1892.9
0.011894	1897.2
0.01176	1901.6
0.011626	1906
0.011493	1910.3
0.011361	1914.7
0.01123	1919.1
0.0111	1923.5
0.010971	1927.8
0.010843	1932.2
0.010716	1936.6
0.010589	1940.9
0.010464	1945.3
0.010339	1949.7
0.010215	1954.1
0.010093	1958.4
0.0099709	1962.8
0.0098501	1967.2
0.0097302	1971.5
0.0096112	1975.9
0.0094932	1980.3
0.0093762	1984.7
0.00926	1989
0.0091449	1993.4
0.0090307	1997.8
0.0089174	2002.1
0.0088051	2006.5
0.0086938	2010.9
0.0085834	2015.3
0.008474	2019.6
0.0083655	2024
0.008258	2028.4
0.0081514	2032.7
0.0080458	2037.1
0.0079412	2041.5
0.0078375	2045.9
0.0077348	2050.2
0.007633	2054.6
0.0075321	2059
0.0074322	2063.3
0.0073333	2067.7
0.0072353	2072.1
0.0071382	2076.5
0.0070421	2080.8
0.0069469	2085.2
0.0068526	2089.6
0.0067593	2093.9
0.0066669	2098.3
0.0065754	2102.7
0.0064849	2107.1
0.0063953	2111.4
0.0063065	2115.8
0.0062188	2120.2
0.0061319	2124.5
0.0060459	2128.9
0.0059608	2133.3
0.0058767	2137.7
0.0057934	2142
0.0057111	2146.4
0.0056296	2150.8
0.005549	2155.1
0.0054693	2159.5
0.0053904	2163.9
0.0053125	2168.3
0.0052354	2172.6
0.0051592	2177
0.0050838	2181.4
0.0050093	2185.7
0.0049357	2190.1
0.0048628	2194.5
0.0047909	2198.9
0.0047197	2203.2
0.0046494	2207.6
0.00458	2212
0.0045113	2216.3
0.0044434	2220.7
0.0043764	2225.1
0.0043102	2229.5
0.0042447	2233.8
0.0041801	2238.2
0.0041162	2242.6
0.0040532	2246.9
0.0039909	2251.3
0.0039293	2255.7
0.0038686	2260.1
0.0038086	2264.4
0.0037493	2268.8
0.0036908	2273.2
0.003633	2277.6
0.003576	2281.9
0.0035197	2286.3
0.0034641	2290.7
0.0034092	2295
0.0033551	2299.4
0.0033016	2303.8
0.0032489	2308.2
0.0031968	2312.5
0.0031454	2316.9
0.0030947	2321.3
0.0030447	2325.6
0.0029954	2330
0.0029467	2334.4
0.0028986	2338.8
0.0028513	2343.1
0.0028045	2347.5
0.0027584	2351.9
0.002713	2356.2
0.0026681	2360.6
0.0026239	2365
0.0025803	2369.4
0.0025373	2373.7
0.002495	2378.1
0.0024532	2382.5
0.002412	2386.8
0.0023714	2391.2
0.0023313	2395.6
0.0022919	2400
0.002253	2404.3
0.0022146	2408.7
0.0021769	2413.1
0.0021396	2417.4
0.0021029	2421.8
0.0020668	2426.2
0.0020312	2430.6
0.0019961	2434.9
0.0019615	2439.3
0.0019274	2443.7
0.0018939	2448
0.0018608	2452.4
0.0018282	2456.8
0.0017962	2461.2
0.0017646	2465.5
0.0017335	2469.9
0.0017029	2474.3
0.0016727	2478.6
0.001643	2483
0.0016137	2487.4
0.001585	2491.8
0.0015566	2496.1
0.0015287	2500.5
0.0015012	2504.9
0.0014742	2509.2
0.0014476	2513.6
0.0014214	2518
0.0013956	2522.4
0.0013702	2526.7
0.0013452	2531.1
0.0013206	2535.5
0.0012964	2539.8
0.0012726	2544.2
0.0012492	2548.6
0.0012262	2553
0.0012035	2557.3
0.0011812	2561.7
0.0011593	2566.1
0.0011377	2570.4
0.0011165	2574.8
0.0010957	2579.2
0.0010751	2583.6
0.001055	2587.9
0.0010351	2592.3
0.0010156	2596.7
0.0009964	2601
0.00097753	2605.4
0.00095898	2609.8
0.00094074	2614.2
0.00092281	2618.5
0.00090518	2622.9
0.00088785	2627.3
0.00087082	2631.6
0.00085408	2636
0.00083763	2640.4
0.00082146	2644.8
0.00080557	2649.1
0.00078995	2653.5
0.00077461	2657.9
0.00075953	2662.2
0.00074471	2666.6
0.00073016	2671
0.00071586	2675.4
0.00070181	2679.7
0.000688	2684.1
0.00067445	2688.5
0.00066113	2692.8
0.00064805	2697.2
0.0006352	2701.6
0.00062258	2706
0.00061019	2710.3
0.00059802	2714.7
0.00058606	2719.1
0.00057433	2723.4
0.0005628	2727.8
0.00055149	2732.2
0.00054038	2736.6
0.00052947	2740.9
0.00051877	2745.3
0.00050825	2749.7
0.00049794	2754
0.00048781	2758.4
0.00047787	2762.8
0.00046811	2767.2
0.00045853	2771.5
0.00044913	2775.9
0.00043991	2780.3
0.00043086	2784.6
0.00042198	2789
0.00041326	2793.4
0.00040471	2797.8
0.00039632	2802.1
0.00038809	2806.5
0.00038002	2810.9
0.00037209	2815.2
0.00036432	2819.6
0.0003567	2824
0.00034923	2828.4
0.00034189	2832.7
0.0003347	2837.1
0.00032765	2841.5
0.00032073	2845.8
0.00031395	2850.2
0.0003073	2854.6
0.00030077	2859
0.00029438	2863.3
0.00028811	2867.7
0.00028196	2872.1
0.00027593	2876.4
0.00027002	2880.8
0.00026423	2885.2
0.00025855	2889.6
0.00025299	2893.9
0.00024753	2898.3
0.00024219	2902.7
0.00023695	2907
0.00023181	2911.4
0.00022678	2915.8
0.00022185	2920.2
0.00021701	2924.5
0.00021228	2928.9
0.00020764	2933.3
0.00020309	2937.6
0.00019864	2942
0.00019427	2946.4
0.00019	2950.8
0.00018581	2955.1
0.00018171	2959.5
0.00017769	2963.9
0.00017375	2968.2
0.0001699	2972.6
0.00016612	2977
0.00016242	2981.4
0.0001588	2985.7
0.00015526	2990.1
0.00015178	2994.5
0.00014838	2998.8
0.00014505	3003.2
0.00014179	3007.6
0.0001386	3012
0.00013547	3016.3
0.00013241	3020.7
0.00012942	3025.1
0.00012648	3029.4
0.00012361	3033.8
0.0001208	3038.2
0.00011805	3042.6
0.00011536	3046.9
0.00011272	3051.3
0.00011015	3055.7
0.00010762	3060
0.00010515	3064.4
0.00010274	3068.8
0.00010037	3073.2
9.8057e-05	3077.5
9.5793e-05	3081.9
9.3578e-05	3086.3
9.1411e-05	3090.6
8.9291e-05	3095
8.7216e-05	3099.4
8.5188e-05	3103.8
8.3203e-05	3108.1
8.1261e-05	3112.5
7.9362e-05	3116.9
7.7505e-05	3121.2
7.5688e-05	3125.6
7.3911e-05	3130
7.2174e-05	3134.4
7.0475e-05	3138.7
6.8813e-05	3143.1
6.7188e-05	3147.5
6.5599e-05	3151.8
6.4046e-05	3156.2
6.2527e-05	3160.6
6.1042e-05	3165
5.959e-05	3169.3
5.8171e-05	3173.7
5.6783e-05	3178.1
5.5427e-05	3182.4
5.4101e-05	3186.8
5.2805e-05	3191.2
5.1538e-05	3195.6
5.03e-05	3199.9
4.909e-05	3204.3
4.7907e-05	3208.7
4.6751e-05	3213.1
4.5622e-05	3217.4
4.4518e-05	3221.8
4.344e-05	3226.2
4.2386e-05	3230.5
4.1356e-05	3234.9
4.035e-05	3239.3
3.9367e-05	3243.7
3.8407e-05	3248
3.7468e-05	3252.4
3.6552e-05	3256.8
3.5656e-05	3261.1
3.4782e-05	3265.5
3.3927e-05	3269.9
3.3093e-05	3274.3
3.2278e-05	3278.6
3.1482e-05	3283
3.0704e-05	3287.4
2.9945e-05	3291.7
2.9203e-05	3296.1
2.8479e-05	3300.5
2.7772e-05	3304.9
2.7081e-05	3309.2
2.6407e-05	3313.6
2.5749e-05	3318
2.5106e-05	3322.3
2.4479e-05	3326.7
2.3866e-05	3331.1
2.3268e-05	3335.5
2.2684e-05	3339.8
2.2114e-05	3344.2
2.1557e-05	3348.6
2.1014e-05	3352.9
2.0484e-05	3357.3
1.9967e-05	3361.7
1.9462e-05	3366.1
1.8969e-05	3370.4
1.8488e-05	3374.8
1.8019e-05	3379.2
1.7561e-05	3383.5
1.7114e-05	3387.9
1.6678e-05	3392.3
1.6252e-05	3396.7
1.5837e-05	3401
1.5432e-05	3405.4
1.5036e-05	3409.8
1.4651e-05	3414.1
1.4275e-05	3418.5
1.3908e-05	3422.9
1.355e-05	3427.3
1.32e-05	3431.6
1.286e-05	3436
1.2528e-05	3440.4
1.2203e-05	3444.7
1.1887e-05	3449.1
1.1579e-05	3453.5
1.1278e-05	3457.9
1.0985e-05	3462.2
1.0699e-05	3466.6
1.0421e-05	3471
1.0149e-05	3475.3
9.8836e-06	3479.7
9.6251e-06	3484.1
9.373e-06	3488.5
9.1273e-06	3492.8
8.8878e-06	3497.2
8.6542e-06	3501.6
8.4265e-06	3505.9
8.2045e-06	3510.3
7.9882e-06	3514.7
7.7772e-06	3519.1
7.5716e-06	3523.4
7.3713e-06	3527.8
7.1759e-06	3532.2
6.9856e-06	3536.5
6.8e-06	3540.9
6.6192e-06	3545.3
6.443e-06	3549.7
6.2713e-06	3554
6.1039e-06	3558.4
5.9409e-06	3562.8
5.782e-06	3567.1
5.6272e-06	3571.5
5.4763e-06	3575.9
5.3293e-06	3580.3
5.1862e-06	3584.6
5.0466e-06	3589
4.9107e-06	3593.4
4.7783e-06	3597.7
4.6494e-06	3602.1
4.5237e-06	3606.5
4.4013e-06	3610.9
4.2821e-06	3615.2
4.166e-06	3619.6
4.053e-06	3624
3.9428e-06	3628.3
3.8356e-06	3632.7
3.7311e-06	3637.1
3.6294e-06	3641.5
3.5303e-06	3645.8
3.4338e-06	3650.2
3.3399e-06	3654.6
3.2484e-06	3658.9
3.1593e-06	3663.3
3.0726e-06	3667.7
2.9882e-06	3672.1
2.906e-06	3676.4
2.826e-06	3680.8
2.7481e-06	3685.2
2.6722e-06	3689.5
2.5984e-06	3693.9
2.5266e-06	3698.3
2.4566e-06	3702.7
2.3885e-06	3707
2.3222e-06	3711.4
2.2577e-06	3715.8
2.195e-06	3720.1
2.1339e-06	3724.5
2.0744e-06	3728.9
2.0165e-06	3733.3
1.9602e-06	3737.6
1.9054e-06	3742
1.8521e-06	3746.4
1.8002e-06	3750.7
1.7498e-06	3755.1
1.7006e-06	3759.5
1.6528e-06	3763.9
1.6064e-06	3768.2
1.5611e-06	3772.6
1.5171e-06	3777
1.4743e-06	3781.3
1.4327e-06	3785.7
1.3922e-06	3790.1
1.3527e-06	3794.5
1.3144e-06	3798.8
1.2771e-06	3803.2
1.2409e-06	3807.6
1.2056e-06	3811.9
1.1713e-06	3816.3
1.138e-06	3820.7
1.1055e-06	3825.1
1.074e-06	3829.4
1.0433e-06	3833.8
1.0135e-06	3838.2
9.8445e-07	3842.5
9.5624e-07	3846.9
9.2882e-07	3851.3
9.0215e-07	3855.7
8.7623e-07	3860
8.5102e-07	3864.4
8.2652e-07	3868.8
8.0269e-07	3873.1
7.7953e-07	3877.5
7.5702e-07	3881.9
7.3514e-07	3886.3
7.1386e-07	3890.6
6.9319e-07	3895
6.7309e-07	3899.4
6.5355e-07	3903.7
6.3457e-07	3908.1
6.1611e-07	3912.5
5.9818e-07	3916.9
5.8075e-07	3921.2
5.6382e-07	3925.6
5.4736e-07	3930
5.3136e-07	3934.3
5.1582e-07	3938.7
5.0072e-07	3943.1
4.8605e-07	3947.5
4.7179e-07	3951.8
4.5794e-07	3956.2
4.4448e-07	3960.6
4.3141e-07	3964.9
4.187e-07	3969.3
4.0636e-07	3973.7
3.9438e-07	3978.1
3.8273e-07	3982.4
3.7142e-07	3986.8
3.6043e-07	3991.2
3.4976e-07	3995.5
3.3939e-07	3999.9
3.2932e-07	4004.3
3.1955e-07	4008.7
3.1005e-07	4013
3.0082e-07	4017.4
2.9187e-07	4021.8
2.8317e-07	4026.1
2.7472e-07	4030.5
2.6652e-07	4034.9
2.5855e-07	4039.3
2.5082e-07	4043.6
2.4331e-07	4048
2.3602e-07	4052.4
2.2894e-07	4056.7
2.2206e-07	4061.1
2.1539e-07	4065.5
2.0891e-07	4069.9
2.0262e-07	4074.2
1.9652e-07	4078.6
1.9059e-07	4083
1.8484e-07	4087.3
1.7925e-07	4091.7
1.7383e-07	4096.1
1.6857e-07	4100.5
1.6346e-07	4104.8
1.5851e-07	4109.2
1.537e-07	4113.6
1.4903e-07	4118
1.445e-07	4122.3
1.401e-07	4126.7
1.3583e-07	4131.1
1.3169e-07	4135.4
1.2767e-07	4139.8
1.2377e-07	4144.2
1.1999e-07	4148.6
1.1632e-07	4152.9
1.1276e-07	4157.3
1.093e-07	4161.7
1.0595e-07	4166
1.027e-07	4170.4
9.9544e-08	4174.8
9.6483e-08	4179.2
9.3513e-08	4183.5
9.0633e-08	4187.9
8.7838e-08	4192.3
8.5128e-08	4196.6
8.2499e-08	4201
7.9949e-08	4205.4
7.7475e-08	4209.8
7.5076e-08	4214.1
7.275e-08	4218.5
7.0493e-08	4222.9
6.8305e-08	4227.2
6.6183e-08	4231.6
6.4125e-08	4236
6.2129e-08	4240.4
6.0194e-08	4244.7
5.8317e-08	4249.1
5.6497e-08	4253.5
5.4733e-08	4257.8
5.3022e-08	4262.2
5.1364e-08	4266.6
4.9756e-08	4271
4.8197e-08	4275.3
4.6685e-08	4279.7
4.522e-08	4284.1
4.3799e-08	4288.4
4.2422e-08	4292.8
4.1087e-08	4297.2
3.9794e-08	4301.6
3.8539e-08	4305.9
3.7324e-08	4310.3
3.6145e-08	4314.7
3.5003e-08	4319
3.3896e-08	4323.4
3.2823e-08	4327.8
3.1784e-08	4332.2
3.0776e-08	4336.5
2.98e-08	4340.9
2.8853e-08	4345.3
2.7937e-08	4349.6
2.7048e-08	4354
2.6187e-08	4358.4
2.5353e-08	4362.8
2.4544e-08	4367.1
2.3761e-08	4371.5
2.3002e-08	4375.9
2.2267e-08	4380.2
2.1555e-08	4384.6
2.0865e-08	4389
2.0196e-08	4393.4
1.9549e-08	4397.7
1.8922e-08	4402.1
1.8314e-08	4406.5
1.7725e-08	4410.8
1.7155e-08	4415.2
1.6603e-08	4419.6
1.6068e-08	4424
1.555e-08	4428.3
1.5048e-08	4432.7
1.4562e-08	4437.1
1.4091e-08	4441.4
1.3636e-08	4445.8
1.3194e-08	4450.2
1.2767e-08	4454.6
1.2353e-08	4458.9
1.1952e-08	4463.3
1.1564e-08	4467.7
1.1188e-08	4472
1.0824e-08	4476.4
1.0472e-08	4480.8
1.0131e-08	4485.2
9.8006e-09	4489.5
9.4808e-09	4493.9
9.1712e-09	4498.3
8.8716e-09	4502.6
8.5814e-09	4507
8.3006e-09	4511.4
8.0288e-09	4515.8
7.7656e-09	4520.1
7.5109e-09	4524.5
7.2643e-09	4528.9
7.0256e-09	4533.2
6.7946e-09	4537.6
6.5711e-09	4542
6.3547e-09	4546.4
6.1453e-09	4550.7
5.9426e-09	4555.1
5.7465e-09	4559.5
5.5567e-09	4563.8
5.373e-09	4568.2
5.1953e-09	4572.6
5.0233e-09	4577
4.8568e-09	4581.3
4.6958e-09	4585.7
4.54e-09	4590.1
4.3892e-09	4594.4
4.2434e-09	4598.8
4.1022e-09	4603.2
3.9657e-09	4607.6
3.8336e-09	4611.9
3.7058e-09	4616.3
3.5822e-09	4620.7
3.4626e-09	4625
3.3469e-09	4629.4
3.235e-09	4633.8
3.1267e-09	4638.2
3.022e-09	4642.5
2.9207e-09	4646.9
2.8227e-09	4651.3
2.728e-09	4655.6
2.6363e-09	4660
2.5477e-09	4664.4
2.462e-09	4668.8
2.3791e-09	4673.1
2.2989e-09	4677.5
2.2214e-09	4681.9
2.1464e-09	4686.2
2.0739e-09	4690.6
2.0038e-09	4695
1.936e-09	4699.4
1.8705e-09	4703.7
1.8071e-09	4708.1
1.7458e-09	4712.5
1.6866e-09	4716.8
1.6293e-09	4721.2
1.5739e-09	4725.6
1.5204e-09	4730
1.4687e-09	4734.3
1.4186e-09	4738.7
1.3703e-09	4743.1
1.3235e-09	4747.4
1.2784e-09	4751.8
1.2347e-09	4756.2
1.1925e-09	4760.6
1.1517e-09	4764.9
1.1123e-09	4769.3
1.0741e-09	4773.7
1.0373e-09	4778
1.0017e-09	4782.4
9.6732e-10	4786.8
9.3408e-10	4791.2
9.0196e-10	4795.5
8.7092e-10	4799.9
8.4092e-10	4804.3
8.1194e-10	4808.6
7.8394e-10	4813
7.5688e-10	4817.4
7.3074e-10	4821.8
7.0548e-10	4826.1
6.8108e-10	4830.5
6.5751e-10	4834.9
6.3473e-10	4839.2
6.1273e-10	4843.6
5.9148e-10	4848
5.7095e-10	4852.4
5.5111e-10	4856.7
5.3196e-10	4861.1
5.1345e-10	4865.5
4.9558e-10	4869.8
4.7832e-10	4874.2
4.6165e-10	4878.6
4.4554e-10	4883
4.2999e-10	4887.3
4.1498e-10	4891.7
4.0047e-10	4896.1
3.8646e-10	4900.4
3.7294e-10	4904.8
3.5988e-10	4909.2
3.4727e-10	4913.6
3.3509e-10	4917.9
3.2333e-10	4922.3
3.1198e-10	4926.7
3.0101e-10	4931
2.9043e-10	4935.4
2.8021e-10	4939.8
2.7035e-10	4944.2
2.6083e-10	4948.5
2.5163e-10	4952.9
2.4276e-10	4957.3
2.3419e-10	4961.6
2.2593e-10	4966
2.1794e-10	4970.4
2.1024e-10	4974.8
2.028e-10	4979.1
1.9563e-10	4983.5
1.887e-10	4987.9
1.8202e-10	4992.2
1.7557e-10	4996.6
1.6934e-10	5001
1.6333e-10	5005.4
1.5754e-10	5009.7
1.5194e-10	5014.1
1.4655e-10	5018.5
1.4134e-10	5022.9
1.3631e-10	5027.2
1.3147e-10	5031.6
1.2679e-10	5036
1.2228e-10	5040.3
1.1792e-10	5044.7
1.1372e-10	5049.1
1.0967e-10	5053.5
1.0576e-10	5057.8
1.0199e-10	5062.2
9.8346e-11	5066.6
9.4835e-11	5070.9
9.1448e-11	5075.3
8.8181e-11	5079.7
8.503e-11	5084.1
8.199e-11	5088.4
7.9059e-11	5092.8
7.6231e-11	5097.2
7.3504e-11	5101.5
7.0875e-11	5105.9
6.8339e-11	5110.3
6.5894e-11	5114.7
6.3536e-11	5119
6.1263e-11	5123.4
5.9071e-11	5127.8
5.6958e-11	5132.1
5.4922e-11	5136.5
5.2958e-11	5140.9
5.1066e-11	5145.3
4.9242e-11	5149.6
4.7484e-11	5154
4.579e-11	5158.4
4.4158e-11	5162.7
4.2585e-11	5167.1
4.107e-11	5171.5
3.961e-11	5175.9
3.8204e-11	5180.2
3.6849e-11	5184.6
3.5545e-11	5189
3.4289e-11	5193.3
3.308e-11	5197.7
3.1916e-11	5202.1
3.0795e-11	5206.5
2.9717e-11	5210.8
2.8679e-11	5215.2
2.768e-11	5219.6
2.672e-11	5223.9
2.5796e-11	5228.3
2.4908e-11	5232.7
2.4054e-11	5237.1
2.3233e-11	5241.4
2.2445e-11	5245.8
2.1687e-11	5250.2
2.096e-11	5254.5
2.0262e-11	5258.9
1.9591e-11	5263.3
1.8948e-11	5267.7
1.8332e-11	5272
1.7741e-11	5276.4
1.7175e-11	5280.8
1.6633e-11	5285.1
1.6114e-11	5289.5
1.5618e-11	5293.9
1.5143e-11	5298.3
1.469e-11	5302.6
1.4258e-11	5307
1.3846e-11	5311.4
1.3453e-11	5315.7
1.308e-11	5320.1
1.2725e-11	5324.5
1.2388e-11	5328.9
1.2068e-11	5333.2
1.1766e-11	5337.6
1.148e-11	5342
1.1211e-11	5346.3
1.0958e-11	5350.7
1.0721e-11	5355.1
1.0498e-11	5359.5
1.0291e-11	5363.8
1.0099e-11	5368.2
9.9212e-12	5372.6
9.7576e-12	5376.9
9.6081e-12	5381.3
9.4724e-12	5385.7
9.3504e-12	5390.1
9.242e-12	5394.4
9.1469e-12	5398.8
9.0651e-12	5403.2
8.9964e-12	5407.5
8.9408e-12	5411.9
8.8982e-12	5416.3
8.8686e-12	5420.7
8.852e-12	5425
8.8482e-12	5429.4
8.8574e-12	5433.8
8.8796e-12	5438.1
8.9148e-12	5442.5
8.9631e-12	5446.9
9.0246e-12	5451.3
9.0993e-12	5455.6
9.1875e-12	5460
