4.1083e-12	0
2.116e-05	3.4107
4.2337e-05	6.8215
6.3546e-05	10.232
8.4803e-05	13.643
0.00010613	17.054
0.00012753	20.464
0.00014903	23.875
0.00017064	27.286
0.00019239	30.697
0.00021428	34.107
0.00023633	37.518
0.00025857	40.929
0.00028099	44.339
0.00030363	47.75
0.0003265	51.161
0.00034961	54.572
0.00037299	57.982
0.00039663	61.393
0.00042058	64.804
0.00044483	68.215
0.00046941	71.625
0.00049433	75.036
0.00051962	78.447
0.00054528	81.857
0.00057134	85.268
0.00059781	88.679
0.00062472	92.09
0.00065207	95.5
0.00067989	98.911
0.0007082	102.32
0.00073701	105.73
0.00076635	109.14
0.00079623	112.55
0.00082668	115.96
0.00085771	119.38
0.00088934	122.79
0.0009216	126.2
0.0009545	129.61
0.00098807	133.02
0.0010223	136.43
0.0010573	139.84
0.001093	143.25
0.0011295	146.66
0.0011667	150.07
0.0012047	153.48
0.0012436	156.89
0.0012833	160.3
0.0013238	163.71
0.0013653	167.13
0.0014077	170.54
0.001451	173.95
0.0014952	177.36
0.0015405	180.77
0.0015868	184.18
0.0016341	187.59
0.0016825	191
0.001732	194.41
0.0017826	197.82
0.0018343	201.23
0.0018872	204.64
0.0019413	208.05
0.0019967	211.47
0.0020533	214.88
0.0021111	218.29
0.0021703	221.7
0.0022308	225.11
0.0022927	228.52
0.002356	231.93
0.0024207	235.34
0.0024868	238.75
0.0025544	242.16
0.0026236	245.57
0.0026942	248.98
0.0027664	252.39
0.0028402	255.8
0.0029156	259.22
0.0029926	262.63
0.0030713	266.04
0.0031517	269.45
0.0032338	272.86
0.0033177	276.27
0.0034033	279.68
0.0034906	283.09
0.0035798	286.5
0.0036708	289.91
0.0037636	293.32
0.0038583	296.73
0.0039548	300.14
0.0040533	303.55
0.0041537	306.97
0.004256	310.38
0.0043603	313.79
0.0044665	317.2
0.0045747	320.61
0.0046848	324.02
0.004797	327.43
0.0049111	330.84
0.0050272	334.25
0.0051454	337.66
0.0052655	341.07
0.0053876	344.48
0.0055118	347.89
0.0056379	351.31
0.0057661	354.72
0.0058963	358.13
0.0060284	361.54
0.0061626	364.95
0.0062988	368.36
0.0064369	371.77
0.0065771	375.18
0.0067192	378.59
0.0068632	382
0.0070092	385.41
0.0071571	388.82
0.0073069	392.23
0.0074586	395.64
0.0076121	399.06
0.0077675	402.47
0.0079247	405.88
0.0080837	409.29
0.0082444	412.7
0.0084068	416.11
0.008571	419.52
0.0087368	422.93
0.0089043	426.34
0.0090734	429.75
0.0092442	433.16
0.0094165	436.57
0.0095905	439.98
0.0097659	443.39
0.0099428	446.81
0.010121	450.22
0.010301	453.63
0.010482	457.04
0.010665	460.45
0.010849	463.86
0.011034	467.27
0.01122	470.68
0.011408	474.09
0.011596	477.5
0.011786	480.91
0.011976	484.32
0.012168	487.73
0.012361	491.14
0.012554	494.56
0.012749	497.97
0.012944	501.38
0.01314	504.79
0.013337	508.2
0.013535	511.61
0.013733	515.02
0.013932	518.43
0.014132	521.84
0.014333	525.25
0.014533	528.66
0.014735	532.07
0.014937	535.48
0.015139	538.9
0.015342	542.31
0.015545	545.72
0.015748	549.13
0.015951	552.54
0.016154	555.95
0.016358	559.36
0.016562	562.77
0.016765	566.18
0.016969	569.59
0.017173	573
0.017377	576.41
0.01758	579.82
0.017784	583.23
0.017987	586.65
0.01819	590.06
0.018393	593.47
0.018596	596.88
0.018798	600.29
0.019	603.7
0.019202	607.11
0.019404	610.52
0.019604	613.93
0.019805	617.34
0.020005	620.75
0.020204	624.16
0.020403	627.57
0.020601	630.98
0.020798	634.4
0.020995	637.81
0.021191	641.22
0.021386	644.63
0.02158	648.04
0.021774	651.45
0.021967	654.86
0.022159	658.27
0.022349	661.68
0.02254	665.09
0.022729	668.5
0.022917	671.91
0.023104	675.32
0.02329	678.73
0.023475	682.15
0.023659	685.56
0.023842	688.97
0.024024	692.38
0.024205	695.79
0.024384	699.2
0.024563	702.61
0.02474	706.02
0.024916	709.43
0.025091	712.84
0.025264	716.25
0.025436	719.66
0.025607	723.07
0.025777	726.49
0.025945	729.9
0.026112	733.31
0.026277	736.72
0.026441	740.13
0.026603	743.54
0.026765	746.95
0.026924	750.36
0.027082	753.77
0.027239	757.18
0.027394	760.59
0.027548	764
0.027701	767.41
0.027851	770.82
0.028001	774.24
0.028148	777.65
0.028294	781.06
0.028439	784.47
0.028582	787.88
0.028724	791.29
0.028864	794.7
0.029002	798.11
0.029138	801.52
0.029274	804.93
0.029407	808.34
0.029539	811.75
0.029669	815.16
0.029797	818.57
0.029925	821.99
0.03005	825.4
0.030174	828.81
0.030296	832.22
0.030416	835.63
0.030534	839.04
0.03065	842.45
0.030765	845.86
0.030879	849.27
0.03099	852.68
0.0311	856.09
0.031208	859.5
0.031314	862.91
0.031419	866.33
0.031522	869.74
0.031623	873.15
0.031722	876.56
0.03182	879.97
0.031916	883.38
0.03201	886.79
0.032102	890.2
0.032193	893.61
0.032282	897.02
0.032369	900.43
0.032454	903.84
0.032538	907.25
0.03262	910.66
0.0327	914.08
0.032778	917.49
0.032855	920.9
0.03293	924.31
0.033003	927.72
0.033074	931.13
0.033144	934.54
0.033211	937.95
0.033277	941.36
0.033342	944.77
0.033404	948.18
0.033465	951.59
0.033524	955
0.033581	958.41
0.033636	961.83
0.03369	965.24
0.033741	968.65
0.033792	972.06
0.03384	975.47
0.033886	978.88
0.033931	982.29
0.033974	985.7
0.034015	989.11
0.034055	992.52
0.034093	995.93
0.034129	999.34
0.034163	1002.8
0.034196	1006.2
0.034226	1009.6
0.034255	1013
0.034283	1016.4
0.034308	1019.8
0.034332	1023.2
0.034354	1026.6
0.034374	1030
0.034393	1033.5
0.03441	1036.9
0.034425	1040.3
0.034439	1043.7
0.034451	1047.1
0.034461	1050.5
0.034469	1053.9
0.034476	1057.3
0.034481	1060.7
0.034484	1064.1
0.034486	1067.6
0.034486	1071
0.034484	1074.4
0.034481	1077.8
0.034476	1081.2
0.034469	1084.6
0.034461	1088
0.034451	1091.4
0.03444	1094.8
0.034426	1098.3
0.034412	1101.7
0.034395	1105.1
0.034377	1108.5
0.034358	1111.9
0.034336	1115.3
0.034314	1118.7
0.034289	1122.1
0.034263	1125.5
0.034236	1129
0.034207	1132.4
0.034176	1135.8
0.034144	1139.2
0.03411	1142.6
0.034075	1146
0.034039	1149.4
0.034001	1152.8
0.033961	1156.2
0.03392	1159.6
0.033877	1163.1
0.033833	1166.5
0.033788	1169.9
0.033741	1173.3
0.033693	1176.7
0.033643	1180.1
0.033592	1183.5
0.03354	1186.9
0.033486	1190.3
0.033431	1193.8
0.033374	1197.2
0.033316	1200.6
0.033257	1204
0.033196	1207.4
0.033134	1210.8
0.033071	1214.2
0.033006	1217.6
0.032941	1221
0.032874	1224.5
0.032805	1227.9
0.032736	1231.3
0.032665	1234.7
0.032593	1238.1
0.03252	1241.5
0.032445	1244.9
0.03237	1248.3
0.032293	1251.7
0.032215	1255.1
0.032136	1258.6
0.032056	1262
0.031974	1265.4
0.031892	1268.8
0.031808	1272.2
0.031724	1275.6
0.031638	1279
0.031551	1282.4
0.031463	1285.8
0.031375	1289.3
0.031285	1292.7
0.031194	1296.1
0.031102	1299.5
0.031009	1302.9
0.030916	1306.3
0.030821	1309.7
0.030725	1313.1
0.030628	1316.5
0.030531	1320
0.030432	1323.4
0.030333	1326.8
0.030233	1330.2
0.030132	1333.6
0.03003	1337
0.029927	1340.4
0.029824	1343.8
0.029719	1347.2
0.029614	1350.6
0.029508	1354.1
0.029401	1357.5
0.029294	1360.9
0.029185	1364.3
0.029076	1367.7
0.028967	1371.1
0.028856	1374.5
0.028745	1377.9
0.028633	1381.3
0.028521	1384.8
0.028408	1388.2
0.028294	1391.6
0.028179	1395
0.028064	1398.4
0.027949	1401.8
0.027832	1405.2
0.027715	1408.6
0.027598	1412
0.02748	1415.5
0.027361	1418.9
0.027242	1422.3
0.027123	1425.7
0.027003	1429.1
0.026882	1432.5
0.026761	1435.9
0.026639	1439.3
0.026517	1442.7
0.026395	1446.1
0.026272	1449.6
0.026149	1453
0.026025	1456.4
0.025901	1459.8
0.025776	1463.2
0.025651	1466.6
0.025526	1470
0.0254	1473.4
0.025274	1476.8
0.025148	1480.3
0.025021	1483.7
0.024894	1487.1
0.024767	1490.5
0.02464	1493.9
0.024512	1497.3
0.024384	1500.7
0.024256	1504.1
0.024127	1507.5
0.023998	1511
0.02387	1514.4
0.02374	1517.8
0.023611	1521.2
0.023481	1524.6
0.023352	1528
0.023222	1531.4
0.023092	1534.8
0.022962	1538.2
0.022831	1541.6
0.022701	1545.1
0.022571	1548.5
0.02244	1551.9
0.022309	1555.3
0.022179	1558.7
0.022048	1562.1
0.021917	1565.5
0.021786	1568.9
0.021655	1572.3
0.021524	1575.8
0.021394	1579.2
0.021263	1582.6
0.021132	1586
0.021001	1589.4
0.02087	1592.8
0.020739	1596.2
0.020609	1599.6
0.020478	1603
0.020347	1606.5
0.020217	1609.9
0.020086	1613.3
0.019956	1616.7
0.019826	1620.1
0.019696	1623.5
0.019566	1626.9
0.019436	1630.3
0.019306	1633.7
0.019177	1637.1
0.019047	1640.6
0.018918	1644
0.018789	1647.4
0.01866	1650.8
0.018532	1654.2
0.018403	1657.6
0.018275	1661
0.018147	1664.4
0.018019	1667.8
0.017892	1671.3
0.017765	1674.7
0.017638	1678.1
0.017511	1681.5
0.017384	1684.9
0.017258	1688.3
0.017132	1691.7
0.017007	1695.1
0.016882	1698.5
0.016757	1702
0.016632	1705.4
0.016508	1708.8
0.016384	1712.2
0.01626	1715.6
0.016137	1719
0.016014	1722.4
0.015891	1725.8
0.015769	1729.2
0.015647	1732.7
0.015526	1736.1
0.015405	1739.5
0.015284	1742.9
0.015164	1746.3
0.015044	1749.7
0.014925	1753.1
0.014806	1756.5
0.014687	1759.9
0.014569	1763.3
0.014451	1766.8
0.014334	1770.2
0.014217	1773.6
0.0141	1777
0.013984	1780.4
0.013869	1783.8
0.013754	1787.2
0.013639	1790.6
0.013525	1794
0.013411	1797.5
0.013298	1800.9
0.013186	1804.3
0.013073	1807.7
0.012962	1811.1
0.012851	1814.5
0.01274	1817.9
0.01263	1821.3
0.01252	1824.7
0.012411	1828.2
0.012302	1831.6
0.012194	1835
0.012087	1838.4
0.01198	1841.8
0.011873	1845.2
0.011767	1848.6
0.011662	1852
0.011557	1855.4
0.011453	1858.8
0.011349	1862.3
0.011246	1865.7
0.011143	1869.1
0.011041	1872.5
0.010939	1875.9
0.010838	1879.3
0.010738	1882.7
0.010638	1886.1
0.010539	1889.5
0.01044	1893
0.010342	1896.4
0.010244	1899.8
0.010147	1903.2
0.010051	1906.6
0.0099551	1910
0.0098599	1913.4
0.0097652	1916.8
0.0096711	1920.2
0.0095775	1923.7
0.0094846	1927.1
0.0093922	1930.5
0.0093004	1933.9
0.0092093	1937.3
0.0091186	1940.7
0.0090286	1944.1
0.0089392	1947.5
0.0088504	1950.9
0.0087621	1954.3
0.0086745	1957.8
0.0085874	1961.2
0.0085009	1964.6
0.008415	1968
0.0083297	1971.4
0.0082451	1974.8
0.0081609	1978.2
0.0080774	1981.6
0.0079945	1985
0.0079122	1988.5
0.0078304	1991.9
0.0077493	1995.3
0.0076687	1998.7
0.0075888	2002.1
0.0075094	2005.5
0.0074306	2008.9
0.0073524	2012.3
0.0072748	2015.7
0.0071978	2019.2
0.0071213	2022.6
0.0070455	2026
0.0069702	2029.4
0.0068955	2032.8
0.0068214	2036.2
0.0067479	2039.6
0.0066749	2043
0.0066026	2046.4
0.0065308	2049.8
0.0064596	2053.3
0.0063889	2056.7
0.0063188	2060.1
0.0062493	2063.5
0.0061804	2066.9
0.006112	2070.3
0.0060442	2073.7
0.005977	2077.1
0.0059103	2080.5
0.0058441	2084
0.0057786	2087.4
0.0057136	2090.8
0.0056491	2094.2
0.0055852	2097.6
0.0055218	2101
0.005459	2104.4
0.0053967	2107.8
0.005335	2111.2
0.0052738	2114.7
0.0052132	2118.1
0.0051531	2121.5
0.0050935	2124.9
0.0050345	2128.3
0.004976	2131.7
0.004918	2135.1
0.0048605	2138.5
0.0048036	2141.9
0.0047472	2145.3
0.0046913	2148.8
0.0046359	2152.2
0.0045811	2155.6
0.0045267	2159
0.0044729	2162.4
0.0044196	2165.8
0.0043667	2169.2
0.0043144	2172.6
0.0042626	2176
0.0042112	2179.5
0.0041604	2182.9
0.00411	2186.3
0.0040602	2189.7
0.0040108	2193.1
0.0039619	2196.5
0.0039135	2199.9
0.0038656	2203.3
0.0038181	2206.7
0.0037711	2210.2
0.0037246	2213.6
0.0036785	2217
0.0036329	2220.4
0.0035878	2223.8
0.0035431	2227.2
0.0034988	2230.6
0.0034551	2234
0.0034117	2237.4
0.0033688	2240.8
0.0033264	2244.3
0.0032844	2247.7
0.0032428	2251.1
0.0032017	2254.5
0.0031609	2257.9
0.0031207	2261.3
0.0030808	2264.7
0.0030414	2268.1
0.0030023	2271.5
0.0029637	2275
0.0029255	2278.4
0.0028877	2281.8
0.0028503	2285.2
0.0028134	2288.6
0.0027768	2292
0.0027406	2295.4
0.0027048	2298.8
0.0026694	2302.2
0.0026344	2305.7
0.0025998	2309.1
0.0025655	2312.5
0.0025317	2315.9
0.0024982	2319.3
0.002465	2322.7
0.0024323	2326.1
0.0023999	2329.5
0.0023679	2332.9
0.0023362	2336.3
0.0023049	2339.8
0.002274	2343.2
0.0022434	2346.6
0.0022132	2350
0.0021833	2353.4
0.0021537	2356.8
0.0021245	2360.2
0.0020956	2363.6
0.0020671	2367
0.0020389	2370.5
0.002011	2373.9
0.0019835	2377.3
0.0019562	2380.7
0.0019293	2384.1
0.0019027	2387.5
0.0018765	2390.9
0.0018505	2394.3
0.0018249	2397.7
0.0017995	2401.2
0.0017745	2404.6
0.0017497	2408
0.0017253	2411.4
0.0017011	2414.8
0.0016773	2418.2
0.0016537	2421.6
0.0016304	2425
0.0016074	2428.4
0.0015847	2431.8
0.0015623	2435.3
0.0015401	2438.7
0.0015182	2442.1
0.0014966	2445.5
0.0014753	2448.9
0.0014542	2452.3
0.0014334	2455.7
0.0014128	2459.1
0.0013925	2462.5
0.0013725	2466
0.0013527	2469.4
0.0013331	2472.8
0.0013138	2476.2
0.0012948	2479.6
0.001276	2483
0.0012574	2486.4
0.0012391	2489.8
0.001221	2493.2
0.0012031	2496.7
0.0011855	2500.1
0.0011681	2503.5
0.0011509	2506.9
0.0011339	2510.3
0.0011172	2513.7
0.0011007	2517.1
0.0010844	2520.5
0.0010683	2523.9
0.0010524	2527.3
0.0010367	2530.8
0.0010212	2534.2
0.001006	2537.6
0.00099093	2541
0.00097607	2544.4
0.00096141	2547.8
0.00094695	2551.2
0.00093268	2554.6
0.0009186	2558
0.00090471	2561.5
0.00089101	2564.9
0.00087749	2568.3
0.00086416	2571.7
0.000851	2575.1
0.00083803	2578.5
0.00082523	2581.9
0.00081261	2585.3
0.00080016	2588.7
0.00078788	2592.2
0.00077577	2595.6
0.00076382	2599
0.00075204	2602.4
0.00074043	2605.8
0.00072897	2609.2
0.00071768	2612.6
0.00070654	2616
0.00069555	2619.4
0.00068472	2622.9
0.00067405	2626.3
0.00066352	2629.7
0.00065314	2633.1
0.00064291	2636.5
0.00063282	2639.9
0.00062287	2643.3
0.00061306	2646.7
0.0006034	2650.1
0.00059387	2653.5
0.00058448	2657
0.00057522	2660.4
0.0005661	2663.8
0.0005571	2667.2
0.00054824	2670.6
0.0005395	2674
0.00053089	2677.4
0.0005224	2680.8
0.00051404	2684.2
0.0005058	2687.7
0.00049768	2691.1
0.00048967	2694.5
0.00048179	2697.9
0.00047402	2701.3
0.00046636	2704.7
0.00045881	2708.1
0.00045138	2711.5
0.00044406	2714.9
0.00043684	2718.4
0.00042973	2721.8
0.00042273	2725.2
0.00041583	2728.6
0.00040903	2732
0.00040234	2735.4
0.00039574	2738.8
0.00038925	2742.2
0.00038285	2745.6
0.00037655	2749
0.00037034	2752.5
0.00036422	2755.9
0.0003582	2759.3
0.00035227	2762.7
0.00034643	2766.1
0.00034068	2769.5
0.00033501	2772.9
0.00032943	2776.3
0.00032394	2779.7
0.00031853	2783.2
0.00031321	2786.6
0.00030796	2790
0.0003028	2793.4
0.00029771	2796.8
0.00029271	2800.2
0.00028778	2803.6
0.00028293	2807
0.00027815	2810.4
0.00027345	2813.9
0.00026882	2817.3
0.00026426	2820.7
0.00025978	2824.1
0.00025536	2827.5
0.00025101	2830.9
0.00024674	2834.3
0.00024253	2837.7
0.00023838	2841.1
0.0002343	2844.5
0.00023029	2848
0.00022634	2851.4
0.00022245	2854.8
0.00021862	2858.2
0.00021485	2861.6
0.00021115	2865
0.0002075	2868.4
0.00020391	2871.8
0.00020038	2875.2
0.00019691	2878.7
0.00019349	2882.1
0.00019012	2885.5
0.00018682	2888.9
0.00018356	2892.3
0.00018036	2895.7
0.0001772	2899.1
0.0001741	2902.5
0.00017105	2905.9
0.00016805	2909.4
0.0001651	2912.8
0.0001622	2916.2
0.00015934	2919.6
0.00015653	2923
0.00015377	2926.4
0.00015105	2929.8
0.00014838	2933.2
0.00014575	2936.6
0.00014316	2940
0.00014062	2943.5
0.00013812	2946.9
0.00013566	2950.3
0.00013324	2953.7
0.00013086	2957.1
0.00012853	2960.5
0.00012622	2963.9
0.00012396	2967.3
0.00012174	2970.7
0.00011955	2974.2
0.0001174	2977.6
0.00011529	2981
0.00011321	2984.4
0.00011117	2987.8
0.00010916	2991.2
0.00010718	2994.6
0.00010524	2998
0.00010333	3001.4
0.00010146	3004.9
9.9612e-05	3008.3
9.7799e-05	3011.7
9.6017e-05	3015.1
9.4265e-05	3018.5
9.2543e-05	3021.9
9.085e-05	3025.3
8.9187e-05	3028.7
8.7552e-05	3032.1
8.5945e-05	3035.5
8.4366e-05	3039
8.2814e-05	3042.4
8.1288e-05	3045.8
7.9789e-05	3049.2
7.8316e-05	3052.6
7.6869e-05	3056
7.5446e-05	3059.4
7.4049e-05	3062.8
7.2675e-05	3066.2
7.1326e-05	3069.7
7e-05	3073.1
6.8697e-05	3076.5
6.7417e-05	3079.9
6.616e-05	3083.3
6.4924e-05	3086.7
6.371e-05	3090.1
6.2518e-05	3093.5
6.1346e-05	3096.9
6.0196e-05	3100.4
5.9065e-05	3103.8
5.7954e-05	3107.2
5.6864e-05	3110.6
5.5792e-05	3114
5.474e-05	3117.4
5.3706e-05	3120.8
5.269e-05	3124.2
5.1693e-05	3127.6
5.0714e-05	3131
4.9751e-05	3134.5
4.8807e-05	3137.9
4.7879e-05	3141.3
4.6968e-05	3144.7
4.6073e-05	3148.1
4.5194e-05	3151.5
4.4331e-05	3154.9
4.3483e-05	3158.3
4.2651e-05	3161.7
4.1834e-05	3165.2
4.1032e-05	3168.6
4.0244e-05	3172
3.9471e-05	3175.4
3.8711e-05	3178.8
3.7966e-05	3182.2
3.7234e-05	3185.6
3.6515e-05	3189
3.5809e-05	3192.4
3.5117e-05	3195.9
3.4437e-05	3199.3
3.3769e-05	3202.7
3.3114e-05	3206.1
3.2471e-05	3209.5
3.1839e-05	3212.9
3.1219e-05	3216.3
3.0611e-05	3219.7
3.0014e-05	3223.1
2.9428e-05	3226.5
2.8853e-05	3230
2.8288e-05	3233.4
2.7734e-05	3236.8
2.719e-05	3240.2
2.6656e-05	3243.6
2.6132e-05	3247
2.5618e-05	3250.4
2.5114e-05	3253.8
2.4619e-05	3257.2
2.4133e-05	3260.7
2.3656e-05	3264.1
2.3189e-05	3267.5
2.2729e-05	3270.9
2.2279e-05	3274.3
2.1837e-05	3277.7
2.1404e-05	3281.1
2.0978e-05	3284.5
2.0561e-05	3287.9
2.0151e-05	3291.4
1.975e-05	3294.8
1.9356e-05	3298.2
1.8969e-05	3301.6
1.859e-05	3305
1.8217e-05	3308.4
1.7852e-05	3311.8
1.7494e-05	3315.2
1.7143e-05	3318.6
1.6799e-05	3322
1.6461e-05	3325.5
1.6129e-05	3328.9
1.5804e-05	3332.3
1.5485e-05	3335.7
1.5172e-05	3339.1
1.4866e-05	3342.5
1.4565e-05	3345.9
1.427e-05	3349.3
1.398e-05	3352.7
1.3697e-05	3356.2
1.3418e-05	3359.6
1.3145e-05	3363
1.2878e-05	3366.4
1.2615e-05	3369.8
1.2358e-05	3373.2
1.2106e-05	3376.6
1.1858e-05	3380
1.1616e-05	3383.4
1.1378e-05	3386.9
1.1145e-05	3390.3
1.0916e-05	3393.7
1.0692e-05	3397.1
1.0472e-05	3400.5
1.0257e-05	3403.9
1.0046e-05	3407.3
9.8385e-06	3410.7
9.6355e-06	3414.1
9.4365e-06	3417.6
9.2414e-06	3421
9.0502e-06	3424.4
8.8628e-06	3427.8
8.679e-06	3431.2
8.499e-06	3434.6
8.3225e-06	3438
8.1494e-06	3441.4
7.9799e-06	3444.8
7.8137e-06	3448.2
7.6508e-06	3451.7
7.4911e-06	3455.1
7.3347e-06	3458.5
7.1814e-06	3461.9
7.0311e-06	3465.3
6.8838e-06	3468.7
6.7395e-06	3472.1
6.5981e-06	3475.5
6.4596e-06	3478.9
6.3238e-06	3482.4
6.1907e-06	3485.8
6.0604e-06	3489.2
5.9326e-06	3492.6
5.8075e-06	3496
5.6848e-06	3499.4
5.5647e-06	3502.8
5.447e-06	3506.2
5.3317e-06	3509.6
5.2187e-06	3513.1
5.108e-06	3516.5
4.9995e-06	3519.9
4.8933e-06	3523.3
4.7892e-06	3526.7
4.6873e-06	3530.1
4.5874e-06	3533.5
4.4896e-06	3536.9
4.3938e-06	3540.3
4.2999e-06	3543.7
4.208e-06	3547.2
4.1179e-06	3550.6
4.0297e-06	3554
3.9433e-06	3557.4
3.8587e-06	3560.8
3.7758e-06	3564.2
3.6947e-06	3567.6
3.6152e-06	3571
3.5373e-06	3574.4
3.4611e-06	3577.9
3.3865e-06	3581.3
3.3133e-06	3584.7
3.2418e-06	3588.1
3.1716e-06	3591.5
3.103e-06	3594.9
3.0358e-06	3598.3
2.97e-06	3601.7
2.9055e-06	3605.1
2.8424e-06	3608.6
2.7806e-06	3612
2.7201e-06	3615.4
2.6609e-06	3618.8
2.6029e-06	3622.2
2.5461e-06	3625.6
2.4905e-06	3629
2.4361e-06	3632.4
2.3829e-06	3635.8
2.3307e-06	3639.2
2.2797e-06	3642.7
2.2297e-06	3646.1
2.1808e-06	3649.5
2.1329e-06	3652.9
2.086e-06	3656.3
2.0402e-06	3659.7
1.9953e-06	3663.1
1.9513e-06	3666.5
1.9083e-06	3669.9
1.8662e-06	3673.4
1.825e-06	3676.8
1.7847e-06	3680.2
1.7452e-06	3683.6
1.7066e-06	3687
1.6688e-06	3690.4
1.6318e-06	3693.8
1.5956e-06	3697.2
1.5602e-06	3700.6
1.5255e-06	3704.1
1.4916e-06	3707.5
1.4584e-06	3710.9
1.4259e-06	3714.3
1.3941e-06	3717.7
1.3631e-06	3721.1
1.3326e-06	3724.5
1.3029e-06	3727.9
1.2738e-06	3731.3
1.2453e-06	3734.7
1.2174e-06	3738.2
1.1901e-06	3741.6
1.1635e-06	3745
1.1374e-06	3748.4
1.1118e-06	3751.8
1.0869e-06	3755.2
1.0625e-06	3758.6
1.0386e-06	3762
1.0152e-06	3765.4
9.9234e-07	3768.9
9.6999e-07	3772.3
9.4812e-07	3775.7
9.2673e-07	3779.1
9.0582e-07	3782.5
8.8536e-07	3785.9
8.6536e-07	3789.3
8.4579e-07	3792.7
8.2666e-07	3796.1
8.0795e-07	3799.6
7.8966e-07	3803
7.7176e-07	3806.4
7.5427e-07	3809.8
7.3717e-07	3813.2
7.2044e-07	3816.6
7.0409e-07	3820
6.881e-07	3823.4
6.7247e-07	3826.8
6.5718e-07	3830.2
6.4224e-07	3833.7
6.2764e-07	3837.1
6.1336e-07	3840.5
5.994e-07	3843.9
5.8575e-07	3847.3
5.7242e-07	3850.7
5.5938e-07	3854.1
5.4664e-07	3857.5
5.3418e-07	3860.9
5.2201e-07	3864.4
5.1011e-07	3867.8
4.9849e-07	3871.2
4.8713e-07	3874.6
4.7602e-07	3878
4.6517e-07	3881.4
4.5457e-07	3884.8
4.4421e-07	3888.2
4.3409e-07	3891.6
4.242e-07	3895.1
4.1454e-07	3898.5
4.051e-07	3901.9
3.9588e-07	3905.3
3.8687e-07	3908.7
3.7808e-07	3912.1
3.6948e-07	3915.5
3.6109e-07	3918.9
3.5289e-07	3922.3
3.4488e-07	3925.7
3.3707e-07	3929.2
3.2943e-07	3932.6
3.2198e-07	3936
3.147e-07	3939.4
3.0759e-07	3942.8
3.0066e-07	3946.2
2.9388e-07	3949.6
2.8727e-07	3953
2.8082e-07	3956.4
2.7453e-07	3959.9
2.6838e-07	3963.3
2.6239e-07	3966.7
2.5654e-07	3970.1
2.5083e-07	3973.5
2.4526e-07	3976.9
2.3983e-07	3980.3
2.3454e-07	3983.7
2.2937e-07	3987.1
2.2434e-07	3990.6
2.1943e-07	3994
2.1464e-07	3997.4
2.0998e-07	4000.8
2.0543e-07	4004.2
2.01e-07	4007.6
1.9668e-07	4011
1.9247e-07	4014.4
1.8838e-07	4017.8
1.8439e-07	4021.2
1.805e-07	4024.7
1.7672e-07	4028.1
1.7304e-07	4031.5
1.6946e-07	4034.9
1.6598e-07	4038.3
1.6259e-07	4041.7
1.5929e-07	4045.1
1.5609e-07	4048.5
1.5298e-07	4051.9
1.4995e-07	4055.4
1.4702e-07	4058.8
1.4416e-07	4062.2
1.4139e-07	4065.6
1.3871e-07	4069
1.361e-07	4072.4
1.3358e-07	4075.8
1.3113e-07	4079.2
1.2876e-07	4082.6
1.2646e-07	4086.1
1.2424e-07	4089.5
1.2209e-07	4092.9
1.2001e-07	4096.3
1.1801e-07	4099.7
1.1607e-07	4103.1
1.142e-07	4106.5
1.124e-07	4109.9
1.1067e-07	4113.3
1.09e-07	4116.7
1.074e-07	4120.2
1.0586e-07	4123.6
1.0438e-07	4127
1.0297e-07	4130.4
1.0162e-07	4133.8
1.0033e-07	4137.2
9.9099e-08	4140.6
9.7928e-08	4144
9.6817e-08	4147.4
9.5763e-08	4150.9
9.4768e-08	4154.3
9.383e-08	4157.7
9.2949e-08	4161.1
9.2125e-08	4164.5
9.1356e-08	4167.9
9.0643e-08	4171.3
8.9985e-08	4174.7
8.9382e-08	4178.1
8.8834e-08	4181.6
8.834e-08	4185
8.7901e-08	4188.4
8.7515e-08	4191.8
8.7184e-08	4195.2
8.6906e-08	4198.6
8.6681e-08	4202
8.651e-08	4205.4
8.6393e-08	4208.8
8.6329e-08	4212.2
8.6319e-08	4215.7
8.6362e-08	4219.1
8.6459e-08	4222.5
8.661e-08	4225.9
8.6815e-08	4229.3
8.7075e-08	4232.7
8.7389e-08	4236.1
8.7757e-08	4239.5
8.8181e-08	4242.9
8.866e-08	4246.4
8.9195e-08	4249.8
8.9786e-08	4253.2
9.0434e-08	4256.6
9.1139e-08	4260
