-1.2325e-16	0
0.00021347	20.05
0.00043202	40.1
0.00066079	60.15
0.00090489	80.201
0.0011695	100.25
0.0014602	120.3
0.0017828	140.35
0.0021438	160.4
0.0025501	180.45
0.0030088	200.5
0.0035263	220.55
0.0041077	240.6
0.0047562	260.65
0.0054726	280.7
0.0062564	300.75
0.0071049	320.8
0.0080147	340.85
0.0089809	360.9
0.0099978	380.95
0.01106	401
0.012161	421.05
0.013292	441.1
0.01445	461.15
0.015626	481.2
0.016738	500
0.016812	501.25
0.018003	521.3
0.019192	541.35
0.020371	561.4
0.021533	581.45
0.022672	601.5
0.023783	621.55
0.024859	641.6
0.025895	661.65
0.026885	681.7
0.027827	701.75
0.028715	721.8
0.029547	741.85
0.030318	761.9
0.031028	781.95
0.031675	802.01
0.032257	822.06
0.032772	842.11
0.033222	862.16
0.033605	882.21
0.033923	902.26
0.034175	922.31
0.034363	942.36
0.034487	962.41
0.034549	982.46
0.034551	1002.5
0.034493	1022.6
0.034379	1042.6
0.03421	1062.7
0.033987	1082.7
0.033715	1102.8
0.033393	1122.8
0.033026	1142.9
0.032615	1162.9
0.032164	1183
0.031675	1203
0.03115	1223.1
0.030593	1243.1
0.030007	1263.2
0.029393	1283.2
0.028755	1303.3
0.028095	1323.3
0.027416	1343.4
0.02672	1363.4
0.026011	1383.5
0.02529	1403.5
0.02456	1423.6
0.023823	1443.6
0.02308	1463.7
0.022335	1483.7
0.021589	1503.8
0.020844	1523.8
0.020101	1543.9
0.019363	1563.9
0.01863	1584
0.017905	1604
0.017189	1624.1
0.016482	1644.1
0.015786	1664.2
0.015103	1684.2
0.014432	1704.3
0.013776	1724.3
0.013135	1744.4
0.01251	1764.4
0.0119	1784.5
0.011308	1804.5
0.010732	1824.6
0.010175	1844.6
0.0096359	1864.7
0.0091151	1884.7
0.0086129	1904.8
0.0081292	1924.8
0.007664	1944.9
0.0072175	1964.9
0.0067895	1985
0.00638	2005
0.0059886	2025.1
0.0056152	2045.1
0.0052594	2065.2
0.0049208	2085.2
0.0045991	2105.3
0.0042938	2125.3
0.0040046	2145.4
0.003731	2165.4
0.0034724	2185.5
0.0032284	2205.5
0.0029985	2225.6
0.0027822	2245.6
0.0025788	2265.7
0.0023879	2285.7
0.0022088	2305.8
0.0020412	2325.8
0.0018844	2345.9
0.001738	2365.9
0.0016013	2386
0.001474	2406
0.0013555	2426.1
0.0012454	2446.1
0.0011431	2466.2
0.0010482	2486.2
0.00096033	2506.3
0.00087896	2526.3
0.00080375	2546.4
0.00073429	2566.4
0.00067022	2586.5
0.00061119	2606.5
0.00055685	2626.6
0.0005069	2646.6
0.000461	2666.7
0.0004189	2686.7
0.00038031	2706.8
0.00034496	2726.8
0.00031263	2746.9
0.00028308	2766.9
0.00025611	2787
0.0002315	2807
0.00020908	2827.1
0.00018867	2847.1
0.00017011	2867.2
0.00015325	2887.2
0.00013795	2907.3
0.00012407	2927.3
0.0001115	2947.4
0.00010011	2967.4
8.9822e-05	2987.5
8.0521e-05	3007.5
7.2127e-05	3027.6
6.4555e-05	3047.6
5.7732e-05	3067.7
5.159e-05	3087.7
4.6064e-05	3107.8
4.1099e-05	3127.8
3.664e-05	3147.9
3.264e-05	3167.9
2.9055e-05	3188
2.5843e-05	3208
2.297e-05	3228.1
2.04e-05	3248.1
1.8105e-05	3268.2
1.6055e-05	3288.2
1.4227e-05	3308.3
1.2599e-05	3328.3
1.1148e-05	3348.4
9.8572e-06	3368.4
8.7096e-06	3388.5
7.6901e-06	3408.5
6.7852e-06	3428.6
5.9824e-06	3448.6
5.271e-06	3468.7
4.6408e-06	3488.7
4.0832e-06	3508.8
3.5901e-06	3528.8
3.1543e-06	3548.9
2.7696e-06	3568.9
2.4301e-06	3589
2.1308e-06	3609
1.867e-06	3629.1
1.6348e-06	3649.1
1.4306e-06	3669.2
1.251e-06	3689.2
1.0932e-06	3709.3
9.547e-07	3729.3
8.3319e-07	3749.4
7.2667e-07	3769.4
6.3334e-07	3789.5
5.5165e-07	3809.5
4.8016e-07	3829.6
4.1767e-07	3849.6
3.6306e-07	3869.7
3.1538e-07	3889.7
2.7378e-07	3909.8
2.3749e-07	3929.8
2.0587e-07	3949.9
1.7832e-07	3969.9
1.5434e-07	3990
1.3347e-07	4010
1.1532e-07	4030.1
9.9539e-08	4050.1
8.5819e-08	4070.2
7.3895e-08	4090.2
6.3529e-08	4110.3
5.4515e-08	4130.3
4.6672e-08	4150.4
3.9838e-08	4170.4
3.3875e-08	4190.5
2.8657e-08	4210.5
2.4075e-08	4230.6
2.0033e-08	4250.6
1.8302e-08	4260
