1.1671e-11	0
5.7736e-05	4.0272
0.00011549	8.0544
0.00017329	12.082
0.00023115	16.109
0.00028909	20.136
0.00034714	24.163
0.00040531	28.191
0.00046362	32.218
0.00052209	36.245
0.00058075	40.272
0.0006396	44.299
0.00069868	48.327
0.00075799	52.354
0.00081755	56.381
0.00087739	60.408
0.00093753	64.436
0.00099797	68.463
0.0010587	72.49
0.0011199	76.517
0.0011813	80.544
0.0012432	84.572
0.0013054	88.599
0.0013681	92.626
0.0014312	96.653
0.0014947	100.68
0.0015587	104.71
0.0016232	108.73
0.0016882	112.76
0.0017537	116.79
0.0018197	120.82
0.0018862	124.84
0.0019534	128.87
0.0020211	132.9
0.0020894	136.93
0.0021583	140.95
0.0022279	144.98
0.0022981	149.01
0.002369	153.03
0.0024406	157.06
0.0025128	161.09
0.0025858	165.12
0.0026596	169.14
0.0027341	173.17
0.0028094	177.2
0.0028854	181.22
0.0029623	185.25
0.00304	189.28
0.0031185	193.31
0.0031979	197.33
0.0032782	201.36
0.0033594	205.39
0.0034415	209.42
0.0035245	213.44
0.0036084	217.47
0.0036933	221.5
0.0037791	225.52
0.003866	229.55
0.0039538	233.58
0.0040427	237.61
0.0041326	241.63
0.0042235	245.66
0.0043155	249.69
0.0044085	253.71
0.0045026	257.74
0.0045978	261.77
0.0046941	265.8
0.0047914	269.82
0.0048899	273.85
0.0049895	277.88
0.0050902	281.91
0.0051921	285.93
0.0052951	289.96
0.0053992	293.99
0.0055044	298.01
0.0056108	302.04
0.0057183	306.07
0.005827	310.1
0.0059368	314.12
0.0060478	318.15
0.0061598	322.18
0.0062731	326.2
0.0063874	330.23
0.0065028	334.26
0.0066194	338.29
0.0067371	342.31
0.0068558	346.34
0.0069757	350.37
0.0070966	354.4
0.0072186	358.42
0.0073416	362.45
0.0074657	366.48
0.0075908	370.5
0.0077169	374.53
0.007844	378.56
0.0079721	382.59
0.0081012	386.61
0.0082313	390.64
0.0083622	394.67
0.0084941	398.69
0.0086269	402.72
0.0087606	406.75
0.0088952	410.78
0.0090305	414.8
0.0091667	418.83
0.0093037	422.86
0.0094415	426.89
0.0095801	430.91
0.0097194	434.94
0.0098595	438.97
0.01	442.99
0.010142	447.02
0.010284	451.05
0.010427	455.08
0.01057	459.1
0.010714	463.13
0.010859	467.16
0.011004	471.18
0.01115	475.21
0.011296	479.24
0.011443	483.27
0.01159	487.29
0.011738	491.32
0.011886	495.35
0.012034	499.38
0.012183	503.4
0.012332	507.43
0.012482	511.46
0.012632	515.48
0.012783	519.51
0.012933	523.54
0.013084	527.57
0.013235	531.59
0.013387	535.62
0.013539	539.65
0.013691	543.67
0.013843	547.7
0.013995	551.73
0.014147	555.76
0.0143	559.78
0.014452	563.81
0.014605	567.84
0.014758	571.87
0.014911	575.89
0.015063	579.92
0.015216	583.95
0.015369	587.97
0.015522	592
0.015675	596.03
0.015828	600.06
0.015981	604.08
0.016133	608.11
0.016286	612.14
0.016439	616.16
0.016591	620.19
0.016743	624.22
0.016895	628.25
0.017047	632.27
0.017199	636.3
0.017351	640.33
0.017502	644.36
0.017653	648.38
0.017804	652.41
0.017955	656.44
0.018105	660.46
0.018255	664.49
0.018405	668.52
0.018555	672.55
0.018704	676.57
0.018853	680.6
0.019001	684.63
0.019149	688.65
0.019297	692.68
0.019444	696.71
0.019591	700.74
0.019738	704.76
0.019884	708.79
0.02003	712.82
0.020175	716.85
0.02032	720.87
0.020465	724.9
0.020609	728.93
0.020752	732.95
0.020895	736.98
0.021037	741.01
0.021179	745.04
0.02132	749.06
0.021461	753.09
0.021601	757.12
0.021741	761.14
0.02188	765.17
0.022018	769.2
0.022156	773.23
0.022293	777.25
0.02243	781.28
0.022566	785.31
0.022701	789.34
0.022835	793.36
0.022969	797.39
0.023103	801.42
0.023235	805.44
0.023367	809.47
0.023498	813.5
0.023628	817.53
0.023758	821.55
0.023886	825.58
0.024014	829.61
0.024142	833.63
0.024268	837.66
0.024394	841.69
0.024518	845.72
0.024642	849.74
0.024765	853.77
0.024888	857.8
0.025009	861.83
0.02513	865.85
0.025249	869.88
0.025368	873.91
0.025486	877.93
0.025603	881.96
0.025719	885.99
0.025834	890.02
0.025948	894.04
0.026061	898.07
0.026173	902.1
0.026284	906.12
0.026394	910.15
0.026503	914.18
0.026611	918.21
0.026719	922.23
0.026825	926.26
0.02693	930.29
0.027033	934.32
0.027136	938.34
0.027238	942.37
0.027339	946.4
0.027438	950.42
0.027537	954.45
0.027634	958.48
0.02773	962.51
0.027825	966.53
0.027919	970.56
0.028012	974.59
0.028104	978.61
0.028194	982.64
0.028283	986.67
0.028371	990.7
0.028458	994.72
0.028544	998.75
0.028628	1002.8
0.028711	1006.8
0.028793	1010.8
0.028874	1014.9
0.028953	1018.9
0.029031	1022.9
0.029108	1026.9
0.029183	1031
0.029258	1035
0.02933	1039
0.029402	1043.1
0.029472	1047.1
0.029541	1051.1
0.029609	1055.1
0.029675	1059.2
0.02974	1063.2
0.029804	1067.2
0.029866	1071.2
0.029927	1075.3
0.029986	1079.3
0.030045	1083.3
0.030101	1087.3
0.030157	1091.4
0.030211	1095.4
0.030263	1099.4
0.030314	1103.5
0.030364	1107.5
0.030412	1111.5
0.030459	1115.5
0.030504	1119.6
0.030548	1123.6
0.030591	1127.6
0.030632	1131.6
0.030672	1135.7
0.03071	1139.7
0.030747	1143.7
0.030782	1147.8
0.030816	1151.8
0.030848	1155.8
0.030879	1159.8
0.030908	1163.9
0.030936	1167.9
0.030963	1171.9
0.030988	1175.9
0.031011	1180
0.031033	1184
0.031054	1188
0.031073	1192.1
0.03109	1196.1
0.031106	1200.1
0.031121	1204.1
0.031134	1208.2
0.031146	1212.2
0.031156	1216.2
0.031164	1220.2
0.031171	1224.3
0.031177	1228.3
0.031181	1232.3
0.031184	1236.4
0.031185	1240.4
0.031184	1244.4
0.031183	1248.4
0.031179	1252.5
0.031174	1256.5
0.031168	1260.5
0.03116	1264.5
0.031151	1268.6
0.03114	1272.6
0.031128	1276.6
0.031115	1280.7
0.0311	1284.7
0.031083	1288.7
0.031065	1292.7
0.031046	1296.8
0.031025	1300.8
0.031002	1304.8
0.030978	1308.8
0.030953	1312.9
0.030927	1316.9
0.030898	1320.9
0.030869	1325
0.030838	1329
0.030806	1333
0.030772	1337
0.030737	1341.1
0.0307	1345.1
0.030663	1349.1
0.030623	1353.1
0.030583	1357.2
0.030541	1361.2
0.030498	1365.2
0.030453	1369.3
0.030407	1373.3
0.03036	1377.3
0.030311	1381.3
0.030261	1385.4
0.03021	1389.4
0.030158	1393.4
0.030104	1397.4
0.030049	1401.5
0.029993	1405.5
0.029935	1409.5
0.029876	1413.6
0.029816	1417.6
0.029755	1421.6
0.029693	1425.6
0.029629	1429.7
0.029564	1433.7
0.029498	1437.7
0.029431	1441.7
0.029363	1445.8
0.029293	1449.8
0.029223	1453.8
0.029151	1457.9
0.029078	1461.9
0.029004	1465.9
0.028929	1469.9
0.028853	1474
0.028776	1478
0.028698	1482
0.028618	1486
0.028538	1490.1
0.028457	1494.1
0.028375	1498.1
0.028292	1502.2
0.028207	1506.2
0.028122	1510.2
0.028036	1514.2
0.027949	1518.3
0.027861	1522.3
0.027772	1526.3
0.027682	1530.3
0.027592	1534.4
0.0275	1538.4
0.027408	1542.4
0.027314	1546.5
0.02722	1550.5
0.027125	1554.5
0.02703	1558.5
0.026933	1562.6
0.026836	1566.6
0.026738	1570.6
0.026639	1574.6
0.02654	1578.7
0.026439	1582.7
0.026338	1586.7
0.026237	1590.8
0.026135	1594.8
0.026032	1598.8
0.025928	1602.8
0.025824	1606.9
0.025719	1610.9
0.025613	1614.9
0.025507	1618.9
0.025401	1623
0.025293	1627
0.025186	1631
0.025077	1635.1
0.024968	1639.1
0.024859	1643.1
0.024749	1647.1
0.024639	1651.2
0.024528	1655.2
0.024417	1659.2
0.024305	1663.2
0.024193	1667.3
0.02408	1671.3
0.023967	1675.3
0.023853	1679.4
0.02374	1683.4
0.023625	1687.4
0.023511	1691.4
0.023396	1695.5
0.023281	1699.5
0.023165	1703.5
0.023049	1707.5
0.022933	1711.6
0.022817	1715.6
0.0227	1719.6
0.022583	1723.7
0.022466	1727.7
0.022349	1731.7
0.022231	1735.7
0.022113	1739.8
0.021995	1743.8
0.021877	1747.8
0.021759	1751.8
0.02164	1755.9
0.021521	1759.9
0.021403	1763.9
0.021284	1768
0.021165	1772
0.021045	1776
0.020926	1780
0.020807	1784.1
0.020688	1788.1
0.020568	1792.1
0.020449	1796.1
0.020329	1800.2
0.020209	1804.2
0.02009	1808.2
0.01997	1812.2
0.019851	1816.3
0.019731	1820.3
0.019612	1824.3
0.019492	1828.4
0.019373	1832.4
0.019253	1836.4
0.019134	1840.4
0.019015	1844.5
0.018896	1848.5
0.018777	1852.5
0.018658	1856.5
0.018539	1860.6
0.01842	1864.6
0.018302	1868.6
0.018183	1872.7
0.018065	1876.7
0.017947	1880.7
0.017829	1884.7
0.017711	1888.8
0.017594	1892.8
0.017476	1896.8
0.017359	1900.8
0.017242	1904.9
0.017125	1908.9
0.017009	1912.9
0.016892	1917
0.016776	1921
0.01666	1925
0.016545	1929
0.01643	1933.1
0.016314	1937.1
0.0162	1941.1
0.016085	1945.1
0.015971	1949.2
0.015857	1953.2
0.015743	1957.2
0.01563	1961.3
0.015517	1965.3
0.015405	1969.3
0.015292	1973.3
0.01518	1977.4
0.015069	1981.4
0.014957	1985.4
0.014846	1989.4
0.014736	1993.5
0.014625	1997.5
0.014515	2001.5
0.014406	2005.6
0.014297	2009.6
0.014188	2013.6
0.01408	2017.6
0.013972	2021.7
0.013864	2025.7
0.013757	2029.7
0.01365	2033.7
0.013544	2037.8
0.013438	2041.8
0.013332	2045.8
0.013227	2049.9
0.013123	2053.9
0.013018	2057.9
0.012915	2061.9
0.012811	2066
0.012708	2070
0.012606	2074
0.012504	2078
0.012402	2082.1
0.012301	2086.1
0.0122	2090.1
0.0121	2094.2
0.012	2098.2
0.011901	2102.2
0.011802	2106.2
0.011704	2110.3
0.011606	2114.3
0.011509	2118.3
0.011412	2122.3
0.011316	2126.4
0.01122	2130.4
0.011124	2134.4
0.011029	2138.5
0.010935	2142.5
0.010841	2146.5
0.010747	2150.5
0.010654	2154.6
0.010562	2158.6
0.01047	2162.6
0.010378	2166.6
0.010287	2170.7
0.010197	2174.7
0.010107	2178.7
0.010018	2182.8
0.0099287	2186.8
0.0098402	2190.8
0.0097523	2194.8
0.0096649	2198.9
0.009578	2202.9
0.0094917	2206.9
0.0094058	2210.9
0.0093205	2215
0.0092356	2219
0.0091513	2223
0.0090675	2227.1
0.0089843	2231.1
0.0089015	2235.1
0.0088193	2239.1
0.0087375	2243.2
0.0086563	2247.2
0.0085757	2251.2
0.0084955	2255.2
0.0084158	2259.3
0.0083367	2263.3
0.0082581	2267.3
0.00818	2271.4
0.0081024	2275.4
0.0080254	2279.4
0.0079488	2283.4
0.0078728	2287.5
0.0077973	2291.5
0.0077223	2295.5
0.0076478	2299.5
0.0075739	2303.6
0.0075004	2307.6
0.0074275	2311.6
0.0073551	2315.7
0.0072832	2319.7
0.0072118	2323.7
0.0071409	2327.7
0.0070705	2331.8
0.0070006	2335.8
0.0069313	2339.8
0.0068624	2343.8
0.0067941	2347.9
0.0067262	2351.9
0.0066589	2355.9
0.006592	2360
0.0065257	2364
0.0064598	2368
0.0063945	2372
0.0063297	2376.1
0.0062653	2380.1
0.0062015	2384.1
0.0061381	2388.1
0.0060752	2392.2
0.0060128	2396.2
0.0059509	2400.2
0.0058895	2404.3
0.0058286	2408.3
0.0057682	2412.3
0.0057082	2416.3
0.0056487	2420.4
0.0055897	2424.4
0.0055312	2428.4
0.0054731	2432.4
0.0054156	2436.5
0.0053584	2440.5
0.0053018	2444.5
0.0052456	2448.6
0.0051899	2452.6
0.0051347	2456.6
0.0050799	2460.6
0.0050256	2464.7
0.0049717	2468.7
0.0049183	2472.7
0.0048653	2476.7
0.0048128	2480.8
0.0047607	2484.8
0.0047091	2488.8
0.004658	2492.9
0.0046072	2496.9
0.0045569	2500.9
0.0045071	2504.9
0.0044577	2509
0.0044087	2513
0.0043601	2517
0.004312	2521
0.0042643	2525.1
0.004217	2529.1
0.0041702	2533.1
0.0041238	2537.1
0.0040778	2541.2
0.0040322	2545.2
0.003987	2549.2
0.0039422	2553.3
0.0038979	2557.3
0.0038539	2561.3
0.0038104	2565.3
0.0037672	2569.4
0.0037245	2573.4
0.0036821	2577.4
0.0036402	2581.4
0.0035986	2585.5
0.0035574	2589.5
0.0035166	2593.5
0.0034762	2597.6
0.0034362	2601.6
0.0033966	2605.6
0.0033573	2609.6
0.0033184	2613.7
0.0032799	2617.7
0.0032418	2621.7
0.003204	2625.7
0.0031666	2629.8
0.0031296	2633.8
0.0030929	2637.8
0.0030566	2641.9
0.0030206	2645.9
0.002985	2649.9
0.0029497	2653.9
0.0029148	2658
0.0028803	2662
0.0028461	2666
0.0028122	2670
0.0027786	2674.1
0.0027454	2678.1
0.0027126	2682.1
0.00268	2686.2
0.0026478	2690.2
0.002616	2694.2
0.0025844	2698.2
0.0025532	2702.3
0.0025223	2706.3
0.0024917	2710.3
0.0024614	2714.3
0.0024314	2718.4
0.0024018	2722.4
0.0023724	2726.4
0.0023434	2730.5
0.0023146	2734.5
0.0022862	2738.5
0.0022581	2742.5
0.0022302	2746.6
0.0022027	2750.6
0.0021754	2754.6
0.0021484	2758.6
0.0021218	2762.7
0.0020954	2766.7
0.0020692	2770.7
0.0020434	2774.8
0.0020178	2778.8
0.0019926	2782.8
0.0019676	2786.8
0.0019428	2790.9
0.0019183	2794.9
0.0018941	2798.9
0.0018702	2802.9
0.0018465	2807
0.0018231	2811
0.0018	2815
0.001777	2819.1
0.0017544	2823.1
0.001732	2827.1
0.0017098	2831.1
0.0016879	2835.2
0.0016663	2839.2
0.0016449	2843.2
0.0016237	2847.2
0.0016027	2851.3
0.001582	2855.3
0.0015616	2859.3
0.0015413	2863.4
0.0015213	2867.4
0.0015015	2871.4
0.001482	2875.4
0.0014626	2879.5
0.0014435	2883.5
0.0014246	2887.5
0.001406	2891.5
0.0013875	2895.6
0.0013692	2899.6
0.0013512	2903.6
0.0013334	2907.7
0.0013158	2911.7
0.0012984	2915.7
0.0012811	2919.7
0.0012641	2923.8
0.0012473	2927.8
0.0012307	2931.8
0.0012143	2935.8
0.0011981	2939.9
0.001182	2943.9
0.0011662	2947.9
0.0011505	2952
0.0011351	2956
0.0011198	2960
0.0011047	2964
0.0010898	2968.1
0.001075	2972.1
0.0010605	2976.1
0.0010461	2980.1
0.0010319	2984.2
0.0010178	2988.2
0.0010039	2992.2
0.00099024	2996.3
0.00097671	3000.3
0.00096334	3004.3
0.00095013	3008.3
0.00093708	3012.4
0.00092419	3016.4
0.00091147	3020.4
0.00089889	3024.4
0.00088648	3028.5
0.00087421	3032.5
0.0008621	3036.5
0.00085014	3040.6
0.00083833	3044.6
0.00082667	3048.6
0.00081515	3052.6
0.00080377	3056.7
0.00079254	3060.7
0.00078145	3064.7
0.0007705	3068.7
0.00075969	3072.8
0.00074901	3076.8
0.00073847	3080.8
0.00072806	3084.9
0.00071778	3088.9
0.00070764	3092.9
0.00069762	3096.9
0.00068774	3101
0.00067797	3105
0.00066834	3109
0.00065883	3113
0.00064944	3117.1
0.00064017	3121.1
0.00063102	3125.1
0.00062199	3129.2
0.00061307	3133.2
0.00060428	3137.2
0.00059559	3141.2
0.00058702	3145.3
0.00057856	3149.3
0.00057022	3153.3
0.00056198	3157.3
0.00055385	3161.4
0.00054582	3165.4
0.0005379	3169.4
0.00053009	3173.5
0.00052238	3177.5
0.00051477	3181.5
0.00050727	3185.5
0.00049986	3189.6
0.00049255	3193.6
0.00048534	3197.6
0.00047822	3201.6
0.0004712	3205.7
0.00046427	3209.7
0.00045744	3213.7
0.0004507	3217.8
0.00044405	3221.8
0.00043749	3225.8
0.00043101	3229.8
0.00042463	3233.9
0.00041833	3237.9
0.00041212	3241.9
0.00040599	3245.9
0.00039994	3250
0.00039398	3254
0.0003881	3258
0.0003823	3262
0.00037658	3266.1
0.00037093	3270.1
0.00036537	3274.1
0.00035988	3278.2
0.00035447	3282.2
0.00034913	3286.2
0.00034386	3290.2
0.00033867	3294.3
0.00033355	3298.3
0.0003285	3302.3
0.00032352	3306.3
0.00031861	3310.4
0.00031377	3314.4
0.000309	3318.4
0.0003043	3322.5
0.00029966	3326.5
0.00029508	3330.5
0.00029057	3334.5
0.00028612	3338.6
0.00028174	3342.6
0.00027742	3346.6
0.00027316	3350.6
0.00026896	3354.7
0.00026482	3358.7
0.00026073	3362.7
0.00025671	3366.8
0.00025274	3370.8
0.00024883	3374.8
0.00024498	3378.8
0.00024118	3382.9
0.00023744	3386.9
0.00023375	3390.9
0.00023011	3394.9
0.00022652	3399
0.00022299	3403
0.00021951	3407
0.00021608	3411.1
0.00021269	3415.1
0.00020936	3419.1
0.00020608	3423.1
0.00020284	3427.2
0.00019965	3431.2
0.00019651	3435.2
0.00019341	3439.2
0.00019036	3443.3
0.00018735	3447.3
0.00018439	3451.3
0.00018147	3455.4
0.00017859	3459.4
0.00017576	3463.4
0.00017297	3467.4
0.00017022	3471.5
0.00016751	3475.5
0.00016484	3479.5
0.00016221	3483.5
0.00015961	3487.6
0.00015706	3491.6
0.00015455	3495.6
0.00015207	3499.7
0.00014963	3503.7
0.00014723	3507.7
0.00014486	3511.7
0.00014253	3515.8
0.00014023	3519.8
0.00013797	3523.8
0.00013574	3527.8
0.00013354	3531.9
0.00013138	3535.9
0.00012925	3539.9
0.00012716	3544
0.00012509	3548
0.00012306	3552
0.00012105	3556
0.00011908	3560.1
0.00011714	3564.1
0.00011523	3568.1
0.00011334	3572.1
0.00011149	3576.2
0.00010966	3580.2
0.00010786	3584.2
0.00010609	3588.3
0.00010435	3592.3
0.00010263	3596.3
0.00010094	3600.3
9.928e-05	3604.4
9.7642e-05	3608.4
9.6029e-05	3612.4
9.4441e-05	3616.4
9.2878e-05	3620.5
9.1339e-05	3624.5
8.9824e-05	3628.5
8.8332e-05	3632.6
8.6864e-05	3636.6
8.5419e-05	3640.6
8.3996e-05	3644.6
8.2596e-05	3648.7
8.1217e-05	3652.7
7.986e-05	3656.7
7.8525e-05	3660.7
7.721e-05	3664.8
7.5916e-05	3668.8
7.4643e-05	3672.8
7.3389e-05	3676.9
7.2156e-05	3680.9
7.0942e-05	3684.9
6.9747e-05	3688.9
6.8571e-05	3693
6.7414e-05	3697
6.6275e-05	3701
6.5154e-05	3705
6.4051e-05	3709.1
6.2966e-05	3713.1
6.1898e-05	3717.1
6.0847e-05	3721.2
5.9813e-05	3725.2
5.8796e-05	3729.2
5.7794e-05	3733.2
5.6809e-05	3737.3
5.584e-05	3741.3
5.4887e-05	3745.3
5.3948e-05	3749.3
5.3025e-05	3753.4
5.2117e-05	3757.4
5.1224e-05	3761.4
5.0345e-05	3765.5
4.948e-05	3769.5
4.8629e-05	3773.5
4.7792e-05	3777.5
4.6969e-05	3781.6
4.6159e-05	3785.6
4.5362e-05	3789.6
4.4579e-05	3793.6
4.3808e-05	3797.7
4.305e-05	3801.7
4.2304e-05	3805.7
4.157e-05	3809.8
4.0849e-05	3813.8
4.0139e-05	3817.8
3.9441e-05	3821.8
3.8754e-05	3825.9
3.8079e-05	3829.9
3.7415e-05	3833.9
3.6762e-05	3837.9
3.612e-05	3842
3.5488e-05	3846
3.4867e-05	3850
3.4256e-05	3854.1
3.3655e-05	3858.1
3.3064e-05	3862.1
3.2484e-05	3866.1
3.1912e-05	3870.2
3.1351e-05	3874.2
3.0798e-05	3878.2
3.0255e-05	3882.2
2.9721e-05	3886.3
2.9196e-05	3890.3
2.868e-05	3894.3
2.8173e-05	3898.4
2.7673e-05	3902.4
2.7183e-05	3906.4
2.6701e-05	3910.4
2.6226e-05	3914.5
2.576e-05	3918.5
2.5302e-05	3922.5
2.4851e-05	3926.5
2.4408e-05	3930.6
2.3973e-05	3934.6
2.3545e-05	3938.6
2.3124e-05	3942.6
2.271e-05	3946.7
2.2304e-05	3950.7
2.1904e-05	3954.7
2.1511e-05	3958.8
2.1125e-05	3962.8
2.0746e-05	3966.8
2.0373e-05	3970.8
2.0006e-05	3974.9
1.9646e-05	3978.9
1.9291e-05	3982.9
1.8943e-05	3986.9
1.8601e-05	3991
1.8265e-05	3995
1.7934e-05	3999
1.761e-05	4003.1
1.7291e-05	4007.1
1.6977e-05	4011.1
1.6669e-05	4015.1
1.6366e-05	4019.2
1.6068e-05	4023.2
1.5776e-05	4027.2
1.5489e-05	4031.2
1.5206e-05	4035.3
1.4929e-05	4039.3
1.4656e-05	4043.3
1.4388e-05	4047.4
1.4125e-05	4051.4
1.3867e-05	4055.4
1.3613e-05	4059.4
1.3363e-05	4063.5
1.3118e-05	4067.5
1.2877e-05	4071.5
1.264e-05	4075.5
1.2407e-05	4079.6
1.2179e-05	4083.6
1.1955e-05	4087.6
1.1734e-05	4091.7
1.1517e-05	4095.7
1.1305e-05	4099.7
1.1096e-05	4103.7
1.089e-05	4107.8
1.0689e-05	4111.8
1.0491e-05	4115.8
1.0296e-05	4119.8
1.0105e-05	4123.9
9.9172e-06	4127.9
9.7328e-06	4131.9
9.5517e-06	4136
9.3738e-06	4140
9.199e-06	4144
9.0275e-06	4148
8.8589e-06	4152.1
8.6934e-06	4156.1
8.5309e-06	4160.1
8.3712e-06	4164.1
8.2145e-06	4168.2
8.0605e-06	4172.2
7.9093e-06	4176.2
7.7609e-06	4180.3
7.6151e-06	4184.3
7.4719e-06	4188.3
7.3314e-06	4192.3
7.1933e-06	4196.4
7.0578e-06	4200.4
6.9247e-06	4204.4
6.794e-06	4208.4
6.6657e-06	4212.5
6.5397e-06	4216.5
6.416e-06	4220.5
6.2945e-06	4224.6
6.1753e-06	4228.6
6.0582e-06	4232.6
5.9433e-06	4236.6
5.8304e-06	4240.7
5.7197e-06	4244.7
5.6109e-06	4248.7
5.5041e-06	4252.7
5.3993e-06	4256.8
5.2964e-06	4260.8
5.1954e-06	4264.8
5.0963e-06	4268.9
4.9989e-06	4272.9
4.9034e-06	4276.9
4.8096e-06	4280.9
4.7176e-06	4285
4.6272e-06	4289
4.5385e-06	4293
4.4515e-06	4297
4.3661e-06	4301.1
4.2822e-06	4305.1
4.1999e-06	4309.1
4.1191e-06	4313.2
4.0399e-06	4317.2
3.9621e-06	4321.2
3.8857e-06	4325.2
3.8108e-06	4329.3
3.7372e-06	4333.3
3.6651e-06	4337.3
3.5943e-06	4341.3
3.5248e-06	4345.4
3.4566e-06	4349.4
3.3897e-06	4353.4
3.324e-06	4357.5
3.2596e-06	4361.5
3.1964e-06	4365.5
3.1344e-06	4369.5
3.0735e-06	4373.6
3.0138e-06	4377.6
2.9552e-06	4381.6
2.8977e-06	4385.6
2.8413e-06	4389.7
2.786e-06	4393.7
2.7318e-06	4397.7
2.6785e-06	4401.8
2.6263e-06	4405.8
2.575e-06	4409.8
2.5248e-06	4413.8
2.4754e-06	4417.9
2.4271e-06	4421.9
2.3796e-06	4425.9
2.3331e-06	4429.9
2.2874e-06	4434
2.2427e-06	4438
2.1987e-06	4442
2.1557e-06	4446.1
2.1134e-06	4450.1
2.072e-06	4454.1
2.0314e-06	4458.1
1.9915e-06	4462.2
1.9524e-06	4466.2
1.9141e-06	4470.2
1.8765e-06	4474.2
1.8396e-06	4478.3
1.8035e-06	4482.3
1.7681e-06	4486.3
1.7333e-06	4490.4
1.6992e-06	4494.4
1.6658e-06	4498.4
1.6331e-06	4502.4
1.601e-06	4506.5
1.5695e-06	4510.5
1.5386e-06	4514.5
1.5083e-06	4518.5
1.4787e-06	4522.6
1.4496e-06	4526.6
1.4211e-06	4530.6
1.3931e-06	4534.7
1.3657e-06	4538.7
1.3389e-06	4542.7
1.3126e-06	4546.7
1.2868e-06	4550.8
1.2615e-06	4554.8
1.2367e-06	4558.8
1.2125e-06	4562.8
1.1887e-06	4566.9
1.1654e-06	4570.9
1.1425e-06	4574.9
1.1201e-06	4579
1.0982e-06	4583
1.0767e-06	4587
1.0557e-06	4591
1.035e-06	4595.1
1.0148e-06	4599.1
9.9504e-07	4603.1
9.7566e-07	4607.1
9.5667e-07	4611.2
9.3807e-07	4615.2
9.1986e-07	4619.2
9.0202e-07	4623.3
8.8456e-07	4627.3
8.6746e-07	4631.3
8.5071e-07	4635.3
8.3432e-07	4639.4
8.1827e-07	4643.4
8.0255e-07	4647.4
7.8718e-07	4651.4
7.7212e-07	4655.5
7.5739e-07	4659.5
7.4297e-07	4663.5
7.2886e-07	4667.5
7.1506e-07	4671.6
7.0155e-07	4675.6
6.8834e-07	4679.6
6.7542e-07	4683.7
6.6278e-07	4687.7
6.5042e-07	4691.7
6.3833e-07	4695.7
6.2651e-07	4699.8
6.1496e-07	4703.8
6.0367e-07	4707.8
5.9263e-07	4711.8
5.8184e-07	4715.9
5.7131e-07	4719.9
5.6101e-07	4723.9
5.5096e-07	4728
5.4113e-07	4732
5.3154e-07	4736
5.2218e-07	4740
5.1304e-07	4744.1
5.0413e-07	4748.1
4.9543e-07	4752.1
4.8694e-07	4756.1
4.7867e-07	4760.2
4.706e-07	4764.2
4.6273e-07	4768.2
4.5506e-07	4772.3
4.476e-07	4776.3
4.4032e-07	4780.3
4.3324e-07	4784.3
4.2635e-07	4788.4
4.1964e-07	4792.4
4.1312e-07	4796.4
4.0678e-07	4800.4
4.0061e-07	4804.5
3.9463e-07	4808.5
3.8881e-07	4812.5
3.8317e-07	4816.6
3.777e-07	4820.6
3.7239e-07	4824.6
3.6725e-07	4828.6
3.6227e-07	4832.7
3.5746e-07	4836.7
3.528e-07	4840.7
3.483e-07	4844.7
3.4395e-07	4848.8
3.3976e-07	4852.8
3.3572e-07	4856.8
3.3182e-07	4860.9
3.2808e-07	4864.9
3.2449e-07	4868.9
3.2104e-07	4872.9
3.1774e-07	4877
3.1458e-07	4881
3.1156e-07	4885
3.0868e-07	4889
3.0594e-07	4893.1
3.0334e-07	4897.1
3.0088e-07	4901.1
2.9856e-07	4905.2
2.9637e-07	4909.2
2.9432e-07	4913.2
2.924e-07	4917.2
2.9062e-07	4921.3
2.8896e-07	4925.3
2.8745e-07	4929.3
2.8606e-07	4933.3
2.848e-07	4937.4
2.8368e-07	4941.4
2.8269e-07	4945.4
2.8183e-07	4949.5
2.8109e-07	4953.5
2.8049e-07	4957.5
2.8002e-07	4961.5
2.7968e-07	4965.6
2.7947e-07	4969.6
2.7939e-07	4973.6
2.7944e-07	4977.6
2.7962e-07	4981.7
2.7993e-07	4985.7
2.8037e-07	4989.7
2.8094e-07	4993.8
2.8165e-07	4997.8
2.8249e-07	5001.8
2.8346e-07	5005.8
2.8456e-07	5009.9
2.858e-07	5013.9
2.8718e-07	5017.9
2.8869e-07	5021.9
2.9034e-07	5026
2.9212e-07	5030
