1.092e-11	0
9.1057e-05	6.3971
0.00018219	12.794
0.00027348	19.191
0.00036499	25.588
0.00045681	31.986
0.00054901	38.383
0.00064165	44.78
0.00073481	51.177
0.00082855	57.574
0.00092294	63.971
0.001018	70.368
0.0011139	76.765
0.0012106	83.163
0.0013081	89.56
0.0014066	95.957
0.0015061	102.35
0.0016065	108.75
0.0017081	115.15
0.0018108	121.55
0.0019147	127.94
0.0020198	134.34
0.0021262	140.74
0.0022339	147.13
0.0023431	153.53
0.0024538	159.93
0.002566	166.33
0.0026797	172.72
0.0027951	179.12
0.0029122	185.52
0.0030311	191.91
0.0031517	198.31
0.0032741	204.71
0.0033984	211.1
0.0035247	217.5
0.0036528	223.9
0.003783	230.3
0.0039151	236.69
0.0040493	243.09
0.0041856	249.49
0.004324	255.88
0.0044644	262.28
0.0046071	268.68
0.0047519	275.08
0.0048988	281.47
0.005048	287.87
0.0051994	294.27
0.0053529	300.66
0.0055087	307.06
0.0056667	313.46
0.0058269	319.86
0.0059894	326.25
0.006154	332.65
0.0063207	339.05
0.0064897	345.44
0.0066608	351.84
0.006834	358.24
0.0070093	364.64
0.0071867	371.03
0.0073661	377.43
0.0075476	383.83
0.007731	390.22
0.0079163	396.62
0.0081035	403.02
0.0082926	409.42
0.0084834	415.81
0.008676	422.21
0.0088703	428.61
0.0090663	435
0.0092639	441.4
0.0094631	447.8
0.0096638	454.2
0.009866	460.59
0.01007	466.99
0.010275	473.39
0.010481	479.78
0.010688	486.18
0.010897	492.58
0.011107	498.98
0.011318	505.37
0.01153	511.77
0.011743	518.17
0.011957	524.56
0.012172	530.96
0.012387	537.36
0.012604	543.76
0.012821	550.15
0.013039	556.55
0.013258	562.95
0.013477	569.34
0.013697	575.74
0.013917	582.14
0.014138	588.53
0.014359	594.93
0.01458	601.33
0.014802	607.73
0.015024	614.12
0.015247	620.52
0.015469	626.92
0.015692	633.31
0.015915	639.71
0.016138	646.11
0.016361	652.51
0.016584	658.9
0.016806	665.3
0.017029	671.7
0.017252	678.09
0.017474	684.49
0.017696	690.89
0.017918	697.29
0.01814	703.68
0.018361	710.08
0.018582	716.48
0.018802	722.87
0.019022	729.27
0.019241	735.67
0.01946	742.07
0.019678	748.46
0.019896	754.86
0.020113	761.26
0.020329	767.65
0.020544	774.05
0.020759	780.45
0.020972	786.85
0.021185	793.24
0.021397	799.64
0.021608	806.04
0.021818	812.43
0.022027	818.83
0.022234	825.23
0.022441	831.63
0.022646	838.02
0.02285	844.42
0.023053	850.82
0.023254	857.21
0.023454	863.61
0.023652	870.01
0.023849	876.41
0.024045	882.8
0.024239	889.2
0.024431	895.6
0.024621	901.99
0.02481	908.39
0.024997	914.79
0.025182	921.18
0.025366	927.58
0.025547	933.98
0.025726	940.38
0.025903	946.77
0.026079	953.17
0.026252	959.57
0.026422	965.96
0.026591	972.36
0.026757	978.76
0.026921	985.16
0.027083	991.55
0.027242	997.95
0.027398	1004.3
0.027552	1010.7
0.027703	1017.1
0.027852	1023.5
0.027998	1029.9
0.028141	1036.3
0.028281	1042.7
0.028419	1049.1
0.028553	1055.5
0.028685	1061.9
0.028814	1068.3
0.028939	1074.7
0.029062	1081.1
0.029181	1087.5
0.029298	1093.9
0.029411	1100.3
0.02952	1106.7
0.029627	1113.1
0.02973	1119.5
0.029829	1125.9
0.029926	1132.3
0.030018	1138.7
0.030108	1145.1
0.030193	1151.5
0.030276	1157.9
0.030354	1164.3
0.030429	1170.7
0.030501	1177.1
0.030569	1183.5
0.030633	1189.9
0.030693	1196.3
0.03075	1202.7
0.030802	1209.1
0.030851	1215.5
0.030896	1221.8
0.030938	1228.2
0.030975	1234.6
0.031009	1241
0.031039	1247.4
0.031065	1253.8
0.031087	1260.2
0.031105	1266.6
0.031119	1273
0.03113	1279.4
0.031137	1285.8
0.031139	1292.2
0.031138	1298.6
0.031133	1305
0.031124	1311.4
0.031111	1317.8
0.031094	1324.2
0.031074	1330.6
0.031049	1337
0.031021	1343.4
0.030989	1349.8
0.030953	1356.2
0.030914	1362.6
0.03087	1369
0.030824	1375.4
0.030773	1381.8
0.030719	1388.2
0.030661	1394.6
0.030599	1401
0.030534	1407.4
0.030466	1413.8
0.030393	1420.2
0.030318	1426.6
0.030239	1433
0.030156	1439.4
0.03007	1445.7
0.029981	1452.1
0.029889	1458.5
0.029794	1464.9
0.029695	1471.3
0.029593	1477.7
0.029488	1484.1
0.02938	1490.5
0.029269	1496.9
0.029156	1503.3
0.029039	1509.7
0.028919	1516.1
0.028797	1522.5
0.028672	1528.9
0.028544	1535.3
0.028414	1541.7
0.028281	1548.1
0.028145	1554.5
0.028007	1560.9
0.027867	1567.3
0.027725	1573.7
0.02758	1580.1
0.027432	1586.5
0.027283	1592.9
0.027132	1599.3
0.026978	1605.7
0.026823	1612.1
0.026666	1618.5
0.026506	1624.9
0.026345	1631.3
0.026182	1637.7
0.026018	1644.1
0.025851	1650.5
0.025684	1656.9
0.025514	1663.3
0.025343	1669.6
0.025171	1676
0.024997	1682.4
0.024822	1688.8
0.024646	1695.2
0.024469	1701.6
0.02429	1708
0.024111	1714.4
0.02393	1720.8
0.023748	1727.2
0.023566	1733.6
0.023382	1740
0.023198	1746.4
0.023013	1752.8
0.022827	1759.2
0.022641	1765.6
0.022454	1772
0.022267	1778.4
0.022078	1784.8
0.02189	1791.2
0.021701	1797.6
0.021512	1804
0.021322	1810.4
0.021132	1816.8
0.020942	1823.2
0.020752	1829.6
0.020561	1836
0.020371	1842.4
0.02018	1848.8
0.01999	1855.2
0.019799	1861.6
0.019609	1868
0.019419	1874.4
0.019228	1880.8
0.019038	1887.1
0.018849	1893.5
0.018659	1899.9
0.01847	1906.3
0.018281	1912.7
0.018093	1919.1
0.017905	1925.5
0.017718	1931.9
0.01753	1938.3
0.017344	1944.7
0.017158	1951.1
0.016973	1957.5
0.016788	1963.9
0.016604	1970.3
0.01642	1976.7
0.016237	1983.1
0.016055	1989.5
0.015874	1995.9
0.015694	2002.3
0.015514	2008.7
0.015335	2015.1
0.015157	2021.5
0.01498	2027.9
0.014804	2034.3
0.014628	2040.7
0.014454	2047.1
0.014281	2053.5
0.014108	2059.9
0.013937	2066.3
0.013766	2072.7
0.013597	2079.1
0.013429	2085.5
0.013261	2091.9
0.013095	2098.3
0.01293	2104.7
0.012766	2111
0.012603	2117.4
0.012442	2123.8
0.012281	2130.2
0.012122	2136.6
0.011964	2143
0.011807	2149.4
0.011651	2155.8
0.011496	2162.2
0.011343	2168.6
0.011191	2175
0.01104	2181.4
0.01089	2187.8
0.010742	2194.2
0.010595	2200.6
0.010449	2207
0.010304	2213.4
0.010161	2219.8
0.010019	2226.2
0.0098782	2232.6
0.0097387	2239
0.0096005	2245.4
0.0094637	2251.8
0.0093281	2258.2
0.0091939	2264.6
0.0090609	2271
0.0089293	2277.4
0.0087989	2283.8
0.0086699	2290.2
0.0085421	2296.6
0.0084157	2303
0.0082906	2309.4
0.0081668	2315.8
0.0080442	2322.2
0.007923	2328.6
0.0078031	2334.9
0.0076845	2341.3
0.0075672	2347.7
0.0074512	2354.1
0.0073365	2360.5
0.007223	2366.9
0.0071109	2373.3
0.007	2379.7
0.0068904	2386.1
0.0067821	2392.5
0.006675	2398.9
0.0065692	2405.3
0.0064647	2411.7
0.0063614	2418.1
0.0062593	2424.5
0.0061585	2430.9
0.006059	2437.3
0.0059606	2443.7
0.0058635	2450.1
0.0057676	2456.5
0.0056729	2462.9
0.0055794	2469.3
0.0054871	2475.7
0.005396	2482.1
0.0053061	2488.5
0.0052173	2494.9
0.0051297	2501.3
0.0050432	2507.7
0.0049579	2514.1
0.0048738	2520.5
0.0047907	2526.9
0.0047088	2533.3
0.004628	2539.7
0.0045483	2546.1
0.0044698	2552.4
0.0043923	2558.8
0.0043158	2565.2
0.0042405	2571.6
0.0041662	2578
0.004093	2584.4
0.0040208	2590.8
0.0039496	2597.2
0.0038795	2603.6
0.0038104	2610
0.0037423	2616.4
0.0036752	2622.8
0.0036091	2629.2
0.0035439	2635.6
0.0034798	2642
0.0034166	2648.4
0.0033543	2654.8
0.003293	2661.2
0.0032326	2667.6
0.0031732	2674
0.0031146	2680.4
0.003057	2686.8
0.0030002	2693.2
0.0029443	2699.6
0.0028893	2706
0.0028352	2712.4
0.0027819	2718.8
0.0027295	2725.2
0.0026779	2731.6
0.0026271	2738
0.0025772	2744.4
0.002528	2750.8
0.0024797	2757.2
0.0024321	2763.6
0.0023853	2770
0.0023393	2776.3
0.002294	2782.7
0.0022495	2789.1
0.0022057	2795.5
0.0021627	2801.9
0.0021204	2808.3
0.0020787	2814.7
0.0020378	2821.1
0.0019976	2827.5
0.0019581	2833.9
0.0019193	2840.3
0.0018811	2846.7
0.0018436	2853.1
0.0018067	2859.5
0.0017705	2865.9
0.0017349	2872.3
0.0016999	2878.7
0.0016655	2885.1
0.0016318	2891.5
0.0015986	2897.9
0.0015661	2904.3
0.0015341	2910.7
0.0015027	2917.1
0.0014719	2923.5
0.0014416	2929.9
0.0014118	2936.3
0.0013826	2942.7
0.001354	2949.1
0.0013258	2955.5
0.0012982	2961.9
0.0012711	2968.3
0.0012445	2974.7
0.0012184	2981.1
0.0011927	2987.5
0.0011676	2993.9
0.0011429	3000.2
0.0011187	3006.6
0.0010949	3013
0.0010716	3019.4
0.0010488	3025.8
0.0010263	3032.2
0.0010043	3038.6
0.00098277	3045
0.00096161	3051.4
0.00094086	3057.8
0.0009205	3064.2
0.00090055	3070.6
0.00088098	3077
0.00086179	3083.4
0.00084298	3089.8
0.00082454	3096.2
0.00080647	3102.6
0.00078875	3109
0.00077138	3115.4
0.00075436	3121.8
0.00073767	3128.2
0.00072132	3134.6
0.0007053	3141
0.00068961	3147.4
0.00067422	3153.8
0.00065915	3160.2
0.00064439	3166.6
0.00062992	3173
0.00061576	3179.4
0.00060188	3185.8
0.00058828	3192.2
0.00057497	3198.6
0.00056193	3205
0.00054916	3211.4
0.00053665	3217.8
0.00052441	3224.1
0.00051242	3230.5
0.00050068	3236.9
0.00048919	3243.3
0.00047793	3249.7
0.00046692	3256.1
0.00045614	3262.5
0.00044559	3268.9
0.00043526	3275.3
0.00042515	3281.7
0.00041525	3288.1
0.00040557	3294.5
0.0003961	3300.9
0.00038683	3307.3
0.00037776	3313.7
0.00036888	3320.1
0.0003602	3326.5
0.00035171	3332.9
0.0003434	3339.3
0.00033527	3345.7
0.00032732	3352.1
0.00031955	3358.5
0.00031194	3364.9
0.0003045	3371.3
0.00029723	3377.7
0.00029012	3384.1
0.00028316	3390.5
0.00027636	3396.9
0.00026971	3403.3
0.00026321	3409.7
0.00025686	3416.1
0.00025064	3422.5
0.00024457	3428.9
0.00023863	3435.3
0.00023283	3441.6
0.00022716	3448
0.00022161	3454.4
0.0002162	3460.8
0.0002109	3467.2
0.00020573	3473.6
0.00020067	3480
0.00019573	3486.4
0.00019091	3492.8
0.00018619	3499.2
0.00018158	3505.6
0.00017708	3512
0.00017269	3518.4
0.00016839	3524.8
0.0001642	3531.2
0.0001601	3537.6
0.0001561	3544
0.00015219	3550.4
0.00014837	3556.8
0.00014465	3563.2
0.00014101	3569.6
0.00013745	3576
0.00013398	3582.4
0.0001306	3588.8
0.00012729	3595.2
0.00012406	3601.6
0.00012091	3608
0.00011783	3614.4
0.00011483	3620.8
0.00011189	3627.2
0.00010903	3633.6
0.00010624	3640
0.00010351	3646.4
0.00010085	3652.8
9.8258e-05	3659.2
9.5725e-05	3665.5
9.3253e-05	3671.9
9.0841e-05	3678.3
8.8488e-05	3684.7
8.6193e-05	3691.1
8.3953e-05	3697.5
8.1768e-05	3703.9
7.9637e-05	3710.3
7.7558e-05	3716.7
7.5531e-05	3723.1
7.3553e-05	3729.5
7.1624e-05	3735.9
6.9743e-05	3742.3
6.7908e-05	3748.7
6.6119e-05	3755.1
6.4374e-05	3761.5
6.2673e-05	3767.9
6.1015e-05	3774.3
5.9397e-05	3780.7
5.7821e-05	3787.1
5.6283e-05	3793.5
5.4785e-05	3799.9
5.3324e-05	3806.3
5.19e-05	3812.7
5.0512e-05	3819.1
4.9159e-05	3825.5
4.784e-05	3831.9
4.6555e-05	3838.3
4.5302e-05	3844.7
4.4082e-05	3851.1
4.2892e-05	3857.5
4.1733e-05	3863.9
4.0604e-05	3870.3
3.9503e-05	3876.7
3.8431e-05	3883.1
3.7386e-05	3889.4
3.6368e-05	3895.8
3.5377e-05	3902.2
3.4411e-05	3908.6
3.347e-05	3915
3.2554e-05	3921.4
3.1661e-05	3927.8
3.0791e-05	3934.2
2.9944e-05	3940.6
2.912e-05	3947
2.8316e-05	3953.4
2.7534e-05	3959.8
2.6773e-05	3966.2
2.6031e-05	3972.6
2.5309e-05	3979
2.4606e-05	3985.4
2.3921e-05	3991.8
2.3255e-05	3998.2
2.2606e-05	4004.6
2.1974e-05	4011
2.1359e-05	4017.4
2.0761e-05	4023.8
2.0179e-05	4030.2
1.9612e-05	4036.6
1.906e-05	4043
1.8523e-05	4049.4
1.8e-05	4055.8
1.7492e-05	4062.2
1.6997e-05	4068.6
1.6515e-05	4075
1.6047e-05	4081.4
1.5591e-05	4087.8
1.5148e-05	4094.2
1.4716e-05	4100.6
1.4296e-05	4106.9
1.3888e-05	4113.3
1.3491e-05	4119.7
1.3104e-05	4126.1
1.2729e-05	4132.5
1.2363e-05	4138.9
1.2008e-05	4145.3
1.1662e-05	4151.7
1.1326e-05	4158.1
1.0999e-05	4164.5
1.0681e-05	4170.9
1.0371e-05	4177.3
1.0071e-05	4183.7
9.7786e-06	4190.1
9.4944e-06	4196.5
9.2181e-06	4202.9
8.9495e-06	4209.3
8.6883e-06	4215.7
8.4345e-06	4222.1
8.1877e-06	4228.5
7.9479e-06	4234.9
7.7147e-06	4241.3
7.4881e-06	4247.7
7.2679e-06	4254.1
7.0539e-06	4260.5
6.8459e-06	4266.9
6.6437e-06	4273.3
6.4473e-06	4279.7
6.2564e-06	4286.1
6.071e-06	4292.5
5.8907e-06	4298.9
5.7157e-06	4305.3
5.5456e-06	4311.7
5.3803e-06	4318.1
5.2198e-06	4324.5
5.0638e-06	4330.8
4.9124e-06	4337.2
4.7652e-06	4343.6
4.6223e-06	4350
4.4835e-06	4356.4
4.3487e-06	4362.8
4.2178e-06	4369.2
4.0906e-06	4375.6
3.9672e-06	4382
3.8473e-06	4388.4
3.7309e-06	4394.8
3.6179e-06	4401.2
3.5081e-06	4407.6
3.4016e-06	4414
3.2981e-06	4420.4
3.1977e-06	4426.8
3.1002e-06	4433.2
3.0056e-06	4439.6
2.9137e-06	4446
2.8246e-06	4452.4
2.7381e-06	4458.8
2.6541e-06	4465.2
2.5726e-06	4471.6
2.4935e-06	4478
2.4167e-06	4484.4
2.3422e-06	4490.8
2.2699e-06	4497.2
2.1998e-06	4503.6
2.1318e-06	4510
2.0657e-06	4516.4
2.0017e-06	4522.8
1.9395e-06	4529.2
1.8792e-06	4535.6
1.8208e-06	4542
1.764e-06	4548.4
1.709e-06	4554.7
1.6556e-06	4561.1
1.6038e-06	4567.5
1.5536e-06	4573.9
1.5049e-06	4580.3
1.4577e-06	4586.7
1.4119e-06	4593.1
1.3675e-06	4599.5
1.3244e-06	4605.9
1.2827e-06	4612.3
1.2422e-06	4618.7
1.2029e-06	4625.1
1.1648e-06	4631.5
1.1279e-06	4637.9
1.0922e-06	4644.3
1.0575e-06	4650.7
1.0239e-06	4657.1
9.9128e-07	4663.5
9.5968e-07	4669.9
9.2907e-07	4676.3
8.9939e-07	4682.7
8.7063e-07	4689.1
8.4275e-07	4695.5
8.1574e-07	4701.9
7.8956e-07	4708.3
7.6419e-07	4714.7
7.3961e-07	4721.1
7.1579e-07	4727.5
6.9272e-07	4733.9
6.7036e-07	4740.3
6.487e-07	4746.7
6.2771e-07	4753.1
6.0738e-07	4759.5
5.8769e-07	4765.9
5.6861e-07	4772.2
5.5013e-07	4778.6
5.3224e-07	4785
5.149e-07	4791.4
4.9811e-07	4797.8
4.8185e-07	4804.2
4.6611e-07	4810.6
4.5086e-07	4817
4.3609e-07	4823.4
4.2179e-07	4829.8
4.0795e-07	4836.2
3.9454e-07	4842.6
3.8156e-07	4849
3.69e-07	4855.4
3.5683e-07	4861.8
3.4505e-07	4868.2
3.3365e-07	4874.6
3.2262e-07	4881
3.1194e-07	4887.4
3.016e-07	4893.8
2.9159e-07	4900.2
2.819e-07	4906.6
2.7253e-07	4913
2.6345e-07	4919.4
2.5467e-07	4925.8
2.4618e-07	4932.2
2.3795e-07	4938.6
2.3e-07	4945
2.223e-07	4951.4
2.1485e-07	4957.8
2.0764e-07	4964.2
2.0067e-07	4970.6
1.9393e-07	4977
1.874e-07	4983.4
1.8109e-07	4989.8
1.7498e-07	4996.1
1.6908e-07	5002.5
1.6336e-07	5008.9
1.5784e-07	5015.3
1.5249e-07	5021.7
1.4732e-07	5028.1
1.4232e-07	5034.5
1.3749e-07	5040.9
1.3281e-07	5047.3
1.2829e-07	5053.7
1.2392e-07	5060.1
1.1969e-07	5066.5
1.1561e-07	5072.9
1.1165e-07	5079.3
1.0783e-07	5085.7
1.0414e-07	5092.1
1.0057e-07	5098.5
9.7117e-08	5104.9
9.378e-08	5111.3
9.0554e-08	5117.7
8.7436e-08	5124.1
8.4423e-08	5130.5
8.151e-08	5136.9
7.8695e-08	5143.3
7.5974e-08	5149.7
7.3345e-08	5156.1
7.0804e-08	5162.5
6.8349e-08	5168.9
6.5976e-08	5175.3
6.3684e-08	5181.7
6.1469e-08	5188.1
5.9329e-08	5194.5
5.7261e-08	5200.9
5.5263e-08	5207.3
5.3334e-08	5213.7
5.1469e-08	5220
4.9668e-08	5226.4
4.7929e-08	5232.8
4.6248e-08	5239.2
4.4625e-08	5245.6
4.3058e-08	5252
4.1544e-08	5258.4
4.0082e-08	5264.8
3.867e-08	5271.2
3.7306e-08	5277.6
3.5989e-08	5284
3.4717e-08	5290.4
3.349e-08	5296.8
3.2304e-08	5303.2
3.1159e-08	5309.6
3.0054e-08	5316
2.8987e-08	5322.4
2.7957e-08	5328.8
2.6962e-08	5335.2
2.6002e-08	5341.6
2.5076e-08	5348
2.4181e-08	5354.4
2.3318e-08	5360.8
2.2484e-08	5367.2
2.168e-08	5373.6
2.0904e-08	5380
2.0154e-08	5386.4
1.9431e-08	5392.8
1.8733e-08	5399.2
1.806e-08	5405.6
1.741e-08	5412
1.6783e-08	5418.4
1.6178e-08	5424.8
1.5595e-08	5431.2
1.5032e-08	5437.5
1.4488e-08	5443.9
1.3964e-08	5450.3
1.3458e-08	5456.7
1.2971e-08	5463.1
1.25e-08	5469.5
1.2046e-08	5475.9
1.1608e-08	5482.3
1.1186e-08	5488.7
1.0779e-08	5495.1
1.0386e-08	5501.5
1.0007e-08	5507.9
9.6414e-09	5514.3
9.289e-09	5520.7
8.9492e-09	5527.1
8.6215e-09	5533.5
8.3056e-09	5539.9
8.0009e-09	5546.3
7.7071e-09	5552.7
7.4239e-09	5559.1
7.1509e-09	5565.5
6.8876e-09	5571.9
6.6338e-09	5578.3
6.3892e-09	5584.7
6.1533e-09	5591.1
5.926e-09	5597.5
5.7069e-09	5603.9
5.4956e-09	5610.3
5.292e-09	5616.7
5.0958e-09	5623.1
4.9067e-09	5629.5
4.7245e-09	5635.9
4.5489e-09	5642.3
4.3796e-09	5648.7
4.2165e-09	5655.1
4.0593e-09	5661.4
3.9079e-09	5667.8
3.762e-09	5674.2
3.6214e-09	5680.6
3.486e-09	5687
3.3555e-09	5693.4
3.2297e-09	5699.8
3.1086e-09	5706.2
2.992e-09	5712.6
2.8796e-09	5719
2.7713e-09	5725.4
2.667e-09	5731.8
2.5666e-09	5738.2
2.4699e-09	5744.6
2.3767e-09	5751
2.2869e-09	5757.4
2.2005e-09	5763.8
2.1173e-09	5770.2
2.0372e-09	5776.6
1.96e-09	5783
1.8857e-09	5789.4
1.8141e-09	5795.8
1.7452e-09	5802.2
1.6789e-09	5808.6
1.615e-09	5815
1.5535e-09	5821.4
1.4943e-09	5827.8
1.4373e-09	5834.2
1.3825e-09	5840.6
1.3297e-09	5847
1.2788e-09	5853.4
1.2299e-09	5859.8
1.1828e-09	5866.2
1.1375e-09	5872.6
1.0938e-09	5879
1.0518e-09	5885.3
1.0114e-09	5891.7
9.7254e-10	5898.1
9.3511e-10	5904.5
8.991e-10	5910.9
8.6444e-10	5917.3
8.311e-10	5923.7
7.9901e-10	5930.1
7.6814e-10	5936.5
7.3844e-10	5942.9
7.0986e-10	5949.3
6.8237e-10	5955.7
6.5592e-10	5962.1
6.3047e-10	5968.5
6.06e-10	5974.9
5.8245e-10	5981.3
5.598e-10	5987.7
5.3802e-10	5994.1
5.1706e-10	6000.5
4.9691e-10	6006.9
4.7753e-10	6013.3
4.5888e-10	6019.7
4.4095e-10	6026.1
4.2371e-10	6032.5
4.0713e-10	6038.9
3.9119e-10	6045.3
3.7586e-10	6051.7
3.6112e-10	6058.1
3.4694e-10	6064.5
3.3331e-10	6070.9
3.2021e-10	6077.3
3.0761e-10	6083.7
2.955e-10	6090.1
2.8386e-10	6096.5
2.7266e-10	6102.9
2.619e-10	6109.2
2.5156e-10	6115.6
2.4162e-10	6122
2.3206e-10	6128.4
2.2287e-10	6134.8
2.1405e-10	6141.2
2.0556e-10	6147.6
1.974e-10	6154
1.8957e-10	6160.4
1.8203e-10	6166.8
1.748e-10	6173.2
1.6784e-10	6179.6
1.6116e-10	6186
1.5473e-10	6192.4
1.4856e-10	6198.8
1.4263e-10	6205.2
1.3694e-10	6211.6
1.3146e-10	6218
1.262e-10	6224.4
1.2115e-10	6230.8
1.163e-10	6237.2
1.1164e-10	6243.6
1.0716e-10	6250
1.0285e-10	6256.4
9.8722e-11	6262.8
9.4753e-11	6269.2
9.094e-11	6275.6
8.7278e-11	6282
8.3761e-11	6288.4
8.0383e-11	6294.8
7.714e-11	6301.2
7.4024e-11	6307.6
7.1033e-11	6314
6.816e-11	6320.4
6.5401e-11	6326.7
6.2752e-11	6333.1
6.0209e-11	6339.5
5.7767e-11	6345.9
5.5422e-11	6352.3
5.3171e-11	6358.7
5.101e-11	6365.1
4.8935e-11	6371.5
4.6943e-11	6377.9
4.5031e-11	6384.3
4.3196e-11	6390.7
4.1434e-11	6397.1
3.9742e-11	6403.5
3.8119e-11	6409.9
3.6561e-11	6416.3
3.5065e-11	6422.7
3.363e-11	6429.1
3.2252e-11	6435.5
3.093e-11	6441.9
2.9661e-11	6448.3
2.8444e-11	6454.7
2.7275e-11	6461.1
2.6154e-11	6467.5
2.5078e-11	6473.9
2.4046e-11	6480.3
2.3055e-11	6486.7
2.2105e-11	6493.1
2.1193e-11	6499.5
2.0318e-11	6505.9
1.9479e-11	6512.3
1.8674e-11	6518.7
1.7902e-11	6525.1
1.7161e-11	6531.5
1.645e-11	6537.9
1.5768e-11	6544.3
1.5114e-11	6550.6
1.4487e-11	6557
1.3885e-11	6563.4
1.3308e-11	6569.8
1.2755e-11	6576.2
1.2224e-11	6582.6
1.1715e-11	6589
1.1227e-11	6595.4
1.0758e-11	6601.8
1.0309e-11	6608.2
9.879e-12	6614.6
9.4662e-12	6621
9.0704e-12	6627.4
8.6909e-12	6633.8
8.327e-12	6640.2
7.9782e-12	6646.6
7.6437e-12	6653
7.323e-12	6659.4
7.0156e-12	6665.8
6.7209e-12	6672.2
6.4384e-12	6678.6
6.1676e-12	6685
5.908e-12	6691.4
5.6591e-12	6697.8
5.4206e-12	6704.2
5.1921e-12	6710.6
4.9729e-12	6717
4.7629e-12	6723.4
4.5617e-12	6729.8
4.3688e-12	6736.2
4.184e-12	6742.6
4.0068e-12	6749
3.8371e-12	6755.4
3.6744e-12	6761.8
3.5185e-12	6768.2
3.3692e-12	6774.5
3.2261e-12	6780.9
3.089e-12	6787.3
2.9576e-12	6793.7
2.8317e-12	6800.1
2.7112e-12	6806.5
2.5956e-12	6812.9
2.485e-12	6819.3
2.3789e-12	6825.7
2.2774e-12	6832.1
2.1801e-12	6838.5
2.0869e-12	6844.9
1.9976e-12	6851.3
1.9121e-12	6857.7
1.8302e-12	6864.1
1.7518e-12	6870.5
1.6767e-12	6876.9
1.6048e-12	6883.3
1.5359e-12	6889.7
1.4699e-12	6896.1
1.4067e-12	6902.5
1.3462e-12	6908.9
1.2882e-12	6915.3
1.2328e-12	6921.7
1.1796e-12	6928.1
1.1288e-12	6934.5
1.0801e-12	6940.9
1.0334e-12	6947.3
9.8877e-13	6953.7
9.4603e-13	6960.1
9.0511e-13	6966.5
8.6593e-13	6972.9
8.2843e-13	6979.3
7.9253e-13	6985.7
7.5817e-13	6992
7.2527e-13	6998.4
6.9378e-13	7004.8
6.6365e-13	7011.2
6.348e-13	7017.6
6.0719e-13	7024
5.8076e-13	7030.4
5.5547e-13	7036.8
5.3127e-13	7043.2
5.0811e-13	7049.6
4.8594e-13	7056
4.6473e-13	7062.4
4.4443e-13	7068.8
4.2501e-13	7075.2
4.0642e-13	7081.6
3.8864e-13	7088
3.7162e-13	7094.4
3.5534e-13	7100.8
3.3976e-13	7107.2
3.2486e-13	7113.6
3.1061e-13	7120
2.9696e-13	7126.4
2.8392e-13	7132.8
2.7143e-13	7139.2
2.5949e-13	7145.6
2.4807e-13	7152
2.3715e-13	7158.4
2.267e-13	7164.8
2.167e-13	7171.2
2.0714e-13	7177.6
1.9799e-13	7184
1.8925e-13	7190.4
1.8088e-13	7196.8
1.7289e-13	7203.2
1.6524e-13	7209.6
1.5792e-13	7215.9
1.5092e-13	7222.3
1.4423e-13	7228.7
1.3784e-13	7235.1
1.3172e-13	7241.5
1.2587e-13	7247.9
1.2028e-13	7254.3
1.1493e-13	7260.7
1.0982e-13	7267.1
1.0493e-13	7273.5
1.0026e-13	7279.9
9.5794e-14	7286.3
9.1524e-14	7292.7
8.7442e-14	7299.1
8.3539e-14	7305.5
7.9809e-14	7311.9
7.6243e-14	7318.3
7.2835e-14	7324.7
6.9578e-14	7331.1
6.6464e-14	7337.5
6.3488e-14	7343.9
6.0644e-14	7350.3
5.7925e-14	7356.7
5.5327e-14	7363.1
5.2845e-14	7369.5
5.0472e-14	7375.9
4.8205e-14	7382.3
4.6038e-14	7388.7
4.3968e-14	7395.1
4.199e-14	7401.5
4.01e-14	7407.9
3.8294e-14	7414.3
3.6569e-14	7420.7
3.492e-14	7427.1
3.3345e-14	7433.5
3.184e-14	7439.8
3.0403e-14	7446.2
2.903e-14	7452.6
2.7718e-14	7459
2.6465e-14	7465.4
2.5268e-14	7471.8
2.4125e-14	7478.2
2.3033e-14	7484.6
2.199e-14	7491
2.0994e-14	7497.4
2.0043e-14	7503.8
1.9134e-14	7510.2
1.8267e-14	7516.6
1.7438e-14	7523
1.6647e-14	7529.4
1.5892e-14	7535.8
1.517e-14	7542.2
1.4482e-14	7548.6
1.3824e-14	7555
1.3197e-14	7561.4
1.2597e-14	7567.8
1.2025e-14	7574.2
1.1479e-14	7580.6
1.0958e-14	7587
1.0461e-14	7593.4
9.9862e-15	7599.8
9.5332e-15	7606.2
9.1009e-15	7612.6
8.6884e-15	7619
8.2949e-15	7625.4
7.9195e-15	7631.8
7.5614e-15	7638.2
7.2198e-15	7644.6
6.894e-15	7651
6.5833e-15	7657.3
6.287e-15	7663.7
6.0046e-15	7670.1
5.7354e-15	7676.5
5.4788e-15	7682.9
5.2342e-15	7689.3
5.0012e-15	7695.7
4.7793e-15	7702.1
4.5679e-15	7708.5
4.3667e-15	7714.9
4.1751e-15	7721.3
3.9927e-15	7727.7
3.8193e-15	7734.1
3.6543e-15	7740.5
3.4974e-15	7746.9
3.3484e-15	7753.3
3.2068e-15	7759.7
3.0724e-15	7766.1
2.9448e-15	7772.5
2.8239e-15	7778.9
2.7092e-15	7785.3
2.6006e-15	7791.7
2.4979e-15	7798.1
2.4008e-15	7804.5
2.3091e-15	7810.9
2.2226e-15	7817.3
2.1411e-15	7823.7
2.0644e-15	7830.1
1.9924e-15	7836.5
1.9249e-15	7842.9
1.8617e-15	7849.3
1.8028e-15	7855.7
1.7479e-15	7862.1
1.6971e-15	7868.5
1.6501e-15	7874.9
1.6068e-15	7881.2
1.5672e-15	7887.6
1.5312e-15	7894
1.4987e-15	7900.4
1.4696e-15	7906.8
1.4438e-15	7913.2
1.4214e-15	7919.6
1.4022e-15	7926
1.3863e-15	7932.4
1.3735e-15	7938.8
1.3639e-15	7945.2
1.3574e-15	7951.6
1.3541e-15	7958
1.3539e-15	7964.4
1.3568e-15	7970.8
1.3628e-15	7977.2
1.372e-15	7983.6
1.3844e-15	7990
