1.0419e-12	0
1.544e-05	6.3971
3.0936e-05	12.794
4.6544e-05	19.191
6.2319e-05	25.588
7.8317e-05	31.986
9.4593e-05	38.383
0.0001112	44.78
0.00012819	51.177
0.00014562	57.574
0.00016354	63.971
0.00018199	70.368
0.00020104	76.765
0.00022073	83.163
0.00024112	89.56
0.00026224	95.957
0.00028416	102.35
0.00030692	108.75
0.00033058	115.15
0.0003552	121.55
0.00038083	127.94
0.00040754	134.34
0.0004354	140.74
0.00046447	147.13
0.00049483	153.53
0.00052656	159.93
0.00055973	166.33
0.00059442	172.72
0.00063071	179.12
0.00066867	185.52
0.0007084	191.91
0.00074997	198.31
0.00079346	204.71
0.00083895	211.1
0.00088653	217.5
0.00093628	223.9
0.0009883	230.3
0.0010427	236.69
0.0010994	243.09
0.0011587	249.49
0.0012206	255.88
0.0012853	262.28
0.0013526	268.68
0.0014229	275.08
0.0014961	281.47
0.0015724	287.87
0.0016517	294.27
0.0017343	300.66
0.0018202	307.06
0.0019094	313.46
0.0020021	319.86
0.0020983	326.25
0.0021981	332.65
0.0023016	339.05
0.0024087	345.44
0.0025197	351.84
0.0026344	358.24
0.0027531	364.64
0.0028756	371.03
0.0030021	377.43
0.0031326	383.83
0.0032672	390.22
0.0034058	396.62
0.0035485	403.02
0.0036953	409.42
0.0038462	415.81
0.0040012	422.21
0.0041603	428.61
0.0043235	435
0.0044909	441.4
0.0046625	447.8
0.0048382	454.2
0.0050181	460.59
0.005202	466.99
0.00539	473.39
0.005582	479.78
0.0057781	486.18
0.0059781	492.58
0.0061821	498.98
0.0063901	505.37
0.006602	511.77
0.0068179	518.17
0.0070377	524.56
0.0072614	530.96
0.0074888	537.36
0.0077201	543.76
0.007955	550.15
0.0081935	556.55
0.0084356	562.95
0.0086813	569.34
0.0089305	575.74
0.0091833	582.14
0.0094395	588.53
0.0096992	594.93
0.0099623	601.33
0.010229	607.73
0.010498	614.12
0.010771	620.52
0.011047	626.92
0.011327	633.31
0.011609	639.71
0.011894	646.11
0.012182	652.51
0.012473	658.9
0.012767	665.3
0.013064	671.7
0.013363	678.09
0.013665	684.49
0.01397	690.89
0.014277	697.29
0.014587	703.68
0.014899	710.08
0.015214	716.48
0.01553	722.87
0.015849	729.27
0.01617	735.67
0.016494	742.07
0.016819	748.46
0.017146	754.86
0.017475	761.26
0.017805	767.65
0.018137	774.05
0.018471	780.45
0.018806	786.85
0.019143	793.24
0.019481	799.64
0.01982	806.04
0.02016	812.43
0.020501	818.83
0.020843	825.23
0.021185	831.63
0.021528	838.02
0.021872	844.42
0.022216	850.82
0.02256	857.21
0.022904	863.61
0.023248	870.01
0.023592	876.41
0.023935	882.8
0.024278	889.2
0.024621	895.6
0.024962	901.99
0.025303	908.39
0.025642	914.79
0.02598	921.18
0.026316	927.58
0.026651	933.98
0.026984	940.38
0.027315	946.77
0.027644	953.17
0.027971	959.57
0.028295	965.96
0.028616	972.36
0.028934	978.76
0.029249	985.16
0.029561	991.55
0.029869	997.95
0.030173	1004.3
0.030473	1010.7
0.03077	1017.1
0.031062	1023.5
0.031349	1029.9
0.031632	1036.3
0.031909	1042.7
0.032182	1049.1
0.032449	1055.5
0.032711	1061.9
0.032967	1068.3
0.033218	1074.7
0.033462	1081.1
0.0337	1087.5
0.033931	1093.9
0.034156	1100.3
0.034374	1106.7
0.034584	1113.1
0.034788	1119.5
0.034984	1125.9
0.035173	1132.3
0.035354	1138.7
0.035527	1145.1
0.035693	1151.5
0.03585	1157.9
0.035999	1164.3
0.03614	1170.7
0.036272	1177.1
0.036395	1183.5
0.03651	1189.9
0.036616	1196.3
0.036713	1202.7
0.036801	1209.1
0.03688	1215.5
0.036949	1221.8
0.03701	1228.2
0.03706	1234.6
0.037102	1241
0.037134	1247.4
0.037157	1253.8
0.03717	1260.2
0.037174	1266.6
0.037168	1273
0.037153	1279.4
0.037129	1285.8
0.037095	1292.2
0.037051	1298.6
0.036998	1305
0.036935	1311.4
0.036863	1317.8
0.036782	1324.2
0.036691	1330.6
0.036591	1337
0.036483	1343.4
0.036365	1349.8
0.036239	1356.2
0.036103	1362.6
0.03596	1369
0.035808	1375.4
0.035647	1381.8
0.035478	1388.2
0.035301	1394.6
0.035116	1401
0.034924	1407.4
0.034723	1413.8
0.034515	1420.2
0.0343	1426.6
0.034077	1433
0.033847	1439.4
0.033611	1445.7
0.033368	1452.1
0.033119	1458.5
0.032864	1464.9
0.032602	1471.3
0.032335	1477.7
0.032063	1484.1
0.031785	1490.5
0.031502	1496.9
0.031214	1503.3
0.030921	1509.7
0.030624	1516.1
0.030322	1522.5
0.030017	1528.9
0.029707	1535.3
0.029393	1541.7
0.029077	1548.1
0.028757	1554.5
0.028434	1560.9
0.028108	1567.3
0.027779	1573.7
0.027449	1580.1
0.027116	1586.5
0.026781	1592.9
0.026444	1599.3
0.026106	1605.7
0.025767	1612.1
0.025426	1618.5
0.025084	1624.9
0.024742	1631.3
0.024399	1637.7
0.024055	1644.1
0.023711	1650.5
0.023367	1656.9
0.023023	1663.3
0.02268	1669.6
0.022336	1676
0.021994	1682.4
0.021652	1688.8
0.021311	1695.2
0.020972	1701.6
0.020633	1708
0.020296	1714.4
0.01996	1720.8
0.019626	1727.2
0.019294	1733.6
0.018963	1740
0.018635	1746.4
0.018308	1752.8
0.017984	1759.2
0.017662	1765.6
0.017342	1772
0.017025	1778.4
0.016711	1784.8
0.016399	1791.2
0.01609	1797.6
0.015783	1804
0.01548	1810.4
0.01518	1816.8
0.014883	1823.2
0.014588	1829.6
0.014297	1836
0.01401	1842.4
0.013725	1848.8
0.013444	1855.2
0.013167	1861.6
0.012892	1868
0.012622	1874.4
0.012354	1880.8
0.012091	1887.1
0.01183	1893.5
0.011574	1899.9
0.011321	1906.3
0.011071	1912.7
0.010825	1919.1
0.010583	1925.5
0.010345	1931.9
0.01011	1938.3
0.0098786	1944.7
0.0096511	1951.1
0.0094272	1957.5
0.0092069	1963.9
0.0089903	1970.3
0.0087774	1976.7
0.0085681	1983.1
0.0083624	1989.5
0.0081604	1995.9
0.0079619	2002.3
0.007767	2008.7
0.0075756	2015.1
0.0073878	2021.5
0.0072035	2027.9
0.0070227	2034.3
0.0068453	2040.7
0.0066714	2047.1
0.0065009	2053.5
0.0063337	2059.9
0.0061699	2066.3
0.0060094	2072.7
0.0058521	2079.1
0.0056981	2085.5
0.0055473	2091.9
0.0053997	2098.3
0.0052552	2104.7
0.0051138	2111
0.0049754	2117.4
0.0048401	2123.8
0.0047077	2130.2
0.0045783	2136.6
0.0044518	2143
0.0043281	2149.4
0.0042073	2155.8
0.0040892	2162.2
0.0039739	2168.6
0.0038613	2175
0.0037513	2181.4
0.0036439	2187.8
0.0035391	2194.2
0.0034368	2200.6
0.003337	2207
0.0032396	2213.4
0.0031446	2219.8
0.003052	2226.2
0.0029617	2232.6
0.0028737	2239
0.0027879	2245.4
0.0027042	2251.8
0.0026228	2258.2
0.0025434	2264.6
0.0024661	2271
0.0023908	2277.4
0.0023175	2283.8
0.0022461	2290.2
0.0021766	2296.6
0.002109	2303
0.0020432	2309.4
0.0019792	2315.8
0.001917	2322.2
0.0018564	2328.6
0.0017976	2334.9
0.0017403	2341.3
0.0016847	2347.7
0.0016306	2354.1
0.0015781	2360.5
0.001527	2366.9
0.0014774	2373.3
0.0014293	2379.7
0.0013825	2386.1
0.0013371	2392.5
0.001293	2398.9
0.0012502	2405.3
0.0012086	2411.7
0.0011683	2418.1
0.0011292	2424.5
0.0010913	2430.9
0.0010545	2437.3
0.0010188	2443.7
0.00098419	2450.1
0.00095064	2456.5
0.00091812	2462.9
0.0008866	2469.3
0.00085606	2475.7
0.00082646	2482.1
0.00079779	2488.5
0.00077002	2494.9
0.00074312	2501.3
0.00071707	2507.7
0.00069185	2514.1
0.00066743	2520.5
0.0006438	2526.9
0.00062093	2533.3
0.00059879	2539.7
0.00057738	2546.1
0.00055666	2552.4
0.00053662	2558.8
0.00051724	2565.2
0.0004985	2571.6
0.00048038	2578
0.00046287	2584.4
0.00044594	2590.8
0.00042958	2597.2
0.00041377	2603.6
0.00039849	2610
0.00038373	2616.4
0.00036948	2622.8
0.00035571	2629.2
0.00034242	2635.6
0.00032958	2642
0.00031719	2648.4
0.00030523	2654.8
0.00029369	2661.2
0.00028255	2667.6
0.0002718	2674
0.00026143	2680.4
0.00025142	2686.8
0.00024178	2693.2
0.00023247	2699.6
0.0002235	2706
0.00021485	2712.4
0.00020651	2718.8
0.00019847	2725.2
0.00019072	2731.6
0.00018326	2738
0.00017606	2744.4
0.00016913	2750.8
0.00016246	2757.2
0.00015603	2763.6
0.00014984	2770
0.00014387	2776.3
0.00013813	2782.7
0.00013261	2789.1
0.00012729	2795.5
0.00012217	2801.9
0.00011724	2808.3
0.0001125	2814.7
0.00010794	2821.1
0.00010355	2827.5
9.9335e-05	2833.9
9.5277e-05	2840.3
9.1375e-05	2846.7
8.7623e-05	2853.1
8.4016e-05	2859.5
8.0549e-05	2865.9
7.7217e-05	2872.3
7.4015e-05	2878.7
7.0938e-05	2885.1
6.7981e-05	2891.5
6.5141e-05	2897.9
6.2413e-05	2904.3
5.9793e-05	2910.7
5.7277e-05	2917.1
5.4861e-05	2923.5
5.2541e-05	2929.9
5.0314e-05	2936.3
4.8177e-05	2942.7
4.6125e-05	2949.1
4.4157e-05	2955.5
4.2267e-05	2961.9
4.0455e-05	2968.3
3.8716e-05	2974.7
3.7049e-05	2981.1
3.5449e-05	2987.5
3.3915e-05	2993.9
3.2444e-05	3000.2
3.1034e-05	3006.6
2.9682e-05	3013
2.8386e-05	3019.4
2.7144e-05	3025.8
2.5954e-05	3032.2
2.4813e-05	3038.6
2.372e-05	3045
2.2673e-05	3051.4
2.167e-05	3057.8
2.071e-05	3064.2
1.979e-05	3070.6
1.8909e-05	3077
1.8065e-05	3083.4
1.7257e-05	3089.8
1.6484e-05	3096.2
1.5744e-05	3102.6
1.5036e-05	3109
1.4358e-05	3115.4
1.3709e-05	3121.8
1.3089e-05	3128.2
1.2495e-05	3134.6
1.1927e-05	3141
1.1384e-05	3147.4
1.0864e-05	3153.8
1.0368e-05	3160.2
9.8925e-06	3166.6
9.4384e-06	3173
9.0042e-06	3179.4
8.5892e-06	3185.8
8.1925e-06	3192.2
7.8134e-06	3198.6
7.4512e-06	3205
7.1051e-06	3211.4
6.7744e-06	3217.8
6.4585e-06	3224.1
6.1568e-06	3230.5
5.8686e-06	3236.9
5.5934e-06	3243.3
5.3306e-06	3249.7
5.0797e-06	3256.1
4.8401e-06	3262.5
4.6115e-06	3268.9
4.3932e-06	3275.3
4.1849e-06	3281.7
3.9861e-06	3288.1
3.7964e-06	3294.5
3.6154e-06	3300.9
3.4427e-06	3307.3
3.278e-06	3313.7
3.1209e-06	3320.1
2.9711e-06	3326.5
2.8282e-06	3332.9
2.6919e-06	3339.3
2.5619e-06	3345.7
2.4381e-06	3352.1
2.32e-06	3358.5
2.2074e-06	3364.9
2.1001e-06	3371.3
1.9979e-06	3377.7
1.9004e-06	3384.1
1.8076e-06	3390.5
1.7191e-06	3396.9
1.6349e-06	3403.3
1.5546e-06	3409.7
1.4781e-06	3416.1
1.4053e-06	3422.5
1.3359e-06	3428.9
1.2699e-06	3435.3
1.207e-06	3441.6
1.1472e-06	3448
1.0902e-06	3454.4
1.0359e-06	3460.8
9.8428e-07	3467.2
9.3515e-07	3473.6
8.8838e-07	3480
8.4389e-07	3486.4
8.0155e-07	3492.8
7.6128e-07	3499.2
7.2296e-07	3505.6
6.8652e-07	3512
6.5186e-07	3518.4
6.1889e-07	3524.8
5.8754e-07	3531.2
5.5774e-07	3537.6
5.294e-07	3544
5.0246e-07	3550.4
4.7685e-07	3556.8
4.525e-07	3563.2
4.2937e-07	3569.6
4.0738e-07	3576
3.8649e-07	3582.4
3.6663e-07	3588.8
3.4777e-07	3595.2
3.2985e-07	3601.6
3.1283e-07	3608
2.9666e-07	3614.4
2.813e-07	3620.8
2.6672e-07	3627.2
2.5287e-07	3633.6
2.3972e-07	3640
2.2723e-07	3646.4
2.1538e-07	3652.8
2.0413e-07	3659.2
1.9345e-07	3665.5
1.8332e-07	3671.9
1.737e-07	3678.3
1.6457e-07	3684.7
1.5591e-07	3691.1
1.4769e-07	3697.5
1.399e-07	3703.9
1.325e-07	3710.3
1.2549e-07	3716.7
1.1884e-07	3723.1
1.1253e-07	3729.5
1.0655e-07	3735.9
1.0087e-07	3742.3
9.5496e-08	3748.7
9.0397e-08	3755.1
8.5564e-08	3761.5
8.0982e-08	3767.9
7.664e-08	3774.3
7.2524e-08	3780.7
6.8624e-08	3787.1
6.4929e-08	3793.5
6.1428e-08	3799.9
5.8111e-08	3806.3
5.4968e-08	3812.7
5.1992e-08	3819.1
4.9172e-08	3825.5
4.6502e-08	3831.9
4.3973e-08	3838.3
4.1579e-08	3844.7
3.9312e-08	3851.1
3.7165e-08	3857.5
3.5133e-08	3863.9
3.3209e-08	3870.3
3.1388e-08	3876.7
2.9665e-08	3883.1
2.8034e-08	3889.4
2.649e-08	3895.8
2.503e-08	3902.2
2.3648e-08	3908.6
2.234e-08	3915
2.1103e-08	3921.4
1.9933e-08	3927.8
1.8827e-08	3934.2
1.778e-08	3940.6
1.679e-08	3947
1.5854e-08	3953.4
1.4969e-08	3959.8
1.4132e-08	3966.2
1.3341e-08	3972.6
1.2594e-08	3979
1.1887e-08	3985.4
1.1219e-08	3991.8
1.0587e-08	3998.2
9.9907e-09	4004.6
9.427e-09	4011
8.8943e-09	4017.4
8.3911e-09	4023.8
7.9157e-09	4030.2
7.4667e-09	4036.6
7.0426e-09	4043
6.642e-09	4049.4
6.2638e-09	4055.8
5.9066e-09	4062.2
5.5693e-09	4068.6
5.2509e-09	4075
4.9503e-09	4081.4
4.6666e-09	4087.8
4.3987e-09	4094.2
4.1459e-09	4100.6
3.9074e-09	4106.9
3.6823e-09	4113.3
3.4698e-09	4119.7
3.2694e-09	4126.1
3.0803e-09	4132.5
2.902e-09	4138.9
2.7337e-09	4145.3
2.575e-09	4151.7
2.4253e-09	4158.1
2.2842e-09	4164.5
2.1511e-09	4170.9
2.0256e-09	4177.3
1.9072e-09	4183.7
1.7957e-09	4190.1
1.6905e-09	4196.5
1.5914e-09	4202.9
1.498e-09	4209.3
1.4099e-09	4215.7
1.3269e-09	4222.1
1.2487e-09	4228.5
1.1751e-09	4234.9
1.1056e-09	4241.3
1.0402e-09	4247.7
9.7864e-10	4254.1
9.2061e-10	4260.5
8.6595e-10	4266.9
8.1448e-10	4273.3
7.6599e-10	4279.7
7.2035e-10	4286.1
6.7736e-10	4292.5
6.3689e-10	4298.9
5.988e-10	4305.3
5.6294e-10	4311.7
5.2918e-10	4318.1
4.9741e-10	4324.5
4.6751e-10	4330.8
4.3937e-10	4337.2
4.1289e-10	4343.6
3.8798e-10	4350
3.6455e-10	4356.4
3.425e-10	4362.8
3.2176e-10	4369.2
3.0225e-10	4375.6
2.8391e-10	4382
2.6665e-10	4388.4
2.5043e-10	4394.8
2.3517e-10	4401.2
2.2083e-10	4407.6
2.0735e-10	4414
1.9467e-10	4420.4
1.8276e-10	4426.8
1.7156e-10	4433.2
1.6103e-10	4439.6
1.5114e-10	4446
1.4185e-10	4452.4
1.3311e-10	4458.8
1.2491e-10	4465.2
1.172e-10	4471.6
1.0996e-10	4478
1.0316e-10	4484.4
9.6773e-11	4490.8
9.0773e-11	4497.2
8.514e-11	4503.6
7.985e-11	4510
7.4882e-11	4516.4
7.0219e-11	4522.8
6.5841e-11	4529.2
6.1732e-11	4535.6
5.7874e-11	4542
5.4254e-11	4548.4
5.0856e-11	4554.7
4.7667e-11	4561.1
4.4675e-11	4567.5
4.1868e-11	4573.9
3.9234e-11	4580.3
3.6763e-11	4586.7
3.4445e-11	4593.1
3.2271e-11	4599.5
3.0231e-11	4605.9
2.8319e-11	4612.3
2.6525e-11	4618.7
2.4843e-11	4625.1
2.3266e-11	4631.5
2.1788e-11	4637.9
2.0402e-11	4644.3
1.9102e-11	4650.7
1.7884e-11	4657.1
1.6743e-11	4663.5
1.5673e-11	4669.9
1.467e-11	4676.3
1.373e-11	4682.7
1.285e-11	4689.1
1.2025e-11	4695.5
1.1252e-11	4701.9
1.0528e-11	4708.3
9.8501e-12	4714.7
9.215e-12	4721.1
8.6202e-12	4727.5
8.0632e-12	4733.9
7.5416e-12	4740.3
7.0532e-12	4746.7
6.5959e-12	4753.1
6.1678e-12	4759.5
5.7671e-12	4765.9
5.392e-12	4772.2
5.0409e-12	4778.6
4.7124e-12	4785
4.4049e-12	4791.4
4.1171e-12	4797.8
3.8479e-12	4804.2
3.5961e-12	4810.6
3.3604e-12	4817
3.14e-12	4823.4
2.9338e-12	4829.8
2.7409e-12	4836.2
2.5605e-12	4842.6
2.3919e-12	4849
2.2342e-12	4855.4
2.0867e-12	4861.8
1.9488e-12	4868.2
1.8199e-12	4874.6
1.6994e-12	4881
1.5867e-12	4887.4
1.4814e-12	4893.8
1.383e-12	4900.2
1.2911e-12	4906.6
1.2051e-12	4913
1.1248e-12	4919.4
1.0498e-12	4925.8
9.7973e-13	4932.2
9.1425e-13	4938.6
8.5309e-13	4945
7.9596e-13	4951.4
7.426e-13	4957.8
6.9277e-13	4964.2
6.4624e-13	4970.6
6.0279e-13	4977
5.6222e-13	4983.4
5.2434e-13	4989.8
4.8898e-13	4996.1
4.5597e-13	5002.5
4.2516e-13	5008.9
3.964e-13	5015.3
3.6956e-13	5021.7
3.4451e-13	5028.1
3.2113e-13	5034.5
2.9932e-13	5040.9
2.7897e-13	5047.3
2.5999e-13	5053.7
2.4228e-13	5060.1
2.2576e-13	5066.5
2.1035e-13	5072.9
1.9598e-13	5079.3
1.8257e-13	5085.7
1.7007e-13	5092.1
1.5842e-13	5098.5
1.4755e-13	5104.9
1.3742e-13	5111.3
1.2797e-13	5117.7
1.1917e-13	5124.1
1.1096e-13	5130.5
1.0331e-13	5136.9
9.6185e-14	5143.3
8.9542e-14	5149.7
8.3352e-14	5156.1
7.7583e-14	5162.5
7.2209e-14	5168.9
6.7203e-14	5175.3
6.2539e-14	5181.7
5.8194e-14	5188.1
5.4148e-14	5194.5
5.0379e-14	5200.9
4.6869e-14	5207.3
4.3601e-14	5213.7
4.0558e-14	5220
3.7724e-14	5226.4
3.5086e-14	5232.8
3.263e-14	5239.2
3.0344e-14	5245.6
2.8216e-14	5252
2.6235e-14	5258.4
2.4392e-14	5264.8
2.2676e-14	5271.2
2.108e-14	5277.6
1.9595e-14	5284
1.8213e-14	5290.4
1.6927e-14	5296.8
1.5732e-14	5303.2
1.4619e-14	5309.6
1.3584e-14	5316
1.2622e-14	5322.4
1.1727e-14	5328.8
1.0894e-14	5335.2
1.0121e-14	5341.6
9.4009e-15	5348
8.7319e-15	5354.4
8.1098e-15	5360.8
7.5316e-15	5367.2
6.9942e-15	5373.6
6.4946e-15	5380
6.0303e-15	5386.4
5.5988e-15	5392.8
5.1978e-15	5399.2
4.8252e-15	5405.6
4.479e-15	5412
4.1573e-15	5418.4
3.8585e-15	5424.8
3.5809e-15	5431.2
3.3231e-15	5437.5
3.0836e-15	5443.9
2.8612e-15	5450.3
2.6546e-15	5456.7
2.4628e-15	5463.1
2.2847e-15	5469.5
2.1193e-15	5475.9
1.9657e-15	5482.3
1.8232e-15	5488.7
1.6908e-15	5495.1
1.568e-15	5501.5
1.454e-15	5507.9
1.3482e-15	5514.3
1.25e-15	5520.7
1.1589e-15	5527.1
1.0743e-15	5533.5
9.9586e-16	5539.9
9.2307e-16	5546.3
8.5554e-16	5552.7
7.929e-16	5559.1
7.348e-16	5565.5
6.809e-16	5571.9
6.3092e-16	5578.3
5.8457e-16	5584.7
5.4158e-16	5591.1
5.0172e-16	5597.5
4.6477e-16	5603.9
4.3051e-16	5610.3
3.9874e-16	5616.7
3.693e-16	5623.1
3.42e-16	5629.5
3.167e-16	5635.9
2.9326e-16	5642.3
2.7153e-16	5648.7
2.5139e-16	5655.1
2.3273e-16	5661.4
2.1545e-16	5667.8
1.9943e-16	5674.2
1.8459e-16	5680.6
1.7085e-16	5687
1.5811e-16	5693.4
1.4632e-16	5699.8
1.354e-16	5706.2
1.2528e-16	5712.6
1.1591e-16	5719
1.0724e-16	5725.4
9.9206e-17	5731.8
9.177e-17	5738.2
8.4885e-17	5744.6
7.8512e-17	5751
7.2612e-17	5757.4
6.7152e-17	5763.8
6.2098e-17	5770.2
5.742e-17	5776.6
5.3092e-17	5783
4.9086e-17	5789.4
4.538e-17	5795.8
4.1951e-17	5802.2
3.8778e-17	5808.6
3.5843e-17	5815
3.3128e-17	5821.4
3.0617e-17	5827.8
2.8294e-17	5834.2
2.6145e-17	5840.6
2.4159e-17	5847
2.2321e-17	5853.4
2.0623e-17	5859.8
1.9052e-17	5866.2
1.7599e-17	5872.6
1.6257e-17	5879
1.5016e-17	5885.3
1.3868e-17	5891.7
1.2808e-17	5898.1
1.1828e-17	5904.5
1.0922e-17	5910.9
1.0085e-17	5917.3
9.3112e-18	5923.7
8.5965e-18	5930.1
7.936e-18	5936.5
7.3259e-18	5942.9
6.7623e-18	5949.3
6.2416e-18	5955.7
5.7606e-18	5962.1
5.3164e-18	5968.5
4.9061e-18	5974.9
4.5271e-18	5981.3
4.1772e-18	5987.7
3.8541e-18	5994.1
3.5558e-18	6000.5
3.2803e-18	6006.9
3.026e-18	6013.3
2.7912e-18	6019.7
2.5745e-18	6026.1
2.3744e-18	6032.5
2.1898e-18	6038.9
2.0194e-18	6045.3
1.8621e-18	6051.7
1.717e-18	6058.1
1.5831e-18	6064.5
1.4595e-18	6070.9
1.3455e-18	6077.3
1.2404e-18	6083.7
1.1433e-18	6090.1
1.0538e-18	6096.5
9.7127e-19	6102.9
8.9513e-19	6109.2
8.249e-19	6115.6
7.6014e-19	6122
7.0042e-19	6128.4
6.4534e-19	6134.8
5.9457e-19	6141.2
5.4775e-19	6147.6
5.0459e-19	6154
4.648e-19	6160.4
4.2812e-19	6166.8
3.9432e-19	6173.2
3.6315e-19	6179.6
3.3444e-19	6186
3.0797e-19	6192.4
2.8358e-19	6198.8
2.6111e-19	6205.2
2.404e-19	6211.6
2.2132e-19	6218
2.0374e-19	6224.4
1.8755e-19	6230.8
1.7263e-19	6237.2
1.5889e-19	6243.6
1.4624e-19	6250
1.3458e-19	6256.4
1.2385e-19	6262.8
1.1396e-19	6269.2
1.0486e-19	6275.6
9.648e-20	6282
8.8763e-20	6288.4
8.1659e-20	6294.8
7.5119e-20	6301.2
6.9098e-20	6307.6
6.3556e-20	6314
5.8455e-20	6320.4
5.376e-20	6326.7
4.9439e-20	6333.1
4.5463e-20	6339.5
4.1804e-20	6345.9
3.8437e-20	6352.3
3.534e-20	6358.7
3.249e-20	6365.1
2.9867e-20	6371.5
2.7455e-20	6377.9
2.5237e-20	6384.3
2.3196e-20	6390.7
2.1319e-20	6397.1
1.9592e-20	6403.5
1.8005e-20	6409.9
1.6545e-20	6416.3
1.5202e-20	6422.7
1.3968e-20	6429.1
1.2833e-20	6435.5
1.179e-20	6441.9
1.0831e-20	6448.3
9.9487e-21	6454.7
9.1382e-21	6461.1
8.3933e-21	6467.5
7.7086e-21	6473.9
7.0793e-21	6480.3
6.501e-21	6486.7
5.9696e-21	6493.1
5.4813e-21	6499.5
5.0327e-21	6505.9
4.6205e-21	6512.3
4.2418e-21	6518.7
3.894e-21	6525.1
3.5744e-21	6531.5
3.2809e-21	6537.9
3.0113e-21	6544.3
2.7637e-21	6550.6
2.5363e-21	6557
2.3275e-21	6563.4
2.1357e-21	6569.8
1.9597e-21	6576.2
1.798e-21	6582.6
1.6496e-21	6589
1.5133e-21	6595.4
1.3883e-21	6601.8
1.2734e-21	6608.2
1.1681e-21	6614.6
1.0713e-21	6621
9.8255e-22	6627.4
9.0108e-22	6633.8
8.2632e-22	6640.2
7.5772e-22	6646.6
6.9477e-22	6653
6.3701e-22	6659.4
5.8403e-22	6665.8
5.3541e-22	6672.2
4.9082e-22	6678.6
4.4992e-22	6685
4.124e-22	6691.4
3.7798e-22	6697.8
3.4642e-22	6704.2
3.1748e-22	6710.6
2.9094e-22	6717
2.666e-22	6723.4
2.4429e-22	6729.8
2.2382e-22	6736.2
2.0507e-22	6742.6
1.8787e-22	6749
1.721e-22	6755.4
1.5765e-22	6761.8
1.4441e-22	6768.2
1.3227e-22	6774.5
1.2114e-22	6780.9
1.1094e-22	6787.3
1.016e-22	6793.7
9.3036e-23	6800.1
8.5191e-23	6806.5
7.8002e-23	6812.9
7.1416e-23	6819.3
6.5383e-23	6825.7
5.9856e-23	6832.1
5.4793e-23	6838.5
5.0155e-23	6844.9
4.5907e-23	6851.3
4.2017e-23	6857.7
3.8454e-23	6864.1
3.5192e-23	6870.5
3.2204e-23	6876.9
2.9469e-23	6883.3
2.6964e-23	6889.7
2.4671e-23	6896.1
2.2571e-23	6902.5
2.0649e-23	6908.9
1.889e-23	6915.3
1.728e-23	6921.7
1.5806e-23	6928.1
1.4457e-23	6934.5
1.3222e-23	6940.9
1.2092e-23	6947.3
1.1058e-23	6953.7
1.0112e-23	6960.1
9.2465e-24	6966.5
8.4544e-24	6972.9
7.7298e-24	6979.3
7.067e-24	6985.7
6.4606e-24	6992
5.9059e-24	6998.4
5.3985e-24	7004.8
4.9345e-24	7011.2
4.51e-24	7017.6
4.1219e-24	7024
3.767e-24	7030.4
3.4424e-24	7036.8
3.1457e-24	7043.2
2.8743e-24	7049.6
2.6263e-24	7056
2.3995e-24	7062.4
2.1921e-24	7068.8
2.0026e-24	7075.2
1.8294e-24	7081.6
0	7088
0	7094.4
0	7100.8
0	7107.2
0	7113.6
0	7120
0	7126.4
0	7132.8
0	7139.2
0	7145.6
0	7152
0	7158.4
0	7164.8
0	7171.2
0	7177.6
0	7184
0	7190.4
0	7196.8
0	7203.2
0	7209.6
0	7215.9
0	7222.3
0	7228.7
0	7235.1
0	7241.5
0	7247.9
0	7254.3
0	7260.7
0	7267.1
0	7273.5
0	7279.9
0	7286.3
0	7292.7
0	7299.1
0	7305.5
0	7311.9
0	7318.3
0	7324.7
0	7331.1
0	7337.5
0	7343.9
0	7350.3
0	7356.7
0	7363.1
0	7369.5
0	7375.9
0	7382.3
0	7388.7
0	7395.1
0	7401.5
0	7407.9
0	7414.3
0	7420.7
0	7427.1
0	7433.5
0	7439.8
0	7446.2
0	7452.6
0	7459
0	7465.4
0	7471.8
0	7478.2
0	7484.6
0	7491
0	7497.4
0	7503.8
0	7510.2
0	7516.6
0	7523
0	7529.4
0	7535.8
0	7542.2
0	7548.6
0	7555
0	7561.4
0	7567.8
0	7574.2
0	7580.6
0	7587
0	7593.4
0	7599.8
0	7606.2
0	7612.6
0	7619
0	7625.4
0	7631.8
0	7638.2
0	7644.6
0	7651
0	7657.3
0	7663.7
0	7670.1
0	7676.5
0	7682.9
0	7689.3
0	7695.7
0	7702.1
0	7708.5
0	7714.9
0	7721.3
0	7727.7
0	7734.1
0	7740.5
0	7746.9
0	7753.3
0	7759.7
0	7766.1
0	7772.5
0	7778.9
0	7785.3
0	7791.7
0	7798.1
0	7804.5
0	7810.9
0	7817.3
0	7823.7
0	7830.1
0	7836.5
0	7842.9
0	7849.3
0	7855.7
0	7862.1
0	7868.5
0	7874.9
0	7881.2
0	7887.6
0	7894
0	7900.4
0	7906.8
0	7913.2
0	7919.6
0	7926
0	7932.4
0	7938.8
0	7945.2
0	7951.6
0	7958
0	7964.4
0	7970.8
0	7977.2
0	7983.6
0	7990
