7.5585e-12	0
7.636e-05	3.4107
0.00015278	6.8215
0.00022931	10.232
0.00030602	13.643
0.00038297	17.054
0.0004602	20.464
0.00053779	23.875
0.00061578	27.286
0.00069424	30.697
0.00077321	34.107
0.00085276	37.518
0.00093293	40.929
0.0010138	44.339
0.0010953	47.75
0.0011777	51.161
0.0012608	54.572
0.0013448	57.982
0.0014296	61.393
0.0015154	64.804
0.0016021	68.215
0.0016898	71.625
0.0017785	75.036
0.0018683	78.447
0.0019591	81.857
0.002051	85.268
0.002144	88.679
0.0022382	92.09
0.0023335	95.5
0.0024301	98.911
0.0025278	102.32
0.0026268	105.73
0.0027271	109.14
0.0028286	112.55
0.0029315	115.96
0.0030357	119.38
0.0031413	122.79
0.0032482	126.2
0.0033566	129.61
0.0034663	133.02
0.0035775	136.43
0.0036901	139.84
0.0038042	143.25
0.0039198	146.66
0.0040369	150.07
0.0041554	153.48
0.0042755	156.89
0.0043971	160.3
0.0045202	163.71
0.0046449	167.13
0.0047711	170.54
0.0048988	173.95
0.0050281	177.36
0.005159	180.77
0.0052914	184.18
0.0054254	187.59
0.005561	191
0.0056982	194.41
0.005837	197.82
0.0059774	201.23
0.0061195	204.64
0.0062631	208.05
0.0064084	211.47
0.0065554	214.88
0.006704	218.29
0.0068543	221.7
0.0070063	225.11
0.0071599	228.52
0.0073153	231.93
0.0074723	235.34
0.0076311	238.75
0.0077916	242.16
0.0079538	245.57
0.0081178	248.98
0.0082835	252.39
0.008451	255.8
0.0086202	259.22
0.0087912	262.63
0.0089639	266.04
0.0091383	269.45
0.0093146	272.86
0.0094925	276.27
0.0096722	279.68
0.0098537	283.09
0.010037	286.5
0.010222	289.91
0.010408	293.32
0.010597	296.73
0.010787	300.14
0.010978	303.55
0.011172	306.97
0.011367	310.38
0.011563	313.79
0.011762	317.2
0.011961	320.61
0.012163	324.02
0.012366	327.43
0.01257	330.84
0.012776	334.25
0.012983	337.66
0.013192	341.07
0.013402	344.48
0.013613	347.89
0.013826	351.31
0.01404	354.72
0.014255	358.13
0.014471	361.54
0.014688	364.95
0.014907	368.36
0.015126	371.77
0.015346	375.18
0.015568	378.59
0.01579	382
0.016013	385.41
0.016237	388.82
0.016462	392.23
0.016687	395.64
0.016913	399.06
0.01714	402.47
0.017367	405.88
0.017595	409.29
0.017823	412.7
0.018051	416.11
0.01828	419.52
0.018509	422.93
0.018738	426.34
0.018967	429.75
0.019197	433.16
0.019426	436.57
0.019656	439.98
0.019885	443.39
0.020115	446.81
0.020344	450.22
0.020574	453.63
0.020803	457.04
0.021031	460.45
0.02126	463.86
0.021488	467.27
0.021716	470.68
0.021943	474.09
0.022169	477.5
0.022395	480.91
0.022621	484.32
0.022845	487.73
0.023069	491.14
0.023292	494.56
0.023515	497.97
0.023736	501.38
0.023957	504.79
0.024177	508.2
0.024396	511.61
0.024614	515.02
0.024831	518.43
0.025047	521.84
0.025262	525.25
0.025476	528.66
0.025689	532.07
0.0259	535.48
0.026111	538.9
0.02632	542.31
0.026527	545.72
0.026734	549.13
0.026939	552.54
0.027143	555.95
0.027345	559.36
0.027546	562.77
0.027745	566.18
0.027943	569.59
0.028139	573
0.028334	576.41
0.028527	579.82
0.028719	583.23
0.028909	586.65
0.029097	590.06
0.029284	593.47
0.029469	596.88
0.029652	600.29
0.029834	603.7
0.030014	607.11
0.030192	610.52
0.030368	613.93
0.030543	617.34
0.030716	620.75
0.030886	624.16
0.031055	627.57
0.031222	630.98
0.031388	634.4
0.031551	637.81
0.031712	641.22
0.031871	644.63
0.032028	648.04
0.032184	651.45
0.032337	654.86
0.032488	658.27
0.032637	661.68
0.032784	665.09
0.032929	668.5
0.033072	671.91
0.033212	675.32
0.033351	678.73
0.033487	682.15
0.033621	685.56
0.033753	688.97
0.033883	692.38
0.034011	695.79
0.034136	699.2
0.034259	702.61
0.03438	706.02
0.034499	709.43
0.034615	712.84
0.034729	716.25
0.034841	719.66
0.03495	723.07
0.035057	726.49
0.035162	729.9
0.035264	733.31
0.035364	736.72
0.035462	740.13
0.035557	743.54
0.03565	746.95
0.03574	750.36
0.035828	753.77
0.035913	757.18
0.035996	760.59
0.036077	764
0.036155	767.41
0.03623	770.82
0.036304	774.24
0.036374	777.65
0.036442	781.06
0.036508	784.47
0.036571	787.88
0.036632	791.29
0.03669	794.7
0.036745	798.11
0.036798	801.52
0.036848	804.93
0.036896	808.34
0.036942	811.75
0.036984	815.16
0.037024	818.57
0.037062	821.99
0.037097	825.4
0.037129	828.81
0.037159	832.22
0.037186	835.63
0.037211	839.04
0.037233	842.45
0.037252	845.86
0.037269	849.27
0.037283	852.68
0.037295	856.09
0.037304	859.5
0.03731	862.91
0.037314	866.33
0.037316	869.74
0.037314	873.15
0.037311	876.56
0.037304	879.97
0.037295	883.38
0.037284	886.79
0.03727	890.2
0.037253	893.61
0.037234	897.02
0.037212	900.43
0.037188	903.84
0.037161	907.25
0.037132	910.66
0.0371	914.08
0.037066	917.49
0.037029	920.9
0.03699	924.31
0.036948	927.72
0.036904	931.13
0.036857	934.54
0.036808	937.95
0.036756	941.36
0.036702	944.77
0.036646	948.18
0.036587	951.59
0.036526	955
0.036463	958.41
0.036397	961.83
0.03633	965.24
0.036259	968.65
0.036187	972.06
0.036112	975.47
0.036036	978.88
0.035956	982.29
0.035875	985.7
0.035792	989.11
0.035706	992.52
0.035619	995.93
0.035529	999.34
0.035437	1002.8
0.035343	1006.2
0.035247	1009.6
0.035149	1013
0.035049	1016.4
0.034947	1019.8
0.034843	1023.2
0.034737	1026.6
0.03463	1030
0.03452	1033.5
0.034409	1036.9
0.034295	1040.3
0.03418	1043.7
0.034064	1047.1
0.033945	1050.5
0.033825	1053.9
0.033703	1057.3
0.03358	1060.7
0.033455	1064.1
0.033328	1067.6
0.0332	1071
0.03307	1074.4
0.032939	1077.8
0.032806	1081.2
0.032672	1084.6
0.032537	1088
0.0324	1091.4
0.032261	1094.8
0.032122	1098.3
0.031981	1101.7
0.031838	1105.1
0.031695	1108.5
0.03155	1111.9
0.031404	1115.3
0.031257	1118.7
0.031109	1122.1
0.03096	1125.5
0.030809	1129
0.030658	1132.4
0.030505	1135.8
0.030352	1139.2
0.030197	1142.6
0.030042	1146
0.029886	1149.4
0.029728	1152.8
0.02957	1156.2
0.029412	1159.6
0.029252	1163.1
0.029092	1166.5
0.02893	1169.9
0.028769	1173.3
0.028606	1176.7
0.028443	1180.1
0.028279	1183.5
0.028115	1186.9
0.02795	1190.3
0.027784	1193.8
0.027618	1197.2
0.027452	1200.6
0.027285	1204
0.027117	1207.4
0.02695	1210.8
0.026781	1214.2
0.026613	1217.6
0.026444	1221
0.026274	1224.5
0.026105	1227.9
0.025935	1231.3
0.025765	1234.7
0.025595	1238.1
0.025424	1241.5
0.025253	1244.9
0.025082	1248.3
0.024911	1251.7
0.02474	1255.1
0.024569	1258.6
0.024398	1262
0.024227	1265.4
0.024055	1268.8
0.023884	1272.2
0.023713	1275.6
0.023542	1279
0.02337	1282.4
0.023199	1285.8
0.023028	1289.3
0.022857	1292.7
0.022687	1296.1
0.022516	1299.5
0.022346	1302.9
0.022175	1306.3
0.022006	1309.7
0.021836	1313.1
0.021666	1316.5
0.021497	1320
0.021328	1323.4
0.021159	1326.8
0.020991	1330.2
0.020823	1333.6
0.020655	1337
0.020488	1340.4
0.020321	1343.8
0.020155	1347.2
0.019989	1350.6
0.019823	1354.1
0.019658	1357.5
0.019493	1360.9
0.019329	1364.3
0.019165	1367.7
0.019002	1371.1
0.018839	1374.5
0.018677	1377.9
0.018515	1381.3
0.018354	1384.8
0.018193	1388.2
0.018033	1391.6
0.017874	1395
0.017715	1398.4
0.017557	1401.8
0.017399	1405.2
0.017242	1408.6
0.017086	1412
0.01693	1415.5
0.016775	1418.9
0.01662	1422.3
0.016467	1425.7
0.016314	1429.1
0.016161	1432.5
0.01601	1435.9
0.015859	1439.3
0.015709	1442.7
0.015559	1446.1
0.01541	1449.6
0.015262	1453
0.015115	1456.4
0.014969	1459.8
0.014823	1463.2
0.014678	1466.6
0.014534	1470
0.014391	1473.4
0.014248	1476.8
0.014106	1480.3
0.013965	1483.7
0.013825	1487.1
0.013686	1490.5
0.013547	1493.9
0.013409	1497.3
0.013272	1500.7
0.013136	1504.1
0.013001	1507.5
0.012867	1511
0.012733	1514.4
0.0126	1517.8
0.012469	1521.2
0.012337	1524.6
0.012207	1528
0.012078	1531.4
0.01195	1534.8
0.011822	1538.2
0.011695	1541.6
0.011569	1545.1
0.011444	1548.5
0.01132	1551.9
0.011197	1555.3
0.011075	1558.7
0.010953	1562.1
0.010833	1565.5
0.010713	1568.9
0.010594	1572.3
0.010476	1575.8
0.010359	1579.2
0.010243	1582.6
0.010127	1586
0.010013	1589.4
0.0098994	1592.8
0.0097867	1596.2
0.0096749	1599.6
0.009564	1603
0.009454	1606.5
0.0093448	1609.9
0.0092365	1613.3
0.0091291	1616.7
0.0090226	1620.1
0.0089169	1623.5
0.0088122	1626.9
0.0087083	1630.3
0.0086052	1633.7
0.0085031	1637.1
0.0084018	1640.6
0.0083013	1644
0.0082018	1647.4
0.008103	1650.8
0.0080052	1654.2
0.0079082	1657.6
0.0078121	1661
0.0077168	1664.4
0.0076224	1667.8
0.0075288	1671.3
0.0074361	1674.7
0.0073442	1678.1
0.0072532	1681.5
0.0071629	1684.9
0.0070736	1688.3
0.0069851	1691.7
0.0068974	1695.1
0.0068105	1698.5
0.0067244	1702
0.0066392	1705.4
0.0065548	1708.8
0.0064712	1712.2
0.0063884	1715.6
0.0063064	1719
0.0062253	1722.4
0.0061449	1725.8
0.0060653	1729.2
0.0059865	1732.7
0.0059085	1736.1
0.0058313	1739.5
0.0057549	1742.9
0.0056792	1746.3
0.0056043	1749.7
0.0055302	1753.1
0.0054568	1756.5
0.0053842	1759.9
0.0053124	1763.3
0.0052413	1766.8
0.0051709	1770.2
0.0051013	1773.6
0.0050325	1777
0.0049643	1780.4
0.0048969	1783.8
0.0048302	1787.2
0.0047643	1790.6
0.004699	1794
0.0046345	1797.5
0.0045706	1800.9
0.0045075	1804.3
0.0044451	1807.7
0.0043833	1811.1
0.0043223	1814.5
0.0042619	1817.9
0.0042022	1821.3
0.0041432	1824.7
0.0040849	1828.2
0.0040272	1831.6
0.0039702	1835
0.0039138	1838.4
0.0038581	1841.8
0.003803	1845.2
0.0037486	1848.6
0.0036948	1852
0.0036416	1855.4
0.0035891	1858.8
0.0035372	1862.3
0.0034859	1865.7
0.0034352	1869.1
0.0033851	1872.5
0.0033356	1875.9
0.0032868	1879.3
0.0032385	1882.7
0.0031908	1886.1
0.0031437	1889.5
0.0030971	1893
0.0030511	1896.4
0.0030057	1899.8
0.0029609	1903.2
0.0029166	1906.6
0.0028729	1910
0.0028297	1913.4
0.002787	1916.8
0.0027449	1920.2
0.0027033	1923.7
0.0026623	1927.1
0.0026217	1930.5
0.0025817	1933.9
0.0025422	1937.3
0.0025032	1940.7
0.0024647	1944.1
0.0024268	1947.5
0.0023893	1950.9
0.0023523	1954.3
0.0023157	1957.8
0.0022797	1961.2
0.0022441	1964.6
0.002209	1968
0.0021744	1971.4
0.0021403	1974.8
0.0021065	1978.2
0.0020733	1981.6
0.0020405	1985
0.0020081	1988.5
0.0019762	1991.9
0.0019447	1995.3
0.0019137	1998.7
0.001883	2002.1
0.0018528	2005.5
0.001823	2008.9
0.0017936	2012.3
0.0017647	2015.7
0.0017361	2019.2
0.0017079	2022.6
0.0016801	2026
0.0016528	2029.4
0.0016258	2032.8
0.0015991	2036.2
0.0015729	2039.6
0.001547	2043
0.0015215	2046.4
0.0014964	2049.8
0.0014716	2053.3
0.0014472	2056.7
0.0014231	2060.1
0.0013994	2063.5
0.001376	2066.9
0.001353	2070.3
0.0013303	2073.7
0.0013079	2077.1
0.0012859	2080.5
0.0012642	2084
0.0012428	2087.4
0.0012217	2090.8
0.001201	2094.2
0.0011805	2097.6
0.0011604	2101
0.0011405	2104.4
0.001121	2107.8
0.0011017	2111.2
0.0010827	2114.7
0.0010641	2118.1
0.0010457	2121.5
0.0010276	2124.9
0.0010097	2128.3
0.00099216	2131.7
0.00097487	2135.1
0.00095784	2138.5
0.00094108	2141.9
0.00092458	2145.3
0.00090833	2148.8
0.00089234	2152.2
0.00087659	2155.6
0.0008611	2159
0.00084584	2162.4
0.00083083	2165.8
0.00081605	2169.2
0.00080151	2172.6
0.0007872	2176
0.00077311	2179.5
0.00075925	2182.9
0.00074562	2186.3
0.0007322	2189.7
0.000719	2193.1
0.00070601	2196.5
0.00069323	2199.9
0.00068065	2203.3
0.00066828	2206.7
0.00065612	2210.2
0.00064415	2213.6
0.00063238	2217
0.0006208	2220.4
0.00060941	2223.8
0.0005982	2227.2
0.00058719	2230.6
0.00057635	2234
0.0005657	2237.4
0.00055522	2240.8
0.00054492	2244.3
0.00053479	2247.7
0.00052483	2251.1
0.00051503	2254.5
0.00050541	2257.9
0.00049594	2261.3
0.00048663	2264.7
0.00047749	2268.1
0.00046849	2271.5
0.00045965	2275
0.00045096	2278.4
0.00044242	2281.8
0.00043403	2285.2
0.00042578	2288.6
0.00041767	2292
0.0004097	2295.4
0.00040187	2298.8
0.00039417	2302.2
0.00038661	2305.7
0.00037918	2309.1
0.00037189	2312.5
0.00036471	2315.9
0.00035767	2319.3
0.00035075	2322.7
0.00034395	2326.1
0.00033727	2329.5
0.0003307	2332.9
0.00032426	2336.3
0.00031793	2339.8
0.00031171	2343.2
0.0003056	2346.6
0.0002996	2350
0.00029371	2353.4
0.00028793	2356.8
0.00028225	2360.2
0.00027667	2363.6
0.0002712	2367
0.00026582	2370.5
0.00026054	2373.9
0.00025536	2377.3
0.00025027	2380.7
0.00024527	2384.1
0.00024037	2387.5
0.00023555	2390.9
0.00023083	2394.3
0.00022619	2397.7
0.00022164	2401.2
0.00021717	2404.6
0.00021278	2408
0.00020848	2411.4
0.00020425	2414.8
0.00020011	2418.2
0.00019604	2421.6
0.00019205	2425
0.00018813	2428.4
0.00018429	2431.8
0.00018052	2435.3
0.00017682	2438.7
0.00017319	2442.1
0.00016963	2445.5
0.00016614	2448.9
0.00016271	2452.3
0.00015935	2455.7
0.00015605	2459.1
0.00015282	2462.5
0.00014965	2466
0.00014654	2469.4
0.00014349	2472.8
0.00014049	2476.2
0.00013756	2479.6
0.00013468	2483
0.00013186	2486.4
0.00012909	2489.8
0.00012638	2493.2
0.00012372	2496.7
0.00012111	2500.1
0.00011855	2503.5
0.00011605	2506.9
0.00011359	2510.3
0.00011118	2513.7
0.00010882	2517.1
0.0001065	2520.5
0.00010423	2523.9
0.00010201	2527.3
9.9826e-05	2530.8
9.7689e-05	2534.2
9.5595e-05	2537.6
9.3542e-05	2541
9.153e-05	2544.4
8.9559e-05	2547.8
8.7627e-05	2551.2
8.5734e-05	2554.6
8.388e-05	2558
8.2062e-05	2561.5
8.0282e-05	2564.9
7.8537e-05	2568.3
7.6828e-05	2571.7
7.5154e-05	2575.1
7.3514e-05	2578.5
7.1907e-05	2581.9
7.0333e-05	2585.3
6.8791e-05	2588.7
6.7281e-05	2592.2
6.5802e-05	2595.6
6.4354e-05	2599
6.2935e-05	2602.4
6.1546e-05	2605.8
6.0185e-05	2609.2
5.8852e-05	2612.6
5.7548e-05	2616
5.627e-05	2619.4
5.5019e-05	2622.9
5.3794e-05	2626.3
5.2594e-05	2629.7
5.142e-05	2633.1
5.027e-05	2636.5
4.9145e-05	2639.9
4.8043e-05	2643.3
4.6964e-05	2646.7
4.5908e-05	2650.1
4.4875e-05	2653.5
4.3863e-05	2657
4.2873e-05	2660.4
4.1904e-05	2663.8
4.0955e-05	2667.2
4.0027e-05	2670.6
3.9118e-05	2674
3.8229e-05	2677.4
3.7359e-05	2680.8
3.6507e-05	2684.2
3.5674e-05	2687.7
3.4859e-05	2691.1
3.4061e-05	2694.5
3.3281e-05	2697.9
3.2517e-05	2701.3
3.177e-05	2704.7
3.1039e-05	2708.1
3.0324e-05	2711.5
2.9624e-05	2714.9
2.894e-05	2718.4
2.8271e-05	2721.8
2.7616e-05	2725.2
2.6976e-05	2728.6
2.6349e-05	2732
2.5737e-05	2735.4
2.5137e-05	2738.8
2.4551e-05	2742.2
2.3978e-05	2745.6
2.3418e-05	2749
2.287e-05	2752.5
2.2334e-05	2755.9
2.181e-05	2759.3
2.1297e-05	2762.7
2.0796e-05	2766.1
2.0306e-05	2769.5
1.9827e-05	2772.9
1.9359e-05	2776.3
1.8901e-05	2779.7
1.8454e-05	2783.2
1.8016e-05	2786.6
1.7588e-05	2790
1.717e-05	2793.4
1.6762e-05	2796.8
1.6362e-05	2800.2
1.5972e-05	2803.6
1.5591e-05	2807
1.5218e-05	2810.4
1.4853e-05	2813.9
1.4497e-05	2817.3
1.4149e-05	2820.7
1.3809e-05	2824.1
1.3477e-05	2827.5
1.3152e-05	2830.9
1.2835e-05	2834.3
1.2525e-05	2837.7
1.2222e-05	2841.1
1.1926e-05	2844.5
1.1637e-05	2848
1.1354e-05	2851.4
1.1078e-05	2854.8
1.0809e-05	2858.2
1.0546e-05	2861.6
1.0288e-05	2865
1.0037e-05	2868.4
9.7918e-06	2871.8
9.5521e-06	2875.2
9.3181e-06	2878.7
9.0895e-06	2882.1
8.8662e-06	2885.5
8.6481e-06	2888.9
8.4352e-06	2892.3
8.2273e-06	2895.7
8.0242e-06	2899.1
7.826e-06	2902.5
7.6324e-06	2905.9
7.4434e-06	2909.4
7.2588e-06	2912.8
7.0786e-06	2916.2
6.9027e-06	2919.6
6.7309e-06	2923
6.5633e-06	2926.4
6.3996e-06	2929.8
6.2398e-06	2933.2
6.0838e-06	2936.6
5.9316e-06	2940
5.783e-06	2943.5
5.6379e-06	2946.9
5.4964e-06	2950.3
5.3582e-06	2953.7
5.2233e-06	2957.1
5.0917e-06	2960.5
4.9633e-06	2963.9
4.838e-06	2967.3
4.7156e-06	2970.7
4.5963e-06	2974.2
4.4798e-06	2977.6
4.3662e-06	2981
4.2553e-06	2984.4
4.1471e-06	2987.8
4.0416e-06	2991.2
3.9386e-06	2994.6
3.8381e-06	2998
3.7401e-06	3001.4
3.6445e-06	3004.9
3.5512e-06	3008.3
3.4602e-06	3011.7
3.3714e-06	3015.1
3.2848e-06	3018.5
3.2004e-06	3021.9
3.118e-06	3025.3
3.0377e-06	3028.7
2.9594e-06	3032.1
2.8829e-06	3035.5
2.8084e-06	3039
2.7357e-06	3042.4
2.6649e-06	3045.8
2.5958e-06	3049.2
2.5284e-06	3052.6
2.4627e-06	3056
2.3986e-06	3059.4
2.3361e-06	3062.8
2.2752e-06	3066.2
2.2158e-06	3069.7
2.158e-06	3073.1
2.1015e-06	3076.5
2.0465e-06	3079.9
1.9928e-06	3083.3
1.9406e-06	3086.7
1.8896e-06	3090.1
1.8399e-06	3093.5
1.7915e-06	3096.9
1.7443e-06	3100.4
1.6983e-06	3103.8
1.6534e-06	3107.2
1.6097e-06	3110.6
1.5671e-06	3114
1.5256e-06	3117.4
1.4852e-06	3120.8
1.4458e-06	3124.2
1.4074e-06	3127.6
1.3699e-06	3131
1.3335e-06	3134.5
1.2979e-06	3137.9
1.2633e-06	3141.3
1.2296e-06	3144.7
1.1967e-06	3148.1
1.1647e-06	3151.5
1.1335e-06	3154.9
1.1031e-06	3158.3
1.0735e-06	3161.7
1.0447e-06	3165.2
1.0166e-06	3168.6
9.892e-07	3172
9.6255e-07	3175.4
9.3658e-07	3178.8
9.1129e-07	3182.2
8.8667e-07	3185.6
8.6268e-07	3189
8.3932e-07	3192.4
8.1657e-07	3195.9
7.9441e-07	3199.3
7.7283e-07	3202.7
7.5182e-07	3206.1
7.3137e-07	3209.5
7.1144e-07	3212.9
6.9204e-07	3216.3
6.7316e-07	3219.7
6.5476e-07	3223.1
6.3686e-07	3226.5
6.1943e-07	3230
6.0245e-07	3233.4
5.8593e-07	3236.8
5.6985e-07	3240.2
5.5419e-07	3243.6
5.3894e-07	3247
5.241e-07	3250.4
5.0966e-07	3253.8
4.956e-07	3257.2
4.8192e-07	3260.7
4.686e-07	3264.1
4.5564e-07	3267.5
4.4302e-07	3270.9
4.3074e-07	3274.3
4.1879e-07	3277.7
4.0716e-07	3281.1
3.9584e-07	3284.5
3.8483e-07	3287.9
3.7411e-07	3291.4
3.6368e-07	3294.8
3.5353e-07	3298.2
3.4366e-07	3301.6
3.3405e-07	3305
3.2471e-07	3308.4
3.1561e-07	3311.8
3.0676e-07	3315.2
2.9816e-07	3318.6
2.8978e-07	3322
2.8164e-07	3325.5
2.7371e-07	3328.9
2.66e-07	3332.3
2.585e-07	3335.7
2.5121e-07	3339.1
2.4411e-07	3342.5
2.3721e-07	3345.9
2.305e-07	3349.3
2.2397e-07	3352.7
2.1763e-07	3356.2
2.1145e-07	3359.6
2.0545e-07	3363
1.9961e-07	3366.4
1.9393e-07	3369.8
1.8841e-07	3373.2
1.8304e-07	3376.6
1.7782e-07	3380
1.7274e-07	3383.4
1.678e-07	3386.9
1.63e-07	3390.3
1.5834e-07	3393.7
1.538e-07	3397.1
1.4939e-07	3400.5
1.451e-07	3403.9
1.4093e-07	3407.3
1.3688e-07	3410.7
1.3294e-07	3414.1
1.2911e-07	3417.6
1.2539e-07	3421
1.2177e-07	3424.4
1.1825e-07	3427.8
1.1483e-07	3431.2
1.1151e-07	3434.6
1.0828e-07	3438
1.0514e-07	3441.4
1.0209e-07	3444.8
9.9128e-08	3448.2
9.6248e-08	3451.7
9.3448e-08	3455.1
9.0728e-08	3458.5
8.8085e-08	3461.9
8.5516e-08	3465.3
8.302e-08	3468.7
8.0595e-08	3472.1
7.8239e-08	3475.5
7.5949e-08	3478.9
7.3725e-08	3482.4
7.1564e-08	3485.8
6.9465e-08	3489.2
6.7425e-08	3492.6
6.5444e-08	3496
6.3519e-08	3499.4
6.1649e-08	3502.8
5.9833e-08	3506.2
5.8068e-08	3509.6
5.6355e-08	3513.1
5.469e-08	3516.5
5.3074e-08	3519.9
5.1503e-08	3523.3
4.9978e-08	3526.7
4.8497e-08	3530.1
4.7059e-08	3533.5
4.5662e-08	3536.9
4.4305e-08	3540.3
4.2987e-08	3543.7
4.1708e-08	3547.2
4.0466e-08	3550.6
3.9259e-08	3554
3.8088e-08	3557.4
3.6951e-08	3560.8
3.5846e-08	3564.2
3.4774e-08	3567.6
3.3733e-08	3571
3.2723e-08	3574.4
3.1741e-08	3577.9
3.0789e-08	3581.3
2.9864e-08	3584.7
2.8966e-08	3588.1
2.8095e-08	3591.5
2.7249e-08	3594.9
2.6427e-08	3598.3
2.563e-08	3601.7
2.4857e-08	3605.1
2.4105e-08	3608.6
2.3377e-08	3612
2.2669e-08	3615.4
2.1983e-08	3618.8
2.1316e-08	3622.2
2.067e-08	3625.6
2.0042e-08	3629
1.9433e-08	3632.4
1.8842e-08	3635.8
1.8268e-08	3639.2
1.7712e-08	3642.7
1.7172e-08	3646.1
1.6648e-08	3649.5
1.614e-08	3652.9
1.5646e-08	3656.3
1.5168e-08	3659.7
1.4704e-08	3663.1
1.4253e-08	3666.5
1.3816e-08	3669.9
1.3392e-08	3673.4
1.2981e-08	3676.8
1.2582e-08	3680.2
1.2195e-08	3683.6
1.182e-08	3687
1.1456e-08	3690.4
1.1102e-08	3693.8
1.076e-08	3697.2
1.0428e-08	3700.6
1.0105e-08	3704.1
9.7928e-09	3707.5
9.4897e-09	3710.9
9.1958e-09	3714.3
8.9107e-09	3717.7
8.6343e-09	3721.1
8.3662e-09	3724.5
8.1063e-09	3727.9
7.8542e-09	3731.3
7.6098e-09	3734.7
7.3728e-09	3738.2
7.143e-09	3741.6
6.9202e-09	3745
6.7042e-09	3748.4
6.4948e-09	3751.8
6.2917e-09	3755.2
6.0949e-09	3758.6
5.9041e-09	3762
5.7191e-09	3765.4
5.5398e-09	3768.9
5.366e-09	3772.3
5.1975e-09	3775.7
5.0341e-09	3779.1
4.8758e-09	3782.5
4.7224e-09	3785.9
4.5736e-09	3789.3
4.4295e-09	3792.7
4.2898e-09	3796.1
4.1544e-09	3799.6
4.0232e-09	3803
3.896e-09	3806.4
3.7728e-09	3809.8
3.6534e-09	3813.2
3.5377e-09	3816.6
3.4255e-09	3820
3.3169e-09	3823.4
3.2116e-09	3826.8
3.1096e-09	3830.2
3.0108e-09	3833.7
2.915e-09	3837.1
2.8223e-09	3840.5
2.7324e-09	3843.9
2.6453e-09	3847.3
2.561e-09	3850.7
2.4793e-09	3854.1
2.4001e-09	3857.5
2.3235e-09	3860.9
2.2492e-09	3864.4
2.1773e-09	3867.8
2.1076e-09	3871.2
2.0401e-09	3874.6
1.9747e-09	3878
1.9114e-09	3881.4
1.8501e-09	3884.8
1.7908e-09	3888.2
1.7333e-09	3891.6
1.6776e-09	3895.1
1.6237e-09	3898.5
1.5715e-09	3901.9
1.5209e-09	3905.3
1.472e-09	3908.7
1.4246e-09	3912.1
1.3787e-09	3915.5
1.3343e-09	3918.9
1.2913e-09	3922.3
1.2496e-09	3925.7
1.2093e-09	3929.2
1.1703e-09	3932.6
1.1325e-09	3936
1.096e-09	3939.4
1.0606e-09	3942.8
1.0263e-09	3946.2
9.9312e-10	3949.6
9.6101e-10	3953
9.2995e-10	3956.4
8.9988e-10	3959.9
8.7078e-10	3963.3
8.4262e-10	3966.7
8.1537e-10	3970.1
7.8901e-10	3973.5
7.635e-10	3976.9
7.3882e-10	3980.3
7.1494e-10	3983.7
6.9185e-10	3987.1
6.695e-10	3990.6
6.4789e-10	3994
6.2699e-10	3997.4
6.0677e-10	4000.8
5.8722e-10	4004.2
5.6831e-10	4007.6
5.5003e-10	4011
5.3236e-10	4014.4
5.1527e-10	4017.8
4.9876e-10	4021.2
4.8279e-10	4024.7
4.6736e-10	4028.1
4.5245e-10	4031.5
4.3804e-10	4034.9
4.2412e-10	4038.3
4.1068e-10	4041.7
3.9769e-10	4045.1
3.8514e-10	4048.5
3.7303e-10	4051.9
3.6134e-10	4055.4
3.5005e-10	4058.8
3.3915e-10	4062.2
3.2864e-10	4065.6
3.185e-10	4069
3.0871e-10	4072.4
2.9928e-10	4075.8
2.9019e-10	4079.2
2.8142e-10	4082.6
2.7297e-10	4086.1
2.6484e-10	4089.5
2.5701e-10	4092.9
2.4947e-10	4096.3
2.4221e-10	4099.7
2.3523e-10	4103.1
2.2852e-10	4106.5
2.2208e-10	4109.9
2.1588e-10	4113.3
2.0994e-10	4116.7
2.0424e-10	4120.2
1.9877e-10	4123.6
1.9354e-10	4127
1.8852e-10	4130.4
1.8373e-10	4133.8
1.7915e-10	4137.2
1.7478e-10	4140.6
1.7061e-10	4144
1.6663e-10	4147.4
1.6286e-10	4150.9
1.5927e-10	4154.3
1.5587e-10	4157.7
1.5265e-10	4161.1
1.4962e-10	4164.5
1.4675e-10	4167.9
1.4406e-10	4171.3
1.4154e-10	4174.7
1.3919e-10	4178.1
1.37e-10	4181.6
1.3497e-10	4185
1.331e-10	4188.4
1.314e-10	4191.8
1.2984e-10	4195.2
1.2844e-10	4198.6
1.272e-10	4202
1.261e-10	4205.4
1.2516e-10	4208.8
1.2436e-10	4212.2
1.2372e-10	4215.7
1.2322e-10	4219.1
1.2287e-10	4222.5
1.2267e-10	4225.9
1.2261e-10	4229.3
1.2271e-10	4232.7
1.2295e-10	4236.1
1.2334e-10	4239.5
1.2388e-10	4242.9
1.2457e-10	4246.4
1.2541e-10	4249.8
1.264e-10	4253.2
1.2754e-10	4256.6
1.2885e-10	4260
