1.9483e-11	0
0.00012324	3.4107
0.0002465	6.8215
0.0003698	10.232
0.00049317	13.643
0.00061661	17.054
0.00074017	20.464
0.00086385	23.875
0.00098767	27.286
0.0011117	30.697
0.0012358	34.107
0.0013602	37.518
0.0014848	40.929
0.0016097	44.339
0.0017348	47.75
0.0018601	51.161
0.0019858	54.572
0.0021117	57.982
0.0022379	61.393
0.0023645	64.804
0.0024914	68.215
0.0026186	71.625
0.0027461	75.036
0.002874	78.447
0.0030022	81.857
0.0031308	85.268
0.0032598	88.679
0.0033891	92.09
0.0035188	95.5
0.0036489	98.911
0.0037794	102.32
0.0039103	105.73
0.0040415	109.14
0.0041732	112.55
0.0043052	115.96
0.0044377	119.38
0.0045705	122.79
0.0047038	126.2
0.0048375	129.61
0.0049716	133.02
0.0051061	136.43
0.005241	139.84
0.0053764	143.25
0.0055121	146.66
0.0056483	150.07
0.0057849	153.48
0.0059219	156.89
0.0060593	160.3
0.0061971	163.71
0.0063353	167.13
0.0064739	170.54
0.0066129	173.95
0.0067522	177.36
0.006892	180.77
0.0070322	184.18
0.0071727	187.59
0.0073137	191
0.007455	194.41
0.0075966	197.82
0.0077387	201.23
0.0078811	204.64
0.0080239	208.05
0.0081671	211.47
0.0083106	214.88
0.0084544	218.29
0.0085987	221.7
0.0087433	225.11
0.0088882	228.52
0.0090335	231.93
0.0091791	235.34
0.0093251	238.75
0.0094714	242.16
0.0096181	245.57
0.009765	248.98
0.0099123	252.39
0.01006	255.8
0.010208	259.22
0.010356	262.63
0.010505	266.04
0.010654	269.45
0.010803	272.86
0.010952	276.27
0.011102	279.68
0.011252	283.09
0.011402	286.5
0.011553	289.91
0.011704	293.32
0.011855	296.73
0.012006	300.14
0.012158	303.55
0.012309	306.97
0.012461	310.38
0.012613	313.79
0.012766	317.2
0.012918	320.61
0.013071	324.02
0.013224	327.43
0.013377	330.84
0.01353	334.25
0.013683	337.66
0.013836	341.07
0.013989	344.48
0.014143	347.89
0.014296	351.31
0.01445	354.72
0.014603	358.13
0.014757	361.54
0.01491	364.95
0.015063	368.36
0.015217	371.77
0.01537	375.18
0.015524	378.59
0.015677	382
0.01583	385.41
0.015983	388.82
0.016136	392.23
0.016288	395.64
0.016441	399.06
0.016593	402.47
0.016745	405.88
0.016897	409.29
0.017049	412.7
0.0172	416.11
0.017351	419.52
0.017502	422.93
0.017653	426.34
0.017803	429.75
0.017953	433.16
0.018103	436.57
0.018252	439.98
0.018401	443.39
0.018549	446.81
0.018697	450.22
0.018845	453.63
0.018992	457.04
0.019139	460.45
0.019285	463.86
0.019431	467.27
0.019576	470.68
0.019721	474.09
0.019865	477.5
0.020009	480.91
0.020153	484.32
0.020295	487.73
0.020437	491.14
0.020579	494.56
0.02072	497.97
0.02086	501.38
0.021	504.79
0.021139	508.2
0.021278	511.61
0.021416	515.02
0.021553	518.43
0.02169	521.84
0.021826	525.25
0.021961	528.66
0.022095	532.07
0.022229	535.48
0.022362	538.9
0.022495	542.31
0.022627	545.72
0.022758	549.13
0.022888	552.54
0.023017	555.95
0.023146	559.36
0.023274	562.77
0.023401	566.18
0.023528	569.59
0.023653	573
0.023778	576.41
0.023902	579.82
0.024025	583.23
0.024148	586.65
0.024269	590.06
0.02439	593.47
0.02451	596.88
0.024629	600.29
0.024747	603.7
0.024864	607.11
0.024981	610.52
0.025096	613.93
0.025211	617.34
0.025325	620.75
0.025438	624.16
0.02555	627.57
0.025661	630.98
0.025771	634.4
0.02588	637.81
0.025989	641.22
0.026096	644.63
0.026203	648.04
0.026308	651.45
0.026413	654.86
0.026517	658.27
0.026619	661.68
0.026721	665.09
0.026822	668.5
0.026922	671.91
0.027021	675.32
0.027119	678.73
0.027215	682.15
0.027311	685.56
0.027406	688.97
0.0275	692.38
0.027593	695.79
0.027685	699.2
0.027776	702.61
0.027866	706.02
0.027955	709.43
0.028043	712.84
0.028129	716.25
0.028215	719.66
0.0283	723.07
0.028384	726.49
0.028466	729.9
0.028548	733.31
0.028629	736.72
0.028708	740.13
0.028787	743.54
0.028864	746.95
0.02894	750.36
0.029015	753.77
0.02909	757.18
0.029163	760.59
0.029235	764
0.029306	767.41
0.029375	770.82
0.029444	774.24
0.029512	777.65
0.029578	781.06
0.029644	784.47
0.029708	787.88
0.029771	791.29
0.029833	794.7
0.029894	798.11
0.029954	801.52
0.030013	804.93
0.030071	808.34
0.030127	811.75
0.030183	815.16
0.030237	818.57
0.030291	821.99
0.030343	825.4
0.030393	828.81
0.030443	832.22
0.030492	835.63
0.030539	839.04
0.030585	842.45
0.03063	845.86
0.030674	849.27
0.030717	852.68
0.030759	856.09
0.030799	859.5
0.030839	862.91
0.030877	866.33
0.030914	869.74
0.03095	873.15
0.030985	876.56
0.031018	879.97
0.031051	883.38
0.031082	886.79
0.031112	890.2
0.031141	893.61
0.031169	897.02
0.031196	900.43
0.031221	903.84
0.031245	907.25
0.031269	910.66
0.031291	914.08
0.031311	917.49
0.031331	920.9
0.03135	924.31
0.031367	927.72
0.031383	931.13
0.031398	934.54
0.031412	937.95
0.031425	941.36
0.031437	944.77
0.031447	948.18
0.031457	951.59
0.031465	955
0.031472	958.41
0.031478	961.83
0.031483	965.24
0.031487	968.65
0.031489	972.06
0.031491	975.47
0.031491	978.88
0.031491	982.29
0.031489	985.7
0.031486	989.11
0.031482	992.52
0.031477	995.93
0.03147	999.34
0.031463	1002.8
0.031455	1006.2
0.031445	1009.6
0.031435	1013
0.031423	1016.4
0.03141	1019.8
0.031396	1023.2
0.031382	1026.6
0.031366	1030
0.031349	1033.5
0.031331	1036.9
0.031312	1040.3
0.031291	1043.7
0.03127	1047.1
0.031248	1050.5
0.031225	1053.9
0.031201	1057.3
0.031176	1060.7
0.03115	1064.1
0.031122	1067.6
0.031094	1071
0.031065	1074.4
0.031035	1077.8
0.031004	1081.2
0.030972	1084.6
0.030939	1088
0.030905	1091.4
0.03087	1094.8
0.030834	1098.3
0.030797	1101.7
0.03076	1105.1
0.030721	1108.5
0.030682	1111.9
0.030641	1115.3
0.0306	1118.7
0.030558	1122.1
0.030514	1125.5
0.03047	1129
0.030426	1132.4
0.03038	1135.8
0.030333	1139.2
0.030286	1142.6
0.030238	1146
0.030188	1149.4
0.030139	1152.8
0.030088	1156.2
0.030036	1159.6
0.029984	1163.1
0.029931	1166.5
0.029877	1169.9
0.029822	1173.3
0.029766	1176.7
0.02971	1180.1
0.029653	1183.5
0.029595	1186.9
0.029537	1190.3
0.029478	1193.8
0.029418	1197.2
0.029357	1200.6
0.029295	1204
0.029233	1207.4
0.02917	1210.8
0.029107	1214.2
0.029043	1217.6
0.028978	1221
0.028912	1224.5
0.028846	1227.9
0.028779	1231.3
0.028711	1234.7
0.028643	1238.1
0.028574	1241.5
0.028505	1244.9
0.028435	1248.3
0.028364	1251.7
0.028293	1255.1
0.028221	1258.6
0.028149	1262
0.028076	1265.4
0.028002	1268.8
0.027928	1272.2
0.027853	1275.6
0.027778	1279
0.027702	1282.4
0.027626	1285.8
0.027549	1289.3
0.027472	1292.7
0.027394	1296.1
0.027316	1299.5
0.027237	1302.9
0.027157	1306.3
0.027078	1309.7
0.026997	1313.1
0.026917	1316.5
0.026835	1320
0.026754	1323.4
0.026672	1326.8
0.026589	1330.2
0.026506	1333.6
0.026423	1337
0.026339	1340.4
0.026255	1343.8
0.02617	1347.2
0.026085	1350.6
0.026	1354.1
0.025914	1357.5
0.025828	1360.9
0.025741	1364.3
0.025654	1367.7
0.025567	1371.1
0.02548	1374.5
0.025392	1377.9
0.025304	1381.3
0.025215	1384.8
0.025126	1388.2
0.025037	1391.6
0.024948	1395
0.024858	1398.4
0.024768	1401.8
0.024678	1405.2
0.024587	1408.6
0.024496	1412
0.024405	1415.5
0.024314	1418.9
0.024222	1422.3
0.02413	1425.7
0.024038	1429.1
0.023946	1432.5
0.023854	1435.9
0.023761	1439.3
0.023668	1442.7
0.023575	1446.1
0.023482	1449.6
0.023388	1453
0.023294	1456.4
0.0232	1459.8
0.023106	1463.2
0.023012	1466.6
0.022918	1470
0.022823	1473.4
0.022729	1476.8
0.022634	1480.3
0.022539	1483.7
0.022444	1487.1
0.022349	1490.5
0.022254	1493.9
0.022158	1497.3
0.022063	1500.7
0.021967	1504.1
0.021871	1507.5
0.021776	1511
0.02168	1514.4
0.021584	1517.8
0.021488	1521.2
0.021392	1524.6
0.021296	1528
0.021199	1531.4
0.021103	1534.8
0.021007	1538.2
0.020911	1541.6
0.020814	1545.1
0.020718	1548.5
0.020622	1551.9
0.020525	1555.3
0.020429	1558.7
0.020332	1562.1
0.020236	1565.5
0.02014	1568.9
0.020043	1572.3
0.019947	1575.8
0.01985	1579.2
0.019754	1582.6
0.019658	1586
0.019561	1589.4
0.019465	1592.8
0.019369	1596.2
0.019273	1599.6
0.019177	1603
0.019081	1606.5
0.018985	1609.9
0.018889	1613.3
0.018793	1616.7
0.018697	1620.1
0.018601	1623.5
0.018506	1626.9
0.01841	1630.3
0.018315	1633.7
0.01822	1637.1
0.018124	1640.6
0.018029	1644
0.017934	1647.4
0.017839	1650.8
0.017744	1654.2
0.01765	1657.6
0.017555	1661
0.017461	1664.4
0.017366	1667.8
0.017272	1671.3
0.017178	1674.7
0.017084	1678.1
0.016991	1681.5
0.016897	1684.9
0.016804	1688.3
0.01671	1691.7
0.016617	1695.1
0.016524	1698.5
0.016431	1702
0.016339	1705.4
0.016246	1708.8
0.016154	1712.2
0.016062	1715.6
0.01597	1719
0.015878	1722.4
0.015787	1725.8
0.015696	1729.2
0.015605	1732.7
0.015514	1736.1
0.015423	1739.5
0.015332	1742.9
0.015242	1746.3
0.015152	1749.7
0.015062	1753.1
0.014972	1756.5
0.014883	1759.9
0.014794	1763.3
0.014705	1766.8
0.014616	1770.2
0.014528	1773.6
0.014439	1777
0.014351	1780.4
0.014263	1783.8
0.014176	1787.2
0.014088	1790.6
0.014001	1794
0.013914	1797.5
0.013828	1800.9
0.013742	1804.3
0.013655	1807.7
0.01357	1811.1
0.013484	1814.5
0.013399	1817.9
0.013314	1821.3
0.013229	1824.7
0.013144	1828.2
0.01306	1831.6
0.012976	1835
0.012893	1838.4
0.012809	1841.8
0.012726	1845.2
0.012643	1848.6
0.012561	1852
0.012478	1855.4
0.012396	1858.8
0.012315	1862.3
0.012233	1865.7
0.012152	1869.1
0.012071	1872.5
0.011991	1875.9
0.011911	1879.3
0.011831	1882.7
0.011751	1886.1
0.011672	1889.5
0.011593	1893
0.011514	1896.4
0.011435	1899.8
0.011357	1903.2
0.011279	1906.6
0.011202	1910
0.011125	1913.4
0.011048	1916.8
0.010971	1920.2
0.010895	1923.7
0.010819	1927.1
0.010743	1930.5
0.010668	1933.9
0.010593	1937.3
0.010518	1940.7
0.010444	1944.1
0.01037	1947.5
0.010296	1950.9
0.010222	1954.3
0.010149	1957.8
0.010077	1961.2
0.010004	1964.6
0.009932	1968
0.0098602	1971.4
0.0097887	1974.8
0.0097175	1978.2
0.0096467	1981.6
0.0095762	1985
0.009506	1988.5
0.0094361	1991.9
0.0093666	1995.3
0.0092974	1998.7
0.0092286	2002.1
0.00916	2005.5
0.0090918	2008.9
0.009024	2012.3
0.0089564	2015.7
0.0088892	2019.2
0.0088224	2022.6
0.0087558	2026
0.0086896	2029.4
0.0086237	2032.8
0.0085582	2036.2
0.008493	2039.6
0.0084281	2043
0.0083636	2046.4
0.0082994	2049.8
0.0082355	2053.3
0.0081719	2056.7
0.0081087	2060.1
0.0080459	2063.5
0.0079833	2066.9
0.0079211	2070.3
0.0078592	2073.7
0.0077977	2077.1
0.0077365	2080.5
0.0076756	2084
0.0076151	2087.4
0.0075549	2090.8
0.007495	2094.2
0.0074354	2097.6
0.0073762	2101
0.0073173	2104.4
0.0072588	2107.8
0.0072005	2111.2
0.0071426	2114.7
0.0070851	2118.1
0.0070279	2121.5
0.0069709	2124.9
0.0069144	2128.3
0.0068581	2131.7
0.0068022	2135.1
0.0067466	2138.5
0.0066914	2141.9
0.0066364	2145.3
0.0065818	2148.8
0.0065276	2152.2
0.0064736	2155.6
0.00642	2159
0.0063667	2162.4
0.0063137	2165.8
0.006261	2169.2
0.0062087	2172.6
0.0061567	2176
0.006105	2179.5
0.0060536	2182.9
0.0060026	2186.3
0.0059519	2189.7
0.0059015	2193.1
0.0058514	2196.5
0.0058016	2199.9
0.0057522	2203.3
0.005703	2206.7
0.0056542	2210.2
0.0056057	2213.6
0.0055575	2217
0.0055096	2220.4
0.005462	2223.8
0.0054148	2227.2
0.0053678	2230.6
0.0053212	2234
0.0052749	2237.4
0.0052288	2240.8
0.0051831	2244.3
0.0051377	2247.7
0.0050926	2251.1
0.0050478	2254.5
0.0050033	2257.9
0.0049591	2261.3
0.0049152	2264.7
0.0048716	2268.1
0.0048283	2271.5
0.0047853	2275
0.0047426	2278.4
0.0047002	2281.8
0.0046581	2285.2
0.0046162	2288.6
0.0045747	2292
0.0045335	2295.4
0.0044925	2298.8
0.0044518	2302.2
0.0044115	2305.7
0.0043714	2309.1
0.0043316	2312.5
0.0042921	2315.9
0.0042528	2319.3
0.0042139	2322.7
0.0041752	2326.1
0.0041368	2329.5
0.0040987	2332.9
0.0040609	2336.3
0.0040234	2339.8
0.0039861	2343.2
0.0039491	2346.6
0.0039124	2350
0.0038759	2353.4
0.0038397	2356.8
0.0038038	2360.2
0.0037682	2363.6
0.0037328	2367
0.0036977	2370.5
0.0036629	2373.9
0.0036283	2377.3
0.003594	2380.7
0.0035599	2384.1
0.0035261	2387.5
0.0034926	2390.9
0.0034593	2394.3
0.0034263	2397.7
0.0033935	2401.2
0.003361	2404.6
0.0033288	2408
0.0032968	2411.4
0.003265	2414.8
0.0032335	2418.2
0.0032023	2421.6
0.0031713	2425
0.0031405	2428.4
0.00311	2431.8
0.0030797	2435.3
0.0030497	2438.7
0.0030199	2442.1
0.0029904	2445.5
0.002961	2448.9
0.002932	2452.3
0.0029031	2455.7
0.0028745	2459.1
0.0028461	2462.5
0.002818	2466
0.0027901	2469.4
0.0027624	2472.8
0.0027349	2476.2
0.0027077	2479.6
0.0026807	2483
0.0026539	2486.4
0.0026274	2489.8
0.002601	2493.2
0.0025749	2496.7
0.002549	2500.1
0.0025233	2503.5
0.0024979	2506.9
0.0024726	2510.3
0.0024476	2513.7
0.0024228	2517.1
0.0023982	2520.5
0.0023738	2523.9
0.0023496	2527.3
0.0023256	2530.8
0.0023018	2534.2
0.0022782	2537.6
0.0022548	2541
0.0022317	2544.4
0.0022087	2547.8
0.0021859	2551.2
0.0021634	2554.6
0.002141	2558
0.0021188	2561.5
0.0020968	2564.9
0.002075	2568.3
0.0020534	2571.7
0.002032	2575.1
0.0020108	2578.5
0.0019898	2581.9
0.0019689	2585.3
0.0019483	2588.7
0.0019278	2592.2
0.0019075	2595.6
0.0018874	2599
0.0018675	2602.4
0.0018477	2605.8
0.0018282	2609.2
0.0018088	2612.6
0.0017896	2616
0.0017705	2619.4
0.0017517	2622.9
0.001733	2626.3
0.0017145	2629.7
0.0016961	2633.1
0.0016779	2636.5
0.0016599	2639.9
0.0016421	2643.3
0.0016244	2646.7
0.0016069	2650.1
0.0015895	2653.5
0.0015723	2657
0.0015553	2660.4
0.0015384	2663.8
0.0015217	2667.2
0.0015052	2670.6
0.0014888	2674
0.0014725	2677.4
0.0014564	2680.8
0.0014405	2684.2
0.0014247	2687.7
0.0014091	2691.1
0.0013936	2694.5
0.0013782	2697.9
0.001363	2701.3
0.001348	2704.7
0.0013331	2708.1
0.0013183	2711.5
0.0013037	2714.9
0.0012892	2718.4
0.0012749	2721.8
0.0012607	2725.2
0.0012467	2728.6
0.0012327	2732
0.0012189	2735.4
0.0012053	2738.8
0.0011918	2742.2
0.0011784	2745.6
0.0011651	2749
0.001152	2752.5
0.001139	2755.9
0.0011262	2759.3
0.0011134	2762.7
0.0011008	2766.1
0.0010884	2769.5
0.001076	2772.9
0.0010638	2776.3
0.0010516	2779.7
0.0010397	2783.2
0.0010278	2786.6
0.001016	2790
0.0010044	2793.4
0.00099289	2796.8
0.0009815	2800.2
0.00097022	2803.6
0.00095905	2807
0.000948	2810.4
0.00093706	2813.9
0.00092623	2817.3
0.00091551	2820.7
0.0009049	2824.1
0.0008944	2827.5
0.00088401	2830.9
0.00087373	2834.3
0.00086355	2837.7
0.00085348	2841.1
0.00084351	2844.5
0.00083365	2848
0.00082389	2851.4
0.00081423	2854.8
0.00080467	2858.2
0.00079522	2861.6
0.00078586	2865
0.0007766	2868.4
0.00076743	2871.8
0.00075837	2875.2
0.00074939	2878.7
0.00074052	2882.1
0.00073174	2885.5
0.00072305	2888.9
0.00071445	2892.3
0.00070595	2895.7
0.00069753	2899.1
0.00068921	2902.5
0.00068097	2905.9
0.00067282	2909.4
0.00066476	2912.8
0.00065679	2916.2
0.0006489	2919.6
0.0006411	2923
0.00063338	2926.4
0.00062575	2929.8
0.0006182	2933.2
0.00061073	2936.6
0.00060334	2940
0.00059603	2943.5
0.0005888	2946.9
0.00058165	2950.3
0.00057458	2953.7
0.00056759	2957.1
0.00056067	2960.5
0.00055383	2963.9
0.00054706	2967.3
0.00054037	2970.7
0.00053375	2974.2
0.00052721	2977.6
0.00052074	2981
0.00051434	2984.4
0.00050801	2987.8
0.00050175	2991.2
0.00049556	2994.6
0.00048944	2998
0.00048339	3001.4
0.00047741	3004.9
0.00047149	3008.3
0.00046564	3011.7
0.00045986	3015.1
0.00045414	3018.5
0.00044848	3021.9
0.00044289	3025.3
0.00043737	3028.7
0.0004319	3032.1
0.0004265	3035.5
0.00042116	3039
0.00041588	3042.4
0.00041066	3045.8
0.0004055	3049.2
0.0004004	3052.6
0.00039535	3056
0.00039037	3059.4
0.00038544	3062.8
0.00038057	3066.2
0.00037575	3069.7
0.00037099	3073.1
0.00036629	3076.5
0.00036164	3079.9
0.00035704	3083.3
0.0003525	3086.7
0.00034801	3090.1
0.00034357	3093.5
0.00033919	3096.9
0.00033485	3100.4
0.00033057	3103.8
0.00032633	3107.2
0.00032215	3110.6
0.00031801	3114
0.00031393	3117.4
0.00030989	3120.8
0.0003059	3124.2
0.00030195	3127.6
0.00029806	3131
0.0002942	3134.5
0.0002904	3137.9
0.00028664	3141.3
0.00028292	3144.7
0.00027925	3148.1
0.00027562	3151.5
0.00027204	3154.9
0.0002685	3158.3
0.000265	3161.7
0.00026154	3165.2
0.00025813	3168.6
0.00025475	3172
0.00025142	3175.4
0.00024812	3178.8
0.00024487	3182.2
0.00024165	3185.6
0.00023848	3189
0.00023534	3192.4
0.00023224	3195.9
0.00022918	3199.3
0.00022615	3202.7
0.00022317	3206.1
0.00022021	3209.5
0.0002173	3212.9
0.00021442	3216.3
0.00021157	3219.7
0.00020876	3223.1
0.00020599	3226.5
0.00020325	3230
0.00020054	3233.4
0.00019787	3236.8
0.00019523	3240.2
0.00019262	3243.6
0.00019004	3247
0.0001875	3250.4
0.00018498	3253.8
0.0001825	3257.2
0.00018005	3260.7
0.00017763	3264.1
0.00017524	3267.5
0.00017288	3270.9
0.00017055	3274.3
0.00016825	3277.7
0.00016597	3281.1
0.00016373	3284.5
0.00016151	3287.9
0.00015933	3291.4
0.00015716	3294.8
0.00015503	3298.2
0.00015292	3301.6
0.00015084	3305
0.00014879	3308.4
0.00014676	3311.8
0.00014476	3315.2
0.00014278	3318.6
0.00014083	3322
0.0001389	3325.5
0.000137	3328.9
0.00013512	3332.3
0.00013327	3335.7
0.00013144	3339.1
0.00012963	3342.5
0.00012785	3345.9
0.00012609	3349.3
0.00012435	3352.7
0.00012263	3356.2
0.00012094	3359.6
0.00011927	3363
0.00011762	3366.4
0.00011599	3369.8
0.00011438	3373.2
0.00011279	3376.6
0.00011123	3380
0.00010968	3383.4
0.00010815	3386.9
0.00010665	3390.3
0.00010516	3393.7
0.00010369	3397.1
0.00010225	3400.5
0.00010082	3403.9
9.9406e-05	3407.3
9.8015e-05	3410.7
9.6641e-05	3414.1
9.5285e-05	3417.6
9.3948e-05	3421
9.2627e-05	3424.4
9.1325e-05	3427.8
9.0039e-05	3431.2
8.8771e-05	3434.6
8.7519e-05	3438
8.6284e-05	3441.4
8.5065e-05	3444.8
8.3862e-05	3448.2
8.2676e-05	3451.7
8.1505e-05	3455.1
8.035e-05	3458.5
7.921e-05	3461.9
7.8085e-05	3465.3
7.6976e-05	3468.7
7.5881e-05	3472.1
7.4801e-05	3475.5
7.3736e-05	3478.9
7.2685e-05	3482.4
7.1648e-05	3485.8
7.0625e-05	3489.2
6.9615e-05	3492.6
6.862e-05	3496
6.7637e-05	3499.4
6.6669e-05	3502.8
6.5713e-05	3506.2
6.477e-05	3509.6
6.384e-05	3513.1
6.2923e-05	3516.5
6.2018e-05	3519.9
6.1125e-05	3523.3
6.0245e-05	3526.7
5.9376e-05	3530.1
5.852e-05	3533.5
5.7675e-05	3536.9
5.6842e-05	3540.3
5.602e-05	3543.7
5.521e-05	3547.2
5.441e-05	3550.6
5.3622e-05	3554
5.2845e-05	3557.4
5.2078e-05	3560.8
5.1322e-05	3564.2
5.0576e-05	3567.6
4.9841e-05	3571
4.9116e-05	3574.4
4.8401e-05	3577.9
4.7696e-05	3581.3
4.7e-05	3584.7
4.6315e-05	3588.1
4.5639e-05	3591.5
4.4972e-05	3594.9
4.4315e-05	3598.3
4.3667e-05	3601.7
4.3028e-05	3605.1
4.2398e-05	3608.6
4.1777e-05	3612
4.1164e-05	3615.4
4.056e-05	3618.8
3.9965e-05	3622.2
3.9378e-05	3625.6
3.88e-05	3629
3.823e-05	3632.4
3.7667e-05	3635.8
3.7113e-05	3639.2
3.6567e-05	3642.7
3.6028e-05	3646.1
3.5497e-05	3649.5
3.4974e-05	3652.9
3.4458e-05	3656.3
3.395e-05	3659.7
3.3449e-05	3663.1
3.2955e-05	3666.5
3.2468e-05	3669.9
3.1989e-05	3673.4
3.1516e-05	3676.8
3.105e-05	3680.2
3.0591e-05	3683.6
3.0138e-05	3687
2.9692e-05	3690.4
2.9253e-05	3693.8
2.882e-05	3697.2
2.8393e-05	3700.6
2.7972e-05	3704.1
2.7558e-05	3707.5
2.715e-05	3710.9
2.6747e-05	3714.3
2.6351e-05	3717.7
2.5961e-05	3721.1
2.5576e-05	3724.5
2.5197e-05	3727.9
2.4823e-05	3731.3
2.4456e-05	3734.7
2.4093e-05	3738.2
2.3736e-05	3741.6
2.3384e-05	3745
2.3038e-05	3748.4
2.2697e-05	3751.8
2.2361e-05	3755.2
2.203e-05	3758.6
2.1704e-05	3762
2.1383e-05	3765.4
2.1066e-05	3768.9
2.0755e-05	3772.3
2.0448e-05	3775.7
2.0146e-05	3779.1
1.9849e-05	3782.5
1.9556e-05	3785.9
1.9268e-05	3789.3
1.8984e-05	3792.7
1.8704e-05	3796.1
1.8429e-05	3799.6
1.8158e-05	3803
1.7891e-05	3806.4
1.7629e-05	3809.8
1.737e-05	3813.2
1.7116e-05	3816.6
1.6865e-05	3820
1.6619e-05	3823.4
1.6376e-05	3826.8
1.6137e-05	3830.2
1.5902e-05	3833.7
1.5671e-05	3837.1
1.5443e-05	3840.5
1.522e-05	3843.9
1.4999e-05	3847.3
1.4783e-05	3850.7
1.4569e-05	3854.1
1.436e-05	3857.5
1.4153e-05	3860.9
1.395e-05	3864.4
1.3751e-05	3867.8
1.3554e-05	3871.2
1.3361e-05	3874.6
1.3171e-05	3878
1.2985e-05	3881.4
1.2801e-05	3884.8
1.262e-05	3888.2
1.2443e-05	3891.6
1.2269e-05	3895.1
1.2097e-05	3898.5
1.1929e-05	3901.9
1.1763e-05	3905.3
1.16e-05	3908.7
1.144e-05	3912.1
1.1283e-05	3915.5
1.1129e-05	3918.9
1.0977e-05	3922.3
1.0828e-05	3925.7
1.0682e-05	3929.2
1.0538e-05	3932.6
1.0397e-05	3936
1.0259e-05	3939.4
1.0123e-05	3942.8
9.9894e-06	3946.2
9.8585e-06	3949.6
9.7299e-06	3953
9.6038e-06	3956.4
9.4801e-06	3959.9
9.3587e-06	3963.3
9.2397e-06	3966.7
9.1229e-06	3970.1
9.0085e-06	3973.5
8.8963e-06	3976.9
8.7864e-06	3980.3
8.6787e-06	3983.7
8.5731e-06	3987.1
8.4698e-06	3990.6
8.3685e-06	3994
8.2694e-06	3997.4
8.1724e-06	4000.8
8.0775e-06	4004.2
7.9846e-06	4007.6
7.8938e-06	4011
7.805e-06	4014.4
7.7182e-06	4017.8
7.6333e-06	4021.2
7.5504e-06	4024.7
7.4695e-06	4028.1
7.3905e-06	4031.5
7.3133e-06	4034.9
7.2381e-06	4038.3
7.1647e-06	4041.7
7.0932e-06	4045.1
7.0236e-06	4048.5
6.9557e-06	4051.9
6.8897e-06	4055.4
6.8255e-06	4058.8
6.763e-06	4062.2
6.7024e-06	4065.6
6.6434e-06	4069
6.5863e-06	4072.4
6.5308e-06	4075.8
6.4771e-06	4079.2
6.425e-06	4082.6
6.3747e-06	4086.1
6.3261e-06	4089.5
6.2791e-06	4092.9
6.2338e-06	4096.3
6.1901e-06	4099.7
6.1481e-06	4103.1
6.1077e-06	4106.5
6.069e-06	4109.9
6.0319e-06	4113.3
5.9964e-06	4116.7
5.9625e-06	4120.2
5.9302e-06	4123.6
5.8995e-06	4127
5.8703e-06	4130.4
5.8428e-06	4133.8
5.8169e-06	4137.2
5.7925e-06	4140.6
5.7696e-06	4144
5.7484e-06	4147.4
5.7287e-06	4150.9
5.7106e-06	4154.3
5.694e-06	4157.7
5.6789e-06	4161.1
5.6655e-06	4164.5
5.6535e-06	4167.9
5.6431e-06	4171.3
5.6343e-06	4174.7
5.627e-06	4178.1
5.6213e-06	4181.6
5.6171e-06	4185
5.6145e-06	4188.4
5.6134e-06	4191.8
5.6138e-06	4195.2
5.6159e-06	4198.6
5.6194e-06	4202
5.6246e-06	4205.4
5.6313e-06	4208.8
5.6396e-06	4212.2
5.6494e-06	4215.7
5.6608e-06	4219.1
5.6739e-06	4222.5
5.6885e-06	4225.9
5.7047e-06	4229.3
5.7225e-06	4232.7
5.7419e-06	4236.1
5.7629e-06	4239.5
5.7856e-06	4242.9
5.8099e-06	4246.4
5.8358e-06	4249.8
5.8634e-06	4253.2
5.8927e-06	4256.6
5.9236e-06	4260
