4.6626e-11	0
0.00010472	3.4107
0.00020943	6.8215
0.00031416	10.232
0.0004189	13.643
0.00052364	17.054
0.00062841	20.464
0.00073319	23.875
0.000838	27.286
0.00094283	30.697
0.0010477	34.107
0.0011526	37.518
0.0012575	40.929
0.0013625	44.339
0.0014675	47.75
0.0015725	51.161
0.0016776	54.572
0.0017827	57.982
0.0018879	61.393
0.0019931	64.804
0.0020984	68.215
0.0022037	71.625
0.002309	75.036
0.0024144	78.447
0.0025199	81.857
0.0026254	85.268
0.0027309	88.679
0.0028365	92.09
0.0029422	95.5
0.0030478	98.911
0.0031536	102.32
0.0032593	105.73
0.0033652	109.14
0.003471	112.55
0.0035769	115.96
0.0036829	119.38
0.0037889	122.79
0.0038949	126.2
0.004001	129.61
0.0041071	133.02
0.0042133	136.43
0.0043195	139.84
0.0044257	143.25
0.004532	146.66
0.0046383	150.07
0.0047446	153.48
0.004851	156.89
0.0049574	160.3
0.0050638	163.71
0.0051703	167.13
0.0052767	170.54
0.0053832	173.95
0.0054897	177.36
0.0055963	180.77
0.0057028	184.18
0.0058094	187.59
0.0059159	191
0.0060225	194.41
0.0061291	197.82
0.0062357	201.23
0.0063423	204.64
0.0064489	208.05
0.0065555	211.47
0.0066621	214.88
0.0067687	218.29
0.0068753	221.7
0.0069819	225.11
0.0070885	228.52
0.0071951	231.93
0.0073016	235.34
0.0074082	238.75
0.0075147	242.16
0.0076212	245.57
0.0077277	248.98
0.0078342	252.39
0.0079406	255.8
0.0080471	259.22
0.0081535	262.63
0.0082598	266.04
0.0083662	269.45
0.0084725	272.86
0.0085787	276.27
0.0086849	279.68
0.0087911	283.09
0.0088972	286.5
0.0090033	289.91
0.0091093	293.32
0.0092153	296.73
0.0093212	300.14
0.0094271	303.55
0.0095329	306.97
0.0096386	310.38
0.0097442	313.79
0.0098498	317.2
0.0099553	320.61
0.010061	324.02
0.010166	327.43
0.010271	330.84
0.010376	334.25
0.010482	337.66
0.010587	341.07
0.010691	344.48
0.010796	347.89
0.010901	351.31
0.011005	354.72
0.01111	358.13
0.011214	361.54
0.011318	364.95
0.011422	368.36
0.011526	371.77
0.01163	375.18
0.011733	378.59
0.011837	382
0.01194	385.41
0.012043	388.82
0.012146	392.23
0.012249	395.64
0.012352	399.06
0.012454	402.47
0.012556	405.88
0.012659	409.29
0.012761	412.7
0.012862	416.11
0.012964	419.52
0.013065	422.93
0.013166	426.34
0.013267	429.75
0.013368	433.16
0.013468	436.57
0.013569	439.98
0.013669	443.39
0.013769	446.81
0.013868	450.22
0.013968	453.63
0.014067	457.04
0.014166	460.45
0.014264	463.86
0.014363	467.27
0.014461	470.68
0.014559	474.09
0.014657	477.5
0.014754	480.91
0.014851	484.32
0.014948	487.73
0.015045	491.14
0.015141	494.56
0.015237	497.97
0.015333	501.38
0.015428	504.79
0.015523	508.2
0.015618	511.61
0.015713	515.02
0.015807	518.43
0.015901	521.84
0.015995	525.25
0.016088	528.66
0.016181	532.07
0.016274	535.48
0.016367	538.9
0.016459	542.31
0.016551	545.72
0.016642	549.13
0.016733	552.54
0.016824	555.95
0.016915	559.36
0.017005	562.77
0.017095	566.18
0.017185	569.59
0.017274	573
0.017363	576.41
0.017451	579.82
0.017539	583.23
0.017627	586.65
0.017715	590.06
0.017802	593.47
0.017889	596.88
0.017975	600.29
0.018061	603.7
0.018147	607.11
0.018232	610.52
0.018317	613.93
0.018402	617.34
0.018486	620.75
0.01857	624.16
0.018654	627.57
0.018737	630.98
0.01882	634.4
0.018902	637.81
0.018984	641.22
0.019066	644.63
0.019147	648.04
0.019228	651.45
0.019308	654.86
0.019388	658.27
0.019468	661.68
0.019547	665.09
0.019626	668.5
0.019705	671.91
0.019783	675.32
0.019861	678.73
0.019938	682.15
0.020015	685.56
0.020091	688.97
0.020168	692.38
0.020243	695.79
0.020318	699.2
0.020393	702.61
0.020468	706.02
0.020542	709.43
0.020615	712.84
0.020689	716.25
0.020761	719.66
0.020834	723.07
0.020906	726.49
0.020977	729.9
0.021048	733.31
0.021119	736.72
0.021189	740.13
0.021259	743.54
0.021328	746.95
0.021397	750.36
0.021466	753.77
0.021534	757.18
0.021601	760.59
0.021668	764
0.021735	767.41
0.021801	770.82
0.021867	774.24
0.021932	777.65
0.021997	781.06
0.022062	784.47
0.022126	787.88
0.022189	791.29
0.022252	794.7
0.022315	798.11
0.022377	801.52
0.022439	804.93
0.0225	808.34
0.022561	811.75
0.022621	815.16
0.022681	818.57
0.022741	821.99
0.0228	825.4
0.022858	828.81
0.022916	832.22
0.022974	835.63
0.023031	839.04
0.023087	842.45
0.023143	845.86
0.023199	849.27
0.023254	852.68
0.023309	856.09
0.023363	859.5
0.023417	862.91
0.02347	866.33
0.023523	869.74
0.023575	873.15
0.023627	876.56
0.023678	879.97
0.023729	883.38
0.023779	886.79
0.023829	890.2
0.023878	893.61
0.023927	897.02
0.023975	900.43
0.024023	903.84
0.02407	907.25
0.024117	910.66
0.024164	914.08
0.02421	917.49
0.024255	920.9
0.0243	924.31
0.024344	927.72
0.024388	931.13
0.024432	934.54
0.024475	937.95
0.024517	941.36
0.024559	944.77
0.0246	948.18
0.024641	951.59
0.024682	955
0.024722	958.41
0.024761	961.83
0.0248	965.24
0.024838	968.65
0.024876	972.06
0.024914	975.47
0.024951	978.88
0.024987	982.29
0.025023	985.7
0.025058	989.11
0.025093	992.52
0.025128	995.93
0.025162	999.34
0.025195	1002.8
0.025228	1006.2
0.02526	1009.6
0.025292	1013
0.025324	1016.4
0.025355	1019.8
0.025385	1023.2
0.025415	1026.6
0.025445	1030
0.025473	1033.5
0.025502	1036.9
0.02553	1040.3
0.025557	1043.7
0.025584	1047.1
0.025611	1050.5
0.025637	1053.9
0.025662	1057.3
0.025687	1060.7
0.025711	1064.1
0.025735	1067.6
0.025759	1071
0.025782	1074.4
0.025804	1077.8
0.025826	1081.2
0.025848	1084.6
0.025869	1088
0.025889	1091.4
0.02591	1094.8
0.025929	1098.3
0.025948	1101.7
0.025967	1105.1
0.025985	1108.5
0.026002	1111.9
0.02602	1115.3
0.026036	1118.7
0.026052	1122.1
0.026068	1125.5
0.026083	1129
0.026098	1132.4
0.026112	1135.8
0.026126	1139.2
0.026139	1142.6
0.026152	1146
0.026165	1149.4
0.026176	1152.8
0.026188	1156.2
0.026199	1159.6
0.026209	1163.1
0.026219	1166.5
0.026229	1169.9
0.026238	1173.3
0.026247	1176.7
0.026255	1180.1
0.026262	1183.5
0.02627	1186.9
0.026276	1190.3
0.026283	1193.8
0.026288	1197.2
0.026294	1200.6
0.026299	1204
0.026303	1207.4
0.026307	1210.8
0.026311	1214.2
0.026314	1217.6
0.026317	1221
0.026319	1224.5
0.026321	1227.9
0.026322	1231.3
0.026323	1234.7
0.026323	1238.1
0.026323	1241.5
0.026323	1244.9
0.026322	1248.3
0.026321	1251.7
0.026319	1255.1
0.026317	1258.6
0.026314	1262
0.026311	1265.4
0.026308	1268.8
0.026304	1272.2
0.0263	1275.6
0.026295	1279
0.02629	1282.4
0.026284	1285.8
0.026278	1289.3
0.026272	1292.7
0.026265	1296.1
0.026258	1299.5
0.02625	1302.9
0.026242	1306.3
0.026234	1309.7
0.026225	1313.1
0.026216	1316.5
0.026206	1320
0.026196	1323.4
0.026185	1326.8
0.026174	1330.2
0.026163	1333.6
0.026151	1337
0.026139	1340.4
0.026127	1343.8
0.026114	1347.2
0.026101	1350.6
0.026087	1354.1
0.026073	1357.5
0.026059	1360.9
0.026044	1364.3
0.026029	1367.7
0.026013	1371.1
0.025997	1374.5
0.025981	1377.9
0.025964	1381.3
0.025947	1384.8
0.02593	1388.2
0.025912	1391.6
0.025894	1395
0.025875	1398.4
0.025856	1401.8
0.025837	1405.2
0.025817	1408.6
0.025797	1412
0.025777	1415.5
0.025756	1418.9
0.025735	1422.3
0.025714	1425.7
0.025692	1429.1
0.02567	1432.5
0.025647	1435.9
0.025625	1439.3
0.025601	1442.7
0.025578	1446.1
0.025554	1449.6
0.02553	1453
0.025505	1456.4
0.025481	1459.8
0.025455	1463.2
0.02543	1466.6
0.025404	1470
0.025378	1473.4
0.025351	1476.8
0.025325	1480.3
0.025298	1483.7
0.02527	1487.1
0.025242	1490.5
0.025214	1493.9
0.025186	1497.3
0.025157	1500.7
0.025128	1504.1
0.025099	1507.5
0.025069	1511
0.025039	1514.4
0.025009	1517.8
0.024979	1521.2
0.024948	1524.6
0.024917	1528
0.024885	1531.4
0.024854	1534.8
0.024822	1538.2
0.024789	1541.6
0.024757	1545.1
0.024724	1548.5
0.024691	1551.9
0.024657	1555.3
0.024624	1558.7
0.02459	1562.1
0.024555	1565.5
0.024521	1568.9
0.024486	1572.3
0.024451	1575.8
0.024416	1579.2
0.02438	1582.6
0.024344	1586
0.024308	1589.4
0.024272	1592.8
0.024235	1596.2
0.024198	1599.6
0.024161	1603
0.024123	1606.5
0.024086	1609.9
0.024048	1613.3
0.02401	1616.7
0.023971	1620.1
0.023933	1623.5
0.023894	1626.9
0.023855	1630.3
0.023815	1633.7
0.023776	1637.1
0.023736	1640.6
0.023696	1644
0.023655	1647.4
0.023615	1650.8
0.023574	1654.2
0.023533	1657.6
0.023492	1661
0.02345	1664.4
0.023409	1667.8
0.023367	1671.3
0.023325	1674.7
0.023282	1678.1
0.02324	1681.5
0.023197	1684.9
0.023154	1688.3
0.023111	1691.7
0.023068	1695.1
0.023024	1698.5
0.022981	1702
0.022937	1705.4
0.022893	1708.8
0.022848	1712.2
0.022804	1715.6
0.022759	1719
0.022714	1722.4
0.022669	1725.8
0.022624	1729.2
0.022578	1732.7
0.022533	1736.1
0.022487	1739.5
0.022441	1742.9
0.022395	1746.3
0.022348	1749.7
0.022302	1753.1
0.022255	1756.5
0.022208	1759.9
0.022161	1763.3
0.022114	1766.8
0.022067	1770.2
0.02202	1773.6
0.021972	1777
0.021924	1780.4
0.021876	1783.8
0.021828	1787.2
0.02178	1790.6
0.021731	1794
0.021683	1797.5
0.021634	1800.9
0.021585	1804.3
0.021536	1807.7
0.021487	1811.1
0.021438	1814.5
0.021388	1817.9
0.021339	1821.3
0.021289	1824.7
0.021239	1828.2
0.02119	1831.6
0.02114	1835
0.021089	1838.4
0.021039	1841.8
0.020989	1845.2
0.020938	1848.6
0.020887	1852
0.020837	1855.4
0.020786	1858.8
0.020735	1862.3
0.020684	1865.7
0.020632	1869.1
0.020581	1872.5
0.02053	1875.9
0.020478	1879.3
0.020427	1882.7
0.020375	1886.1
0.020323	1889.5
0.020271	1893
0.020219	1896.4
0.020167	1899.8
0.020115	1903.2
0.020062	1906.6
0.02001	1910
0.019957	1913.4
0.019905	1916.8
0.019852	1920.2
0.0198	1923.7
0.019747	1927.1
0.019694	1930.5
0.019641	1933.9
0.019588	1937.3
0.019535	1940.7
0.019482	1944.1
0.019428	1947.5
0.019375	1950.9
0.019322	1954.3
0.019268	1957.8
0.019215	1961.2
0.019161	1964.6
0.019107	1968
0.019054	1971.4
0.019	1974.8
0.018946	1978.2
0.018892	1981.6
0.018838	1985
0.018784	1988.5
0.01873	1991.9
0.018676	1995.3
0.018622	1998.7
0.018568	2002.1
0.018514	2005.5
0.01846	2008.9
0.018406	2012.3
0.018351	2015.7
0.018297	2019.2
0.018243	2022.6
0.018188	2026
0.018134	2029.4
0.018079	2032.8
0.018025	2036.2
0.01797	2039.6
0.017916	2043
0.017861	2046.4
0.017807	2049.8
0.017752	2053.3
0.017697	2056.7
0.017643	2060.1
0.017588	2063.5
0.017533	2066.9
0.017479	2070.3
0.017424	2073.7
0.017369	2077.1
0.017315	2080.5
0.01726	2084
0.017205	2087.4
0.01715	2090.8
0.017096	2094.2
0.017041	2097.6
0.016986	2101
0.016931	2104.4
0.016877	2107.8
0.016822	2111.2
0.016767	2114.7
0.016712	2118.1
0.016658	2121.5
0.016603	2124.9
0.016548	2128.3
0.016494	2131.7
0.016439	2135.1
0.016384	2138.5
0.01633	2141.9
0.016275	2145.3
0.01622	2148.8
0.016166	2152.2
0.016111	2155.6
0.016057	2159
0.016002	2162.4
0.015948	2165.8
0.015893	2169.2
0.015839	2172.6
0.015784	2176
0.01573	2179.5
0.015676	2182.9
0.015621	2186.3
0.015567	2189.7
0.015513	2193.1
0.015458	2196.5
0.015404	2199.9
0.01535	2203.3
0.015296	2206.7
0.015242	2210.2
0.015188	2213.6
0.015134	2217
0.01508	2220.4
0.015026	2223.8
0.014972	2227.2
0.014918	2230.6
0.014865	2234
0.014811	2237.4
0.014757	2240.8
0.014704	2244.3
0.01465	2247.7
0.014596	2251.1
0.014543	2254.5
0.01449	2257.9
0.014436	2261.3
0.014383	2264.7
0.01433	2268.1
0.014277	2271.5
0.014223	2275
0.01417	2278.4
0.014117	2281.8
0.014064	2285.2
0.014012	2288.6
0.013959	2292
0.013906	2295.4
0.013853	2298.8
0.013801	2302.2
0.013748	2305.7
0.013696	2309.1
0.013643	2312.5
0.013591	2315.9
0.013539	2319.3
0.013487	2322.7
0.013435	2326.1
0.013383	2329.5
0.013331	2332.9
0.013279	2336.3
0.013227	2339.8
0.013175	2343.2
0.013124	2346.6
0.013072	2350
0.013021	2353.4
0.012969	2356.8
0.012918	2360.2
0.012867	2363.6
0.012815	2367
0.012764	2370.5
0.012713	2373.9
0.012663	2377.3
0.012612	2380.7
0.012561	2384.1
0.01251	2387.5
0.01246	2390.9
0.012409	2394.3
0.012359	2397.7
0.012309	2401.2
0.012259	2404.6
0.012209	2408
0.012159	2411.4
0.012109	2414.8
0.012059	2418.2
0.012009	2421.6
0.01196	2425
0.01191	2428.4
0.011861	2431.8
0.011812	2435.3
0.011762	2438.7
0.011713	2442.1
0.011664	2445.5
0.011615	2448.9
0.011567	2452.3
0.011518	2455.7
0.011469	2459.1
0.011421	2462.5
0.011372	2466
0.011324	2469.4
0.011276	2472.8
0.011228	2476.2
0.01118	2479.6
0.011132	2483
0.011084	2486.4
0.011037	2489.8
0.010989	2493.2
0.010942	2496.7
0.010895	2500.1
0.010847	2503.5
0.0108	2506.9
0.010753	2510.3
0.010706	2513.7
0.01066	2517.1
0.010613	2520.5
0.010567	2523.9
0.01052	2527.3
0.010474	2530.8
0.010428	2534.2
0.010382	2537.6
0.010336	2541
0.01029	2544.4
0.010244	2547.8
0.010198	2551.2
0.010153	2554.6
0.010108	2558
0.010062	2561.5
0.010017	2564.9
0.0099722	2568.3
0.0099273	2571.7
0.0098826	2575.1
0.0098379	2578.5
0.0097934	2581.9
0.009749	2585.3
0.0097047	2588.7
0.0096605	2592.2
0.0096165	2595.6
0.0095725	2599
0.0095287	2602.4
0.0094851	2605.8
0.0094415	2609.2
0.0093981	2612.6
0.0093548	2616
0.0093116	2619.4
0.0092685	2622.9
0.0092256	2626.3
0.0091828	2629.7
0.0091401	2633.1
0.0090975	2636.5
0.0090551	2639.9
0.0090127	2643.3
0.0089706	2646.7
0.0089285	2650.1
0.0088866	2653.5
0.0088448	2657
0.0088031	2660.4
0.0087615	2663.8
0.0087201	2667.2
0.0086788	2670.6
0.0086376	2674
0.0085966	2677.4
0.0085557	2680.8
0.0085149	2684.2
0.0084742	2687.7
0.0084337	2691.1
0.0083933	2694.5
0.008353	2697.9
0.0083129	2701.3
0.0082729	2704.7
0.008233	2708.1
0.0081932	2711.5
0.0081536	2714.9
0.0081141	2718.4
0.0080747	2721.8
0.0080355	2725.2
0.0079964	2728.6
0.0079574	2732
0.0079186	2735.4
0.0078798	2738.8
0.0078413	2742.2
0.0078028	2745.6
0.0077645	2749
0.0077263	2752.5
0.0076882	2755.9
0.0076503	2759.3
0.0076125	2762.7
0.0075748	2766.1
0.0075373	2769.5
0.0074999	2772.9
0.0074626	2776.3
0.0074254	2779.7
0.0073884	2783.2
0.0073516	2786.6
0.0073148	2790
0.0072782	2793.4
0.0072417	2796.8
0.0072053	2800.2
0.0071691	2803.6
0.007133	2807
0.0070971	2810.4
0.0070612	2813.9
0.0070255	2817.3
0.00699	2820.7
0.0069545	2824.1
0.0069192	2827.5
0.006884	2830.9
0.006849	2834.3
0.0068141	2837.7
0.0067793	2841.1
0.0067447	2844.5
0.0067101	2848
0.0066758	2851.4
0.0066415	2854.8
0.0066074	2858.2
0.0065734	2861.6
0.0065395	2865
0.0065058	2868.4
0.0064722	2871.8
0.0064388	2875.2
0.0064054	2878.7
0.0063722	2882.1
0.0063391	2885.5
0.0063062	2888.9
0.0062734	2892.3
0.0062407	2895.7
0.0062082	2899.1
0.0061757	2902.5
0.0061434	2905.9
0.0061113	2909.4
0.0060793	2912.8
0.0060474	2916.2
0.0060156	2919.6
0.0059839	2923
0.0059524	2926.4
0.005921	2929.8
0.0058898	2933.2
0.0058587	2936.6
0.0058277	2940
0.0057968	2943.5
0.0057661	2946.9
0.0057355	2950.3
0.005705	2953.7
0.0056746	2957.1
0.0056444	2960.5
0.0056143	2963.9
0.0055844	2967.3
0.0055545	2970.7
0.0055248	2974.2
0.0054952	2977.6
0.0054658	2981
0.0054364	2984.4
0.0054072	2987.8
0.0053782	2991.2
0.0053492	2994.6
0.0053204	2998
0.0052917	3001.4
0.0052631	3004.9
0.0052347	3008.3
0.0052064	3011.7
0.0051782	3015.1
0.0051501	3018.5
0.0051222	3021.9
0.0050943	3025.3
0.0050667	3028.7
0.0050391	3032.1
0.0050116	3035.5
0.0049843	3039
0.0049571	3042.4
0.0049301	3045.8
0.0049031	3049.2
0.0048763	3052.6
0.0048496	3056
0.004823	3059.4
0.0047966	3062.8
0.0047702	3066.2
0.004744	3069.7
0.0047179	3073.1
0.004692	3076.5
0.0046661	3079.9
0.0046404	3083.3
0.0046148	3086.7
0.0045893	3090.1
0.004564	3093.5
0.0045387	3096.9
0.0045136	3100.4
0.0044886	3103.8
0.0044637	3107.2
0.004439	3110.6
0.0044143	3114
0.0043898	3117.4
0.0043654	3120.8
0.0043411	3124.2
0.004317	3127.6
0.0042929	3131
0.004269	3134.5
0.0042452	3137.9
0.0042215	3141.3
0.0041979	3144.7
0.0041745	3148.1
0.0041511	3151.5
0.0041279	3154.9
0.0041048	3158.3
0.0040818	3161.7
0.0040589	3165.2
0.0040362	3168.6
0.0040135	3172
0.003991	3175.4
0.0039686	3178.8
0.0039463	3182.2
0.0039241	3185.6
0.003902	3189
0.00388	3192.4
0.0038582	3195.9
0.0038365	3199.3
0.0038148	3202.7
0.0037933	3206.1
0.0037719	3209.5
0.0037506	3212.9
0.0037295	3216.3
0.0037084	3219.7
0.0036875	3223.1
0.0036666	3226.5
0.0036459	3230
0.0036253	3233.4
0.0036048	3236.8
0.0035844	3240.2
0.0035641	3243.6
0.0035439	3247
0.0035238	3250.4
0.0035039	3253.8
0.003484	3257.2
0.0034643	3260.7
0.0034446	3264.1
0.0034251	3267.5
0.0034057	3270.9
0.0033864	3274.3
0.0033672	3277.7
0.0033481	3281.1
0.0033291	3284.5
0.0033102	3287.9
0.0032914	3291.4
0.0032727	3294.8
0.0032541	3298.2
0.0032357	3301.6
0.0032173	3305
0.003199	3308.4
0.0031809	3311.8
0.0031628	3315.2
0.0031449	3318.6
0.003127	3322
0.0031093	3325.5
0.0030916	3328.9
0.0030741	3332.3
0.0030566	3335.7
0.0030393	3339.1
0.0030221	3342.5
0.0030049	3345.9
0.0029879	3349.3
0.002971	3352.7
0.0029541	3356.2
0.0029374	3359.6
0.0029208	3363
0.0029042	3366.4
0.0028878	3369.8
0.0028715	3373.2
0.0028552	3376.6
0.0028391	3380
0.0028231	3383.4
0.0028071	3386.9
0.0027913	3390.3
0.0027755	3393.7
0.0027599	3397.1
0.0027443	3400.5
0.0027289	3403.9
0.0027135	3407.3
0.0026982	3410.7
0.002683	3414.1
0.002668	3417.6
0.002653	3421
0.0026381	3424.4
0.0026233	3427.8
0.0026086	3431.2
0.002594	3434.6
0.0025795	3438
0.0025651	3441.4
0.0025508	3444.8
0.0025365	3448.2
0.0025224	3451.7
0.0025083	3455.1
0.0024944	3458.5
0.0024805	3461.9
0.0024668	3465.3
0.0024531	3468.7
0.0024395	3472.1
0.002426	3475.5
0.0024126	3478.9
0.0023993	3482.4
0.002386	3485.8
0.0023729	3489.2
0.0023598	3492.6
0.0023469	3496
0.002334	3499.4
0.0023212	3502.8
0.0023085	3506.2
0.0022959	3509.6
0.0022834	3513.1
0.002271	3516.5
0.0022586	3519.9
0.0022464	3523.3
0.0022342	3526.7
0.0022221	3530.1
0.0022101	3533.5
0.0021982	3536.9
0.0021864	3540.3
0.0021746	3543.7
0.002163	3547.2
0.0021514	3550.6
0.0021399	3554
0.0021285	3557.4
0.0021172	3560.8
0.0021059	3564.2
0.0020948	3567.6
0.0020837	3571
0.0020727	3574.4
0.0020618	3577.9
0.002051	3581.3
0.0020403	3584.7
0.0020296	3588.1
0.0020191	3591.5
0.0020086	3594.9
0.0019982	3598.3
0.0019878	3601.7
0.0019776	3605.1
0.0019674	3608.6
0.0019573	3612
0.0019473	3615.4
0.0019374	3618.8
0.0019276	3622.2
0.0019178	3625.6
0.0019081	3629
0.0018985	3632.4
0.001889	3635.8
0.0018795	3639.2
0.0018702	3642.7
0.0018609	3646.1
0.0018517	3649.5
0.0018426	3652.9
0.0018335	3656.3
0.0018245	3659.7
0.0018156	3663.1
0.0018068	3666.5
0.0017981	3669.9
0.0017894	3673.4
0.0017808	3676.8
0.0017723	3680.2
0.0017639	3683.6
0.0017555	3687
0.0017472	3690.4
0.001739	3693.8
0.0017309	3697.2
0.0017228	3700.6
0.0017148	3704.1
0.0017069	3707.5
0.0016991	3710.9
0.0016913	3714.3
0.0016837	3717.7
0.001676	3721.1
0.0016685	3724.5
0.0016611	3727.9
0.0016537	3731.3
0.0016464	3734.7
0.0016391	3738.2
0.001632	3741.6
0.0016249	3745
0.0016178	3748.4
0.0016109	3751.8
0.001604	3755.2
0.0015972	3758.6
0.0015905	3762
0.0015839	3765.4
0.0015773	3768.9
0.0015708	3772.3
0.0015643	3775.7
0.001558	3779.1
0.0015517	3782.5
0.0015454	3785.9
0.0015393	3789.3
0.0015332	3792.7
0.0015272	3796.1
0.0015213	3799.6
0.0015154	3803
0.0015096	3806.4
0.0015039	3809.8
0.0014982	3813.2
0.0014926	3816.6
0.0014871	3820
0.0014817	3823.4
0.0014763	3826.8
0.001471	3830.2
0.0014658	3833.7
0.0014606	3837.1
0.0014555	3840.5
0.0014505	3843.9
0.0014456	3847.3
0.0014407	3850.7
0.0014359	3854.1
0.0014311	3857.5
0.0014264	3860.9
0.0014218	3864.4
0.0014173	3867.8
0.0014128	3871.2
0.0014084	3874.6
0.0014041	3878
0.0013998	3881.4
0.0013956	3884.8
0.0013915	3888.2
0.0013874	3891.6
0.0013835	3895.1
0.0013795	3898.5
0.0013757	3901.9
0.0013719	3905.3
0.0013682	3908.7
0.0013645	3912.1
0.001361	3915.5
0.0013575	3918.9
0.001354	3922.3
0.0013506	3925.7
0.0013473	3929.2
0.0013441	3932.6
0.0013409	3936
0.0013378	3939.4
0.0013348	3942.8
0.0013318	3946.2
0.0013289	3949.6
0.0013261	3953
0.0013233	3956.4
0.0013206	3959.9
0.001318	3963.3
0.0013154	3966.7
0.0013129	3970.1
0.0013105	3973.5
0.0013081	3976.9
0.0013058	3980.3
0.0013036	3983.7
0.0013014	3987.1
0.0012993	3990.6
0.0012973	3994
0.0012954	3997.4
0.0012935	4000.8
0.0012917	4004.2
0.0012899	4007.6
0.0012882	4011
0.0012866	4014.4
0.001285	4017.8
0.0012836	4021.2
0.0012821	4024.7
0.0012808	4028.1
0.0012795	4031.5
0.0012783	4034.9
0.0012772	4038.3
0.0012761	4041.7
0.0012751	4045.1
0.0012742	4048.5
0.0012733	4051.9
0.0012725	4055.4
0.0012718	4058.8
0.0012711	4062.2
0.0012705	4065.6
0.00127	4069
0.0012695	4072.4
0.0012691	4075.8
0.0012688	4079.2
0.0012686	4082.6
0.0012684	4086.1
0.0012683	4089.5
0.0012683	4092.9
0.0012683	4096.3
0.0012684	4099.7
0.0012686	4103.1
0.0012688	4106.5
0.0012691	4109.9
0.0012695	4113.3
0.0012699	4116.7
0.0012705	4120.2
0.0012711	4123.6
0.0012717	4127
0.0012725	4130.4
0.0012733	4133.8
0.0012742	4137.2
0.0012751	4140.6
0.0012761	4144
0.0012772	4147.4
0.0012784	4150.9
0.0012796	4154.3
0.001281	4157.7
0.0012823	4161.1
0.0012838	4164.5
0.0012853	4167.9
0.0012869	4171.3
0.0012886	4174.7
0.0012904	4178.1
0.0012922	4181.6
0.0012941	4185
0.0012961	4188.4
0.0012981	4191.8
0.0013003	4195.2
0.0013025	4198.6
0.0013048	4202
0.0013071	4205.4
0.0013095	4208.8
0.0013121	4212.2
0.0013146	4215.7
0.0013173	4219.1
0.00132	4222.5
0.0013229	4225.9
0.0013258	4229.3
0.0013287	4232.7
0.0013318	4236.1
0.0013349	4239.5
0.0013381	4242.9
0.0013414	4246.4
0.0013448	4249.8
0.0013482	4253.2
0.0013518	4256.6
0.0013554	4260
