1.209e-09	0
6.1016e-05	1.1449
0.00012203	2.2898
0.00018305	3.4347
0.00024408	4.5797
0.00030511	5.7246
0.00036615	6.8695
0.0004272	8.0144
0.00048826	9.1593
0.00054933	10.304
0.00061042	11.449
0.00067153	12.594
0.00073265	13.739
0.00079379	14.884
0.00085496	16.029
0.00091615	17.174
0.00097736	18.319
0.0010386	19.464
0.0010999	20.608
0.0011612	21.753
0.0012225	22.898
0.0012838	24.043
0.0013452	25.188
0.0014067	26.333
0.0014681	27.478
0.0015296	28.623
0.0015912	29.768
0.0016528	30.913
0.0017144	32.058
0.0017761	33.203
0.0018378	34.347
0.0018996	35.492
0.0019614	36.637
0.0020233	37.782
0.0020853	38.927
0.0021473	40.072
0.0022093	41.217
0.0022714	42.362
0.0023336	43.507
0.0023958	44.652
0.0024581	45.797
0.0025205	46.942
0.0025829	48.086
0.0026454	49.231
0.0027079	50.376
0.0027706	51.521
0.0028333	52.666
0.0028961	53.811
0.0029589	54.956
0.0030219	56.101
0.0030849	57.246
0.003148	58.391
0.0032112	59.536
0.0032744	60.681
0.0033378	61.825
0.0034012	62.97
0.0034647	64.115
0.0035284	65.26
0.0035921	66.405
0.0036559	67.55
0.0037198	68.695
0.0037837	69.84
0.0038478	70.985
0.003912	72.13
0.0039763	73.275
0.0040407	74.42
0.0041052	75.564
0.0041698	76.709
0.0042345	77.854
0.0042993	78.999
0.0043642	80.144
0.0044293	81.289
0.0044944	82.434
0.0045597	83.579
0.0046251	84.724
0.0046906	85.869
0.0047562	87.014
0.0048219	88.159
0.0048878	89.303
0.0049537	90.448
0.0050198	91.593
0.0050861	92.738
0.0051524	93.883
0.0052189	95.028
0.0052855	96.173
0.0053522	97.318
0.0054191	98.463
0.0054861	99.608
0.0055532	100.75
0.0056205	101.9
0.0056879	103.04
0.0057555	104.19
0.0058232	105.33
0.005891	106.48
0.0059589	107.62
0.0060271	108.77
0.0060953	109.91
0.0061637	111.06
0.0062322	112.2
0.0063009	113.35
0.0063698	114.49
0.0064387	115.64
0.0065079	116.78
0.0065772	117.93
0.0066466	119.07
0.0067162	120.22
0.0067859	121.36
0.0068558	122.51
0.0069258	123.65
0.006996	124.8
0.0070664	125.94
0.0071369	127.09
0.0072075	128.23
0.0072784	129.38
0.0073493	130.52
0.0074205	131.67
0.0074918	132.81
0.0075632	133.96
0.0076348	135.1
0.0077066	136.24
0.0077785	137.39
0.0078506	138.53
0.0079229	139.68
0.0079953	140.82
0.0080679	141.97
0.0081406	143.11
0.0082135	144.26
0.0082866	145.4
0.0083598	146.55
0.0084332	147.69
0.0085068	148.84
0.0085805	149.98
0.0086544	151.13
0.0087285	152.27
0.0088027	153.42
0.0088771	154.56
0.0089516	155.71
0.0090263	156.85
0.0091012	158
0.0091762	159.14
0.0092515	160.29
0.0093268	161.43
0.0094024	162.58
0.0094781	163.72
0.009554	164.87
0.00963	166.01
0.0097062	167.16
0.0097826	168.3
0.0098592	169.45
0.0099359	170.59
0.010013	171.74
0.01009	172.88
0.010167	174.03
0.010244	175.17
0.010322	176.32
0.0104	177.46
0.010478	178.61
0.010556	179.75
0.010634	180.9
0.010712	182.04
0.010791	183.19
0.010869	184.33
0.010948	185.48
0.011027	186.62
0.011107	187.77
0.011186	188.91
0.011266	190.06
0.011345	191.2
0.011425	192.35
0.011505	193.49
0.011585	194.64
0.011666	195.78
0.011746	196.93
0.011827	198.07
0.011908	199.22
0.011989	200.36
0.01207	201.51
0.012151	202.65
0.012233	203.8
0.012315	204.94
0.012396	206.08
0.012478	207.23
0.012561	208.37
0.012643	209.52
0.012726	210.66
0.012808	211.81
0.012891	212.95
0.012974	214.1
0.013057	215.24
0.01314	216.39
0.013224	217.53
0.013307	218.68
0.013391	219.82
0.013475	220.97
0.013559	222.11
0.013644	223.26
0.013728	224.4
0.013813	225.55
0.013897	226.69
0.013982	227.84
0.014067	228.98
0.014152	230.13
0.014238	231.27
0.014323	232.42
0.014409	233.56
0.014495	234.71
0.014581	235.85
0.014667	237
0.014753	238.14
0.014839	239.29
0.014926	240.43
0.015012	241.58
0.015099	242.72
0.015186	243.87
0.015273	245.01
0.015361	246.16
0.015448	247.3
0.015536	248.45
0.015623	249.59
0.015711	250.74
0.015799	251.88
0.015887	253.03
0.015976	254.17
0.016064	255.32
0.016153	256.46
0.016241	257.61
0.01633	258.75
0.016419	259.9
0.016508	261.04
0.016597	262.19
0.016687	263.33
0.016776	264.48
0.016866	265.62
0.016956	266.77
0.017045	267.91
0.017135	269.06
0.017226	270.2
0.017316	271.35
0.017406	272.49
0.017497	273.63
0.017587	274.78
0.017678	275.92
0.017769	277.07
0.01786	278.21
0.017951	279.36
0.018042	280.5
0.018134	281.65
0.018225	282.79
0.018316	283.94
0.018408	285.08
0.0185	286.23
0.018592	287.37
0.018684	288.52
0.018776	289.66
0.018868	290.81
0.01896	291.95
0.019053	293.1
0.019145	294.24
0.019238	295.39
0.019331	296.53
0.019423	297.68
0.019516	298.82
0.019609	299.97
0.019702	301.11
0.019795	302.26
0.019889	303.4
0.019982	304.55
0.020076	305.69
0.020169	306.84
0.020263	307.98
0.020356	309.13
0.02045	310.27
0.020544	311.42
0.020638	312.56
0.020732	313.71
0.020826	314.85
0.02092	316
0.021014	317.14
0.021108	318.29
0.021203	319.43
0.021297	320.58
0.021391	321.72
0.021486	322.87
0.021581	324.01
0.021675	325.16
0.02177	326.3
0.021865	327.45
0.021959	328.59
0.022054	329.74
0.022149	330.88
0.022244	332.03
0.022339	333.17
0.022434	334.32
0.022529	335.46
0.022624	336.61
0.022719	337.75
0.022814	338.9
0.022909	340.04
0.023005	341.18
0.0231	342.33
0.023195	343.47
0.02329	344.62
0.023386	345.76
0.023481	346.91
0.023576	348.05
0.023671	349.2
0.023767	350.34
0.023862	351.49
0.023958	352.63
0.024053	353.78
0.024148	354.92
0.024244	356.07
0.024339	357.21
0.024434	358.36
0.02453	359.5
0.024625	360.65
0.02472	361.79
0.024816	362.94
0.024911	364.08
0.025006	365.23
0.025101	366.37
0.025197	367.52
0.025292	368.66
0.025387	369.81
0.025482	370.95
0.025577	372.1
0.025672	373.24
0.025767	374.39
0.025862	375.53
0.025957	376.68
0.026052	377.82
0.026147	378.97
0.026242	380.11
0.026336	381.26
0.026431	382.4
0.026526	383.55
0.02662	384.69
0.026715	385.84
0.026809	386.98
0.026903	388.13
0.026998	389.27
0.027092	390.42
0.027186	391.56
0.02728	392.71
0.027374	393.85
0.027468	395
0.027561	396.14
0.027655	397.29
0.027749	398.43
0.027842	399.58
0.027936	400.72
0.028029	401.87
0.028122	403.01
0.028215	404.16
0.028308	405.3
0.028401	406.45
0.028493	407.59
0.028586	408.73
0.028678	409.88
0.028771	411.02
0.028863	412.17
0.028955	413.31
0.029047	414.46
0.029139	415.6
0.02923	416.75
0.029322	417.89
0.029413	419.04
0.029504	420.18
0.029595	421.33
0.029686	422.47
0.029777	423.62
0.029867	424.76
0.029958	425.91
0.030048	427.05
0.030138	428.2
0.030228	429.34
0.030317	430.49
0.030407	431.63
0.030496	432.78
0.030585	433.92
0.030674	435.07
0.030763	436.21
0.030852	437.36
0.03094	438.5
0.031028	439.65
0.031116	440.79
0.031204	441.94
0.031291	443.08
0.031379	444.23
0.031466	445.37
0.031553	446.52
0.031639	447.66
0.031726	448.81
0.031812	449.95
0.031898	451.1
0.031983	452.24
0.032069	453.39
0.032154	454.53
0.032239	455.68
0.032324	456.82
0.032408	457.97
0.032493	459.11
0.032577	460.26
0.03266	461.4
0.032744	462.55
0.032827	463.69
0.03291	464.84
0.032992	465.98
0.033075	467.13
0.033157	468.27
0.033239	469.42
0.03332	470.56
0.033401	471.71
0.033482	472.85
0.033563	474
0.033643	475.14
0.033723	476.29
0.033803	477.43
0.033882	478.57
0.033961	479.72
0.03404	480.86
0.034118	482.01
0.034196	483.15
0.034274	484.3
0.034352	485.44
0.034429	486.59
0.034505	487.73
0.034582	488.88
0.034658	490.02
0.034734	491.17
0.034809	492.31
0.034884	493.46
0.034959	494.6
0.035033	495.75
0.035107	496.89
0.035181	498.04
0.035254	499.18
0.035327	500.33
0.035399	501.47
0.035471	502.62
0.035543	503.76
0.035615	504.91
0.035686	506.05
0.035756	507.2
0.035826	508.34
0.035896	509.49
0.035966	510.63
0.036035	511.78
0.036104	512.92
0.036172	514.07
0.03624	515.21
0.036307	516.36
0.036374	517.5
0.036441	518.65
0.036507	519.79
0.036573	520.94
0.036638	522.08
0.036703	523.23
0.036768	524.37
0.036832	525.52
0.036895	526.66
0.036959	527.81
0.037021	528.95
0.037084	530.1
0.037146	531.24
0.037207	532.39
0.037268	533.53
0.037329	534.68
0.037389	535.82
0.037448	536.97
0.037508	538.11
0.037566	539.26
0.037625	540.4
0.037682	541.55
0.03774	542.69
0.037796	543.84
0.037853	544.98
0.037909	546.12
0.037964	547.27
0.038019	548.41
0.038073	549.56
0.038127	550.7
0.03818	551.85
0.038233	552.99
0.038286	554.14
0.038338	555.28
0.038389	556.43
0.03844	557.57
0.03849	558.72
0.03854	559.86
0.038589	561.01
0.038638	562.15
0.038686	563.3
0.038734	564.44
0.038781	565.59
0.038828	566.73
0.038874	567.88
0.03892	569.02
0.038965	570.17
0.03901	571.31
0.039054	572.46
0.039097	573.6
0.03914	574.75
0.039183	575.89
0.039225	577.04
0.039266	578.18
0.039307	579.33
0.039347	580.47
0.039387	581.62
0.039426	582.76
0.039464	583.91
0.039503	585.05
0.03954	586.2
0.039577	587.34
0.039613	588.49
0.039649	589.63
0.039684	590.78
0.039719	591.92
0.039753	593.07
0.039787	594.21
0.03982	595.36
0.039852	596.5
0.039884	597.65
0.039915	598.79
0.039946	599.94
0.039976	601.08
0.040005	602.23
0.040034	603.37
0.040062	604.52
0.04009	605.66
0.040117	606.81
0.040144	607.95
0.040169	609.1
0.040195	610.24
0.040219	611.39
0.040244	612.53
0.040267	613.67
0.04029	614.82
0.040312	615.96
0.040334	617.11
0.040355	618.25
0.040376	619.4
0.040396	620.54
0.040415	621.69
0.040433	622.83
0.040451	623.98
0.040469	625.12
0.040486	626.27
0.040502	627.41
0.040517	628.56
0.040532	629.7
0.040546	630.85
0.04056	631.99
0.040573	633.14
0.040586	634.28
0.040597	635.43
0.040608	636.57
0.040619	637.72
0.040629	638.86
0.040638	640.01
0.040647	641.15
0.040654	642.3
0.040662	643.44
0.040668	644.59
0.040674	645.73
0.04068	646.88
0.040685	648.02
0.040689	649.17
0.040692	650.31
0.040695	651.46
0.040697	652.6
0.040699	653.75
0.040699	654.89
0.0407	656.04
0.040699	657.18
0.040698	658.33
0.040696	659.47
0.040694	660.62
0.040691	661.76
0.040687	662.91
0.040683	664.05
0.040678	665.2
0.040672	666.34
0.040666	667.49
0.040659	668.63
0.040652	669.78
0.040643	670.92
0.040635	672.07
0.040625	673.21
0.040615	674.36
0.040604	675.5
0.040592	676.65
0.04058	677.79
0.040567	678.94
0.040554	680.08
0.04054	681.22
0.040525	682.37
0.04051	683.51
0.040493	684.66
0.040477	685.8
0.040459	686.95
0.040441	688.09
0.040422	689.24
0.040403	690.38
0.040383	691.53
0.040362	692.67
0.040341	693.82
0.040319	694.96
0.040296	696.11
0.040273	697.25
0.040249	698.4
0.040224	699.54
0.040199	700.69
0.040173	701.83
0.040146	702.98
0.040118	704.12
0.04009	705.27
0.040062	706.41
0.040032	707.56
0.040002	708.7
0.039972	709.85
0.039941	710.99
0.039909	712.14
0.039876	713.28
0.039843	714.43
0.039809	715.57
0.039774	716.72
0.039739	717.86
0.039703	719.01
0.039666	720.15
0.039629	721.3
0.039591	722.44
0.039552	723.59
0.039513	724.73
0.039473	725.88
0.039432	727.02
0.039391	728.17
0.039349	729.31
0.039307	730.46
0.039263	731.6
0.03922	732.75
0.039175	733.89
0.03913	735.04
0.039084	736.18
0.039037	737.33
0.03899	738.47
0.038942	739.62
0.038894	740.76
0.038845	741.91
0.038795	743.05
0.038745	744.2
0.038693	745.34
0.038642	746.49
0.038589	747.63
0.038536	748.78
0.038483	749.92
0.038428	751.06
0.038373	752.21
0.038318	753.35
0.038261	754.5
0.038204	755.64
0.038147	756.79
0.038089	757.93
0.03803	759.08
0.03797	760.22
0.03791	761.37
0.037849	762.51
0.037788	763.66
0.037726	764.8
0.037663	765.95
0.0376	767.09
0.037536	768.24
0.037471	769.38
0.037406	770.53
0.03734	771.67
0.037274	772.82
0.037207	773.96
0.037139	775.11
0.037071	776.25
0.037002	777.4
0.036932	778.54
0.036862	779.69
0.036791	780.83
0.036719	781.98
0.036647	783.12
0.036575	784.27
0.036501	785.41
0.036427	786.56
0.036353	787.7
0.036277	788.85
0.036202	789.99
0.036125	791.14
0.036048	792.28
0.03597	793.43
0.035892	794.57
0.035813	795.72
0.035734	796.86
0.035654	798.01
0.035573	799.15
0.035492	800.3
0.03541	801.44
0.035327	802.59
0.035244	803.73
0.03516	804.88
0.035076	806.02
0.034991	807.17
0.034906	808.31
0.03482	809.46
0.034733	810.6
0.034646	811.75
0.034558	812.89
0.034469	814.04
0.03438	815.18
0.034291	816.33
0.0342	817.47
0.03411	818.61
0.034018	819.76
0.033926	820.9
0.033834	822.05
0.033741	823.19
0.033647	824.34
0.033553	825.48
0.033458	826.63
0.033362	827.77
0.033266	828.92
0.03317	830.06
0.033073	831.21
0.032975	832.35
0.032877	833.5
0.032778	834.64
0.032679	835.79
0.032579	836.93
0.032478	838.08
0.032377	839.22
0.032276	840.37
0.032174	841.51
0.032071	842.66
0.031968	843.8
0.031864	844.95
0.03176	846.09
0.031655	847.24
0.031549	848.38
0.031444	849.53
0.031337	850.67
0.03123	851.82
0.031123	852.96
0.031015	854.11
0.030906	855.25
0.030797	856.4
0.030687	857.54
0.030577	858.69
0.030466	859.83
0.030355	860.98
0.030244	862.12
0.030131	863.27
0.030019	864.41
0.029905	865.56
0.029792	866.7
0.029677	867.85
0.029563	868.99
0.029447	870.14
0.029332	871.28
0.029215	872.43
0.029099	873.57
0.028981	874.72
0.028864	875.86
0.028745	877.01
0.028627	878.15
0.028507	879.3
0.028388	880.44
0.028268	881.59
0.028147	882.73
0.028026	883.88
0.027904	885.02
0.027782	886.16
0.027659	887.31
0.027536	888.45
0.027413	889.6
0.027289	890.74
0.027164	891.89
0.02704	893.03
0.026914	894.18
0.026788	895.32
0.026662	896.47
0.026535	897.61
0.026408	898.76
0.026281	899.9
0.026153	901.05
0.026024	902.19
0.025895	903.34
0.025766	904.48
0.025636	905.63
0.025506	906.77
0.025375	907.92
0.025244	909.06
0.025112	910.21
0.02498	911.35
0.024848	912.5
0.024715	913.64
0.024582	914.79
0.024448	915.93
0.024314	917.08
0.024179	918.22
0.024044	919.37
0.023909	920.51
0.023773	921.66
0.023637	922.8
0.023501	923.95
0.023364	925.09
0.023226	926.24
0.023089	927.38
0.022951	928.53
0.022812	929.67
0.022673	930.82
0.022534	931.96
0.022394	933.11
0.022254	934.25
0.022114	935.4
0.021973	936.54
0.021832	937.69
0.02169	938.83
0.021548	939.98
0.021406	941.12
0.021264	942.27
0.021121	943.41
0.020977	944.56
0.020833	945.7
0.020689	946.85
0.020545	947.99
0.0204	949.14
0.020255	950.28
0.02011	951.43
0.019964	952.57
0.019818	953.71
0.019671	954.86
0.019525	956
0.019378	957.15
0.01923	958.29
0.019082	959.44
0.018934	960.58
0.018786	961.73
0.018637	962.87
0.018488	964.02
0.018339	965.16
0.018189	966.31
0.018039	967.45
0.017889	968.6
0.017738	969.74
0.017587	970.89
0.017436	972.03
0.017285	973.18
0.017133	974.32
0.016981	975.47
0.016829	976.61
0.016676	977.76
0.016523	978.9
0.01637	980.05
0.016217	981.19
0.016063	982.34
0.015909	983.48
0.015755	984.63
0.0156	985.77
0.015445	986.92
0.01529	988.06
0.015135	989.21
0.014979	990.35
0.014824	991.5
0.014667	992.64
0.014511	993.79
0.014355	994.93
0.014198	996.08
0.014041	997.22
0.013884	998.37
0.013726	999.51
0.013568	1000.7
0.01341	1001.8
0.013252	1002.9
0.013094	1004.1
0.012935	1005.2
0.012776	1006.4
0.012617	1007.5
0.012458	1008.7
0.012298	1009.8
0.012139	1011
0.011979	1012.1
0.011819	1013.3
0.011659	1014.4
0.011498	1015.5
0.011337	1016.7
0.011177	1017.8
0.011015	1019
0.010854	1020.1
0.010693	1021.3
0.010531	1022.4
0.010369	1023.6
0.010208	1024.7
0.010045	1025.8
0.0098831	1027
0.0097207	1028.1
0.009558	1029.3
0.0093953	1030.4
0.0092324	1031.6
0.0090693	1032.7
0.008906	1033.9
0.0087426	1035
0.0085791	1036.1
0.0084154	1037.3
0.0082516	1038.4
0.0080877	1039.6
0.0079236	1040.7
0.0077594	1041.9
0.007595	1043
0.0074306	1044.2
0.007266	1045.3
0.0071013	1046.5
0.0069364	1047.6
0.0067715	1048.7
0.0066064	1049.9
0.0064412	1051
0.0062759	1052.2
0.0061106	1053.3
0.0059451	1054.5
0.0057795	1055.6
0.0056138	1056.8
0.005448	1057.9
0.0052822	1059
0.0051162	1060.2
0.0049502	1061.3
0.0047841	1062.5
0.0046178	1063.6
0.0044516	1064.8
0.0042852	1065.9
0.0041188	1067.1
0.0039523	1068.2
0.0037858	1069.4
0.0036191	1070.5
0.0034524	1071.6
0.0032857	1072.8
0.0031189	1073.9
0.0029521	1075.1
0.0027852	1076.2
0.0026183	1077.4
0.0024513	1078.5
0.0022843	1079.7
0.0021172	1080.8
0.0019501	1081.9
0.001783	1083.1
0.0016158	1084.2
0.0014487	1085.4
0.0012814	1086.5
0.0011142	1087.7
0.00094697	1088.8
0.00077971	1090
0.00061244	1091.1
0.00044516	1092.2
0.00027785	1093.4
0.00011056	1094.5
-5.6734e-05	1095.7
-0.00022403	1096.8
-0.00039132	1098
-0.0005586	1099.1
-0.00072588	1100.3
-0.00089316	1101.4
-0.0010604	1102.6
-0.0012276	1103.7
-0.0013948	1104.8
-0.001562	1106
-0.0017292	1107.1
-0.0018963	1108.3
-0.0020634	1109.4
-0.0022305	1110.6
-0.0023975	1111.7
-0.0025645	1112.9
-0.0027315	1114
-0.0028984	1115.1
-0.0030653	1116.3
-0.0032321	1117.4
-0.0033988	1118.6
-0.0035655	1119.7
-0.0037322	1120.9
-0.0038987	1122
-0.0040653	1123.2
-0.0042317	1124.3
-0.0043981	1125.5
-0.0045644	1126.6
-0.0047307	1127.7
-0.0048968	1128.9
-0.0050629	1130
-0.0052289	1131.2
-0.0053948	1132.3
-0.0055606	1133.5
-0.0057263	1134.6
-0.005892	1135.8
-0.0060575	1136.9
-0.006223	1138
-0.0063883	1139.2
-0.0065535	1140.3
-0.0067187	1141.5
-0.0068837	1142.6
-0.0070486	1143.8
-0.0072134	1144.9
-0.0073781	1146.1
-0.0075426	1147.2
-0.0077071	1148.4
-0.0078714	1149.5
-0.0080355	1150.6
-0.0081996	1151.8
-0.0083635	1152.9
-0.0085273	1154.1
-0.0086909	1155.2
-0.0088544	1156.4
-0.0090178	1157.5
-0.009181	1158.7
-0.009344	1159.8
-0.009507	1160.9
-0.0096697	1162.1
-0.0098323	1163.2
-0.0099948	1164.4
-0.010157	1165.5
-0.010319	1166.7
-0.010481	1167.8
-0.010643	1169
-0.010804	1170.1
-0.010966	1171.2
-0.011127	1172.4
-0.011288	1173.5
-0.011449	1174.7
-0.01161	1175.8
-0.01177	1177
-0.011931	1178.1
-0.012091	1179.3
-0.012251	1180.4
-0.01241	1181.6
-0.01257	1182.7
-0.012729	1183.8
-0.012888	1185
-0.013047	1186.1
-0.013206	1187.3
-0.013365	1188.4
-0.013523	1189.6
-0.013681	1190.7
-0.013839	1191.9
-0.013996	1193
-0.014154	1194.1
-0.014311	1195.3
-0.014468	1196.4
-0.014625	1197.6
-0.014781	1198.7
-0.014937	1199.9
-0.015093	1201
-0.015249	1202.2
-0.015405	1203.3
-0.01556	1204.5
-0.015715	1205.6
-0.01587	1206.7
-0.016024	1207.9
-0.016178	1209
-0.016332	1210.2
-0.016486	1211.3
-0.01664	1212.5
-0.016793	1213.6
-0.016946	1214.8
-0.017098	1215.9
-0.017251	1217
-0.017403	1218.2
-0.017555	1219.3
-0.017706	1220.5
-0.017858	1221.6
-0.018008	1222.8
-0.018159	1223.9
-0.01831	1225.1
-0.01846	1226.2
-0.01861	1227.3
-0.018759	1228.5
-0.018908	1229.6
-0.019057	1230.8
-0.019206	1231.9
-0.019354	1233.1
-0.019502	1234.2
-0.01965	1235.4
-0.019797	1236.5
-0.019944	1237.7
-0.020091	1238.8
-0.020237	1239.9
-0.020384	1241.1
-0.020529	1242.2
-0.020675	1243.4
-0.02082	1244.5
-0.020965	1245.7
-0.021109	1246.8
-0.021253	1248
-0.021397	1249.1
-0.021541	1250.2
-0.021684	1251.4
-0.021827	1252.5
-0.021969	1253.7
-0.022111	1254.8
-0.022253	1256
-0.022394	1257.1
-0.022535	1258.3
-0.022676	1259.4
-0.022816	1260.6
-0.022956	1261.7
-0.023096	1262.8
-0.023235	1264
-0.023374	1265.1
-0.023512	1266.3
-0.02365	1267.4
-0.023788	1268.6
-0.023926	1269.7
-0.024063	1270.9
-0.024199	1272
-0.024335	1273.1
-0.024471	1274.3
-0.024607	1275.4
-0.024742	1276.6
-0.024877	1277.7
-0.025011	1278.9
-0.025145	1280
-0.025278	1281.2
-0.025411	1282.3
-0.025544	1283.5
-0.025677	1284.6
-0.025808	1285.7
-0.02594	1286.9
-0.026071	1288
-0.026202	1289.2
-0.026332	1290.3
-0.026462	1291.5
-0.026591	1292.6
-0.02672	1293.8
-0.026849	1294.9
-0.026977	1296
-0.027105	1297.2
-0.027233	1298.3
-0.027359	1299.5
-0.027486	1300.6
-0.027612	1301.8
-0.027738	1302.9
-0.027863	1304.1
-0.027988	1305.2
-0.028112	1306.3
-0.028236	1307.5
-0.02836	1308.6
-0.028483	1309.8
-0.028605	1310.9
-0.028727	1312.1
-0.028849	1313.2
-0.02897	1314.4
-0.029091	1315.5
-0.029211	1316.7
-0.029331	1317.8
-0.029451	1318.9
-0.02957	1320.1
-0.029688	1321.2
-0.029806	1322.4
-0.029924	1323.5
-0.030041	1324.7
-0.030158	1325.8
-0.030274	1327
-0.03039	1328.1
-0.030505	1329.2
-0.03062	1330.4
-0.030734	1331.5
-0.030848	1332.7
-0.030961	1333.8
-0.031074	1335
-0.031187	1336.1
-0.031299	1337.3
-0.03141	1338.4
-0.031521	1339.6
-0.031632	1340.7
-0.031742	1341.8
-0.031851	1343
-0.03196	1344.1
-0.032069	1345.3
-0.032177	1346.4
-0.032284	1347.6
-0.032391	1348.7
-0.032498	1349.9
-0.032604	1351
-0.03271	1352.1
-0.032815	1353.3
-0.032919	1354.4
-0.033023	1355.6
-0.033127	1356.7
-0.03323	1357.9
-0.033332	1359
-0.033434	1360.2
-0.033536	1361.3
-0.033637	1362.4
-0.033737	1363.6
-0.033837	1364.7
-0.033937	1365.9
-0.034036	1367
-0.034134	1368.2
-0.034232	1369.3
-0.03433	1370.5
-0.034426	1371.6
-0.034523	1372.8
-0.034619	1373.9
-0.034714	1375
-0.034809	1376.2
-0.034903	1377.3
-0.034996	1378.5
-0.03509	1379.6
-0.035182	1380.8
-0.035274	1381.9
-0.035366	1383.1
-0.035457	1384.2
-0.035547	1385.3
-0.035637	1386.5
-0.035727	1387.6
-0.035816	1388.8
-0.035904	1389.9
-0.035992	1391.1
-0.036079	1392.2
-0.036165	1393.4
-0.036252	1394.5
-0.036337	1395.7
-0.036422	1396.8
-0.036507	1397.9
-0.036591	1399.1
-0.036674	1400.2
-0.036757	1401.4
-0.036839	1402.5
-0.036921	1403.7
-0.037002	1404.8
-0.037083	1406
-0.037163	1407.1
-0.037242	1408.2
-0.037321	1409.4
-0.0374	1410.5
-0.037477	1411.7
-0.037555	1412.8
-0.037631	1414
-0.037707	1415.1
-0.037783	1416.3
-0.037858	1417.4
-0.037932	1418.6
-0.038006	1419.7
-0.038079	1420.8
-0.038152	1422
-0.038224	1423.1
-0.038296	1424.3
-0.038367	1425.4
-0.038437	1426.6
-0.038507	1427.7
-0.038576	1428.9
-0.038645	1430
