4.4961e-10	0
3.4464e-05	1.6253
6.8933e-05	3.2506
0.00010341	4.8759
0.00013791	6.5012
0.00017244	8.1265
0.00020699	9.7518
0.00024158	11.377
0.00027621	13.002
0.00031089	14.628
0.00034562	16.253
0.00038041	17.878
0.00041527	19.504
0.0004502	21.129
0.00048521	22.754
0.0005203	24.38
0.00055548	26.005
0.00059076	27.63
0.00062614	29.255
0.00066162	30.881
0.00069722	32.506
0.00073294	34.131
0.00076877	35.757
0.00080474	37.382
0.00084084	39.007
0.00087708	40.633
0.00091346	42.258
0.00095	43.883
0.00098668	45.508
0.0010235	47.134
0.0010605	48.759
0.0010977	50.384
0.0011351	52.01
0.0011726	53.635
0.0012103	55.26
0.0012482	56.886
0.0012862	58.511
0.0013245	60.136
0.001363	61.761
0.0014016	63.387
0.0014405	65.012
0.0014795	66.637
0.0015188	68.263
0.0015583	69.888
0.001598	71.513
0.0016379	73.139
0.001678	74.764
0.0017184	76.389
0.001759	78.014
0.0017998	79.64
0.0018408	81.265
0.0018821	82.89
0.0019236	84.516
0.0019654	86.141
0.0020074	87.766
0.0020497	89.392
0.0020922	91.017
0.0021349	92.642
0.0021779	94.267
0.0022211	95.893
0.0022647	97.518
0.0023084	99.143
0.0023525	100.77
0.0023968	102.39
0.0024413	104.02
0.0024862	105.64
0.0025313	107.27
0.0025767	108.9
0.0026223	110.52
0.0026683	112.15
0.0027145	113.77
0.002761	115.4
0.0028078	117.02
0.0028549	118.65
0.0029023	120.27
0.00295	121.9
0.0029979	123.52
0.0030462	125.15
0.0030947	126.77
0.0031436	128.4
0.0031928	130.02
0.0032423	131.65
0.003292	133.27
0.0033421	134.9
0.0033925	136.53
0.0034433	138.15
0.0034943	139.78
0.0035456	141.4
0.0035973	143.03
0.0036493	144.65
0.0037016	146.28
0.0037542	147.9
0.0038071	149.53
0.0038604	151.15
0.003914	152.78
0.0039679	154.4
0.0040221	156.03
0.0040767	157.65
0.0041316	159.28
0.0041868	160.9
0.0042424	162.53
0.0042982	164.16
0.0043544	165.78
0.004411	167.41
0.0044679	169.03
0.0045251	170.66
0.0045826	172.28
0.0046405	173.91
0.0046987	175.53
0.0047573	177.16
0.0048161	178.78
0.0048754	180.41
0.0049349	182.03
0.0049948	183.66
0.0050551	185.28
0.0051157	186.91
0.0051766	188.53
0.0052379	190.16
0.0052995	191.79
0.0053614	193.41
0.0054238	195.04
0.0054864	196.66
0.0055494	198.29
0.0056128	199.91
0.0056765	201.54
0.0057405	203.16
0.0058049	204.79
0.0058697	206.41
0.0059348	208.04
0.0060002	209.66
0.0060661	211.29
0.0061322	212.91
0.0061988	214.54
0.0062657	216.16
0.0063329	217.79
0.0064005	219.42
0.0064685	221.04
0.0065369	222.67
0.0066056	224.29
0.0066747	225.92
0.0067441	227.54
0.0068139	229.17
0.0068841	230.79
0.0069546	232.42
0.0070255	234.04
0.0070968	235.67
0.0071685	237.29
0.0072405	238.92
0.0073129	240.54
0.0073857	242.17
0.0074589	243.8
0.0075324	245.42
0.0076063	247.05
0.0076806	248.67
0.0077553	250.3
0.0078303	251.92
0.0079058	253.55
0.0079816	255.17
0.0080578	256.8
0.0081343	258.42
0.0082113	260.05
0.0082886	261.67
0.0083663	263.3
0.0084444	264.92
0.0085229	266.55
0.0086018	268.17
0.008681	269.8
0.0087606	271.43
0.0088406	273.05
0.008921	274.68
0.0090018	276.3
0.0090829	277.93
0.0091645	279.55
0.0092464	281.18
0.0093287	282.8
0.0094113	284.43
0.0094944	286.05
0.0095778	287.68
0.0096616	289.3
0.0097457	290.93
0.0098303	292.55
0.0099152	294.18
0.01	295.8
0.010086	297.43
0.010172	299.06
0.010259	300.68
0.010345	302.31
0.010432	303.93
0.01052	305.56
0.010608	307.18
0.010696	308.81
0.010785	310.43
0.010873	312.06
0.010963	313.68
0.011052	315.31
0.011142	316.93
0.011233	318.56
0.011323	320.18
0.011414	321.81
0.011506	323.43
0.011597	325.06
0.011689	326.69
0.011782	328.31
0.011874	329.94
0.011967	331.56
0.012061	333.19
0.012154	334.81
0.012248	336.44
0.012342	338.06
0.012437	339.69
0.012532	341.31
0.012627	342.94
0.012722	344.56
0.012818	346.19
0.012914	347.81
0.01301	349.44
0.013107	351.06
0.013204	352.69
0.013301	354.32
0.013398	355.94
0.013496	357.57
0.013594	359.19
0.013692	360.82
0.013791	362.44
0.013889	364.07
0.013988	365.69
0.014087	367.32
0.014187	368.94
0.014286	370.57
0.014386	372.19
0.014486	373.82
0.014587	375.44
0.014687	377.07
0.014788	378.69
0.014889	380.32
0.01499	381.95
0.015091	383.57
0.015192	385.2
0.015294	386.82
0.015396	388.45
0.015498	390.07
0.0156	391.7
0.015703	393.32
0.015805	394.95
0.015908	396.57
0.01601	398.2
0.016113	399.82
0.016216	401.45
0.01632	403.07
0.016423	404.7
0.016526	406.33
0.01663	407.95
0.016733	409.58
0.016837	411.2
0.016941	412.83
0.017045	414.45
0.017149	416.08
0.017253	417.7
0.017357	419.33
0.017461	420.95
0.017565	422.58
0.017669	424.2
0.017774	425.83
0.017878	427.45
0.017982	429.08
0.018087	430.7
0.018191	432.33
0.018296	433.96
0.018401	435.58
0.018505	437.21
0.01861	438.83
0.018714	440.46
0.018819	442.08
0.018924	443.71
0.019028	445.33
0.019133	446.96
0.019237	448.58
0.019342	450.21
0.019446	451.83
0.019551	453.46
0.019655	455.08
0.01976	456.71
0.019864	458.33
0.019969	459.96
0.020073	461.59
0.020177	463.21
0.020281	464.84
0.020385	466.46
0.020489	468.09
0.020593	469.71
0.020697	471.34
0.020801	472.96
0.020904	474.59
0.021008	476.21
0.021111	477.84
0.021214	479.46
0.021317	481.09
0.02142	482.71
0.021523	484.34
0.021626	485.96
0.021729	487.59
0.021831	489.22
0.021933	490.84
0.022036	492.47
0.022138	494.09
0.022239	495.72
0.022341	497.34
0.022443	498.97
0.022544	500.59
0.022645	502.22
0.022746	503.84
0.022847	505.47
0.022948	507.09
0.023048	508.72
0.023148	510.34
0.023248	511.97
0.023348	513.59
0.023448	515.22
0.023547	516.85
0.023647	518.47
0.023746	520.1
0.023845	521.72
0.023943	523.35
0.024042	524.97
0.02414	526.6
0.024238	528.22
0.024336	529.85
0.024433	531.47
0.02453	533.1
0.024627	534.72
0.024724	536.35
0.024821	537.97
0.024917	539.6
0.025013	541.22
0.025109	542.85
0.025204	544.48
0.025299	546.1
0.025394	547.73
0.025489	549.35
0.025583	550.98
0.025677	552.6
0.025771	554.23
0.025865	555.85
0.025958	557.48
0.026051	559.1
0.026143	560.73
0.026236	562.35
0.026328	563.98
0.026419	565.6
0.026511	567.23
0.026602	568.86
0.026692	570.48
0.026783	572.11
0.026873	573.73
0.026963	575.36
0.027052	576.98
0.027141	578.61
0.02723	580.23
0.027318	581.86
0.027407	583.48
0.027494	585.11
0.027582	586.73
0.027669	588.36
0.027756	589.98
0.027842	591.61
0.027928	593.23
0.028014	594.86
0.028099	596.49
0.028184	598.11
0.028269	599.74
0.028353	601.36
0.028437	602.99
0.028521	604.61
0.028604	606.24
0.028687	607.86
0.028769	609.49
0.028851	611.11
0.028933	612.74
0.029015	614.36
0.029096	615.99
0.029176	617.61
0.029256	619.24
0.029336	620.86
0.029416	622.49
0.029495	624.12
0.029573	625.74
0.029652	627.37
0.029729	628.99
0.029807	630.62
0.029884	632.24
0.029961	633.87
0.030037	635.49
0.030113	637.12
0.030188	638.74
0.030263	640.37
0.030338	641.99
0.030412	643.62
0.030486	645.24
0.030559	646.87
0.030632	648.49
0.030704	650.12
0.030776	651.75
0.030848	653.37
0.030919	655
0.03099	656.62
0.03106	658.25
0.03113	659.87
0.0312	661.5
0.031269	663.12
0.031338	664.75
0.031406	666.37
0.031473	668
0.031541	669.62
0.031608	671.25
0.031674	672.87
0.03174	674.5
0.031805	676.12
0.031871	677.75
0.031935	679.38
0.031999	681
0.032063	682.63
0.032126	684.25
0.032189	685.88
0.032251	687.5
0.032313	689.13
0.032375	690.75
0.032436	692.38
0.032496	694
0.032556	695.63
0.032616	697.25
0.032675	698.88
0.032733	700.5
0.032791	702.13
0.032849	703.76
0.032906	705.38
0.032963	707.01
0.033019	708.63
0.033075	710.26
0.03313	711.88
0.033185	713.51
0.033239	715.13
0.033293	716.76
0.033346	718.38
0.033399	720.01
0.033451	721.63
0.033503	723.26
0.033554	724.88
0.033605	726.51
0.033656	728.13
0.033706	729.76
0.033755	731.39
0.033804	733.01
0.033852	734.64
0.0339	736.26
0.033947	737.89
0.033994	739.51
0.03404	741.14
0.034086	742.76
0.034132	744.39
0.034176	746.01
0.034221	747.64
0.034264	749.26
0.034308	750.89
0.034351	752.51
0.034393	754.14
0.034434	755.76
0.034476	757.39
0.034516	759.02
0.034557	760.64
0.034596	762.27
0.034635	763.89
0.034674	765.52
0.034712	767.14
0.03475	768.77
0.034787	770.39
0.034823	772.02
0.034859	773.64
0.034895	775.27
0.03493	776.89
0.034964	778.52
0.034998	780.14
0.035031	781.77
0.035064	783.39
0.035097	785.02
0.035128	786.65
0.03516	788.27
0.03519	789.9
0.03522	791.52
0.03525	793.15
0.035279	794.77
0.035308	796.4
0.035336	798.02
0.035363	799.65
0.03539	801.27
0.035416	802.9
0.035442	804.52
0.035468	806.15
0.035492	807.77
0.035517	809.4
0.03554	811.02
0.035563	812.65
0.035586	814.28
0.035608	815.9
0.035629	817.53
0.03565	819.15
0.035671	820.78
0.035691	822.4
0.03571	824.03
0.035729	825.65
0.035747	827.28
0.035765	828.9
0.035782	830.53
0.035798	832.15
0.035814	833.78
0.03583	835.4
0.035845	837.03
0.035859	838.65
0.035873	840.28
0.035886	841.91
0.035899	843.53
0.035911	845.16
0.035923	846.78
0.035934	848.41
0.035944	850.03
0.035954	851.66
0.035964	853.28
0.035972	854.91
0.035981	856.53
0.035988	858.16
0.035996	859.78
0.036002	861.41
0.036008	863.03
0.036014	864.66
0.036019	866.29
0.036024	867.91
0.036028	869.54
0.036031	871.16
0.036034	872.79
0.036036	874.41
0.036038	876.04
0.036039	877.66
0.03604	879.29
0.03604	880.91
0.036039	882.54
0.036038	884.16
0.036037	885.79
0.036035	887.41
0.036032	889.04
0.036029	890.66
0.036025	892.29
0.036021	893.92
0.036016	895.54
0.036011	897.17
0.036005	898.79
0.035999	900.42
0.035992	902.04
0.035984	903.67
0.035976	905.29
0.035968	906.92
0.035958	908.54
0.035949	910.17
0.035939	911.79
0.035928	913.42
0.035917	915.04
0.035905	916.67
0.035892	918.29
0.035879	919.92
0.035866	921.55
0.035852	923.17
0.035838	924.8
0.035823	926.42
0.035807	928.05
0.035791	929.67
0.035775	931.3
0.035758	932.92
0.03574	934.55
0.035722	936.17
0.035703	937.8
0.035684	939.42
0.035664	941.05
0.035644	942.67
0.035624	944.3
0.035602	945.92
0.035581	947.55
0.035559	949.18
0.035536	950.8
0.035513	952.43
0.035489	954.05
0.035465	955.68
0.03544	957.3
0.035415	958.93
0.035389	960.55
0.035363	962.18
0.035337	963.8
0.03531	965.43
0.035282	967.05
0.035254	968.68
0.035225	970.3
0.035196	971.93
0.035167	973.55
0.035137	975.18
0.035107	976.81
0.035076	978.43
0.035044	980.06
0.035012	981.68
0.03498	983.31
0.034947	984.93
0.034914	986.56
0.03488	988.18
0.034846	989.81
0.034812	991.43
0.034776	993.06
0.034741	994.68
0.034705	996.31
0.034669	997.93
0.034632	999.56
0.034594	1001.2
0.034557	1002.8
0.034518	1004.4
0.03448	1006.1
0.034441	1007.7
0.034401	1009.3
0.034361	1010.9
0.034321	1012.6
0.03428	1014.2
0.034239	1015.8
0.034197	1017.4
0.034155	1019.1
0.034113	1020.7
0.03407	1022.3
0.034026	1023.9
0.033983	1025.6
0.033938	1027.2
0.033894	1028.8
0.033849	1030.4
0.033804	1032.1
0.033758	1033.7
0.033712	1035.3
0.033665	1036.9
0.033619	1038.6
0.033571	1040.2
0.033524	1041.8
0.033476	1043.4
0.033427	1045.1
0.033379	1046.7
0.033329	1048.3
0.03328	1049.9
0.03323	1051.6
0.03318	1053.2
0.033129	1054.8
0.033078	1056.4
0.033027	1058.1
0.032976	1059.7
0.032924	1061.3
0.032871	1062.9
0.032819	1064.6
0.032766	1066.2
0.032712	1067.8
0.032659	1069.4
0.032605	1071.1
0.032551	1072.7
0.032496	1074.3
0.032441	1075.9
0.032386	1077.6
0.03233	1079.2
0.032274	1080.8
0.032218	1082.4
0.032162	1084.1
0.032105	1085.7
0.032048	1087.3
0.03199	1089
0.031933	1090.6
0.031875	1092.2
0.031817	1093.8
0.031758	1095.5
0.031699	1097.1
0.03164	1098.7
0.031581	1100.3
0.031521	1102
0.031461	1103.6
0.031401	1105.2
0.031341	1106.8
0.03128	1108.5
0.031219	1110.1
0.031158	1111.7
0.031096	1113.3
0.031034	1115
0.030972	1116.6
0.03091	1118.2
0.030848	1119.8
0.030785	1121.5
0.030722	1123.1
0.030659	1124.7
0.030595	1126.3
0.030532	1128
0.030468	1129.6
0.030404	1131.2
0.03034	1132.8
0.030275	1134.5
0.03021	1136.1
0.030145	1137.7
0.03008	1139.3
0.030015	1141
0.029949	1142.6
0.029884	1144.2
0.029818	1145.8
0.029752	1147.5
0.029685	1149.1
0.029619	1150.7
0.029552	1152.3
0.029485	1154
0.029418	1155.6
0.029351	1157.2
0.029284	1158.8
0.029216	1160.5
0.029149	1162.1
0.029081	1163.7
0.029013	1165.3
0.028945	1167
0.028876	1168.6
0.028808	1170.2
0.028739	1171.8
0.028671	1173.5
0.028602	1175.1
0.028533	1176.7
0.028464	1178.3
0.028394	1180
0.028325	1181.6
0.028256	1183.2
0.028186	1184.8
0.028116	1186.5
0.028046	1188.1
0.027976	1189.7
0.027906	1191.3
0.027836	1193
0.027766	1194.6
0.027695	1196.2
0.027625	1197.8
0.027554	1199.5
0.027483	1201.1
0.027412	1202.7
0.027341	1204.3
0.02727	1206
0.027199	1207.6
0.027128	1209.2
0.027057	1210.8
0.026986	1212.5
0.026914	1214.1
0.026843	1215.7
0.026771	1217.3
0.0267	1219
0.026628	1220.6
0.026556	1222.2
0.026484	1223.9
0.026412	1225.5
0.026341	1227.1
0.026269	1228.7
0.026197	1230.4
0.026125	1232
0.026052	1233.6
0.02598	1235.2
0.025908	1236.9
0.025836	1238.5
0.025764	1240.1
0.025691	1241.7
0.025619	1243.4
0.025547	1245
0.025474	1246.6
0.025402	1248.2
0.02533	1249.9
0.025257	1251.5
0.025185	1253.1
0.025113	1254.7
0.02504	1256.4
0.024968	1258
0.024895	1259.6
0.024823	1261.2
0.02475	1262.9
0.024678	1264.5
0.024605	1266.1
0.024533	1267.7
0.024461	1269.4
0.024388	1271
0.024316	1272.6
0.024244	1274.2
0.024171	1275.9
0.024099	1277.5
0.024027	1279.1
0.023954	1280.7
0.023882	1282.4
0.02381	1284
0.023738	1285.6
0.023665	1287.2
0.023593	1288.9
0.023521	1290.5
0.023449	1292.1
0.023377	1293.7
0.023305	1295.4
0.023233	1297
0.023162	1298.6
0.02309	1300.2
0.023018	1301.9
0.022946	1303.5
0.022875	1305.1
0.022803	1306.7
0.022732	1308.4
0.02266	1310
0.022589	1311.6
0.022518	1313.2
0.022446	1314.9
0.022375	1316.5
0.022304	1318.1
0.022233	1319.7
0.022162	1321.4
0.022091	1323
0.02202	1324.6
0.02195	1326.2
0.021879	1327.9
0.021809	1329.5
0.021738	1331.1
0.021668	1332.7
0.021598	1334.4
0.021527	1336
0.021457	1337.6
0.021387	1339.2
0.021318	1340.9
0.021248	1342.5
0.021178	1344.1
0.021109	1345.7
0.021039	1347.4
0.02097	1349
0.0209	1350.6
0.020831	1352.2
0.020762	1353.9
0.020693	1355.5
0.020625	1357.1
0.020556	1358.8
0.020487	1360.4
0.020419	1362
0.020351	1363.6
0.020283	1365.3
0.020215	1366.9
0.020147	1368.5
0.020079	1370.1
0.020011	1371.8
0.019944	1373.4
0.019876	1375
0.019809	1376.6
0.019742	1378.3
0.019675	1379.9
0.019608	1381.5
0.019541	1383.1
0.019475	1384.8
0.019409	1386.4
0.019342	1388
0.019276	1389.6
0.01921	1391.3
0.019144	1392.9
0.019079	1394.5
0.019013	1396.1
0.018948	1397.8
0.018883	1399.4
0.018818	1401
0.018753	1402.6
0.018688	1404.3
0.018623	1405.9
0.018559	1407.5
0.018495	1409.1
0.018431	1410.8
0.018367	1412.4
0.018303	1414
0.018239	1415.6
0.018176	1417.3
0.018113	1418.9
0.01805	1420.5
0.017987	1422.1
0.017924	1423.8
0.017862	1425.4
0.017799	1427
0.017737	1428.6
0.017675	1430.3
0.017613	1431.9
0.017552	1433.5
0.01749	1435.1
0.017429	1436.8
0.017368	1438.4
0.017307	1440
0.017246	1441.6
0.017186	1443.3
0.017125	1444.9
0.017065	1446.5
0.017005	1448.1
0.016946	1449.8
0.016886	1451.4
0.016827	1453
0.016767	1454.6
0.016709	1456.3
0.01665	1457.9
0.016591	1459.5
0.016533	1461.1
0.016475	1462.8
0.016417	1464.4
0.016359	1466
0.016301	1467.6
0.016244	1469.3
0.016187	1470.9
0.01613	1472.5
0.016073	1474.1
0.016017	1475.8
0.01596	1477.4
0.015904	1479
0.015848	1480.6
0.015793	1482.3
0.015737	1483.9
0.015682	1485.5
0.015627	1487.1
0.015572	1488.8
0.015517	1490.4
0.015463	1492
0.015409	1493.7
0.015355	1495.3
0.015301	1496.9
0.015248	1498.5
0.015194	1500.2
0.015141	1501.8
0.015088	1503.4
0.015036	1505
0.014983	1506.7
0.014931	1508.3
0.014879	1509.9
0.014828	1511.5
0.014776	1513.2
0.014725	1514.8
0.014674	1516.4
0.014623	1518
0.014572	1519.7
0.014522	1521.3
0.014472	1522.9
0.014422	1524.5
0.014372	1526.2
0.014323	1527.8
0.014274	1529.4
0.014225	1531
0.014176	1532.7
0.014128	1534.3
0.01408	1535.9
0.014032	1537.5
0.013984	1539.2
0.013936	1540.8
0.013889	1542.4
0.013842	1544
0.013795	1545.7
0.013749	1547.3
0.013702	1548.9
0.013656	1550.5
0.01361	1552.2
0.013565	1553.8
0.01352	1555.4
0.013475	1557
0.01343	1558.7
0.013385	1560.3
0.013341	1561.9
0.013297	1563.5
0.013253	1565.2
0.013209	1566.8
0.013166	1568.4
0.013123	1570
0.01308	1571.7
0.013037	1573.3
0.012995	1574.9
0.012953	1576.5
0.012911	1578.2
0.01287	1579.8
0.012828	1581.4
0.012787	1583
0.012747	1584.7
0.012706	1586.3
0.012666	1587.9
0.012626	1589.5
0.012586	1591.2
0.012546	1592.8
0.012507	1594.4
0.012468	1596
0.01243	1597.7
0.012391	1599.3
0.012353	1600.9
0.012315	1602.5
0.012277	1604.2
0.01224	1605.8
0.012203	1607.4
0.012166	1609
0.012129	1610.7
0.012093	1612.3
0.012057	1613.9
0.012021	1615.5
0.011985	1617.2
0.01195	1618.8
0.011915	1620.4
0.01188	1622
0.011846	1623.7
0.011812	1625.3
0.011778	1626.9
0.011744	1628.6
0.011711	1630.2
0.011678	1631.8
0.011645	1633.4
0.011612	1635.1
0.01158	1636.7
0.011548	1638.3
0.011516	1639.9
0.011484	1641.6
0.011453	1643.2
0.011422	1644.8
0.011392	1646.4
0.011361	1648.1
0.011331	1649.7
0.011301	1651.3
0.011272	1652.9
0.011242	1654.6
0.011213	1656.2
0.011185	1657.8
0.011156	1659.4
0.011128	1661.1
0.0111	1662.7
0.011073	1664.3
0.011045	1665.9
0.011018	1667.6
0.010992	1669.2
0.010965	1670.8
0.010939	1672.4
0.010913	1674.1
0.010888	1675.7
0.010862	1677.3
0.010837	1678.9
0.010812	1680.6
0.010788	1682.2
0.010764	1683.8
0.01074	1685.4
0.010716	1687.1
0.010693	1688.7
0.01067	1690.3
0.010647	1691.9
0.010625	1693.6
0.010603	1695.2
0.010581	1696.8
0.01056	1698.4
0.010538	1700.1
0.010517	1701.7
0.010497	1703.3
0.010476	1704.9
0.010456	1706.6
0.010437	1708.2
0.010417	1709.8
0.010398	1711.4
0.010379	1713.1
0.010361	1714.7
0.010342	1716.3
0.010324	1717.9
0.010307	1719.6
0.010289	1721.2
0.010272	1722.8
0.010256	1724.4
0.010239	1726.1
0.010223	1727.7
0.010207	1729.3
0.010192	1730.9
0.010177	1732.6
0.010162	1734.2
0.010147	1735.8
0.010133	1737.4
0.010119	1739.1
0.010105	1740.7
0.010092	1742.3
0.010079	1743.9
0.010066	1745.6
0.010054	1747.2
0.010042	1748.8
0.01003	1750.4
0.010018	1752.1
0.010007	1753.7
0.0099966	1755.3
0.0099861	1756.9
0.0099759	1758.6
0.0099661	1760.2
0.0099565	1761.8
0.0099473	1763.5
0.0099385	1765.1
0.0099299	1766.7
0.0099217	1768.3
0.0099138	1770
0.0099062	1771.6
0.009899	1773.2
0.009892	1774.8
0.0098855	1776.5
0.0098792	1778.1
0.0098733	1779.7
0.0098677	1781.3
0.0098624	1783
0.0098575	1784.6
0.0098529	1786.2
0.0098487	1787.8
0.0098448	1789.5
0.0098412	1791.1
0.009838	1792.7
0.0098351	1794.3
0.0098325	1796
0.0098303	1797.6
0.0098285	1799.2
0.009827	1800.8
0.0098258	1802.5
0.009825	1804.1
0.0098245	1805.7
0.0098244	1807.3
0.0098247	1809
0.0098253	1810.6
0.0098262	1812.2
0.0098275	1813.8
0.0098292	1815.5
0.0098312	1817.1
0.0098336	1818.7
0.0098363	1820.3
0.0098394	1822
0.0098429	1823.6
0.0098467	1825.2
0.0098509	1826.8
0.0098555	1828.5
0.0098604	1830.1
0.0098657	1831.7
0.0098714	1833.3
0.0098775	1835
0.0098839	1836.6
0.0098907	1838.2
0.0098979	1839.8
0.0099055	1841.5
0.0099134	1843.1
0.0099217	1844.7
0.0099304	1846.3
0.0099395	1848
0.009949	1849.6
0.0099589	1851.2
0.0099691	1852.8
0.0099798	1854.5
0.0099908	1856.1
0.010002	1857.7
0.010014	1859.3
0.010026	1861
0.010039	1862.6
0.010052	1864.2
0.010065	1865.8
0.010079	1867.5
0.010094	1869.1
0.010108	1870.7
0.010123	1872.3
0.010139	1874
0.010155	1875.6
0.010171	1877.2
0.010188	1878.8
0.010205	1880.5
0.010223	1882.1
0.010241	1883.7
0.010259	1885.3
0.010278	1887
0.010297	1888.6
0.010317	1890.2
0.010337	1891.8
0.010358	1893.5
0.010379	1895.1
0.0104	1896.7
0.010422	1898.4
0.010444	1900
0.010467	1901.6
0.010491	1903.2
0.010514	1904.9
0.010538	1906.5
0.010563	1908.1
0.010588	1909.7
0.010614	1911.4
0.01064	1913
0.010666	1914.6
0.010693	1916.2
0.010721	1917.9
0.010749	1919.5
0.010777	1921.1
0.010806	1922.7
0.010835	1924.4
0.010865	1926
0.010895	1927.6
0.010926	1929.2
0.010957	1930.9
0.010989	1932.5
0.011022	1934.1
0.011054	1935.7
0.011088	1937.4
0.011121	1939
0.011156	1940.6
0.011191	1942.2
0.011226	1943.9
0.011262	1945.5
0.011298	1947.1
0.011335	1948.7
0.011373	1950.4
0.011411	1952
0.011449	1953.6
0.011488	1955.2
0.011528	1956.9
0.011568	1958.5
0.011609	1960.1
0.01165	1961.7
0.011692	1963.4
0.011734	1965
0.011777	1966.6
0.011821	1968.2
0.011865	1969.9
0.01191	1971.5
0.011955	1973.1
0.012001	1974.7
0.012047	1976.4
0.012094	1978
0.012142	1979.6
0.01219	1981.2
0.012239	1982.9
0.012288	1984.5
0.012338	1986.1
0.012389	1987.7
0.01244	1989.4
0.012492	1991
0.012545	1992.6
0.012598	1994.2
0.012652	1995.9
0.012706	1997.5
0.012761	1999.1
0.012817	2000.7
0.012874	2002.4
0.012931	2004
0.012988	2005.6
0.013047	2007.2
0.013106	2008.9
0.013166	2010.5
0.013226	2012.1
0.013287	2013.7
0.013349	2015.4
0.013411	2017
0.013475	2018.6
0.013539	2020.2
0.013603	2021.9
0.013669	2023.5
0.013735	2025.1
0.013801	2026.7
0.013869	2028.4
0.013937	2030
