5.1839e-10	0
2.4545e-05	1.1289
4.9091e-05	2.2578
7.3641e-05	3.3867
9.8196e-05	4.5156
0.00012276	5.6445
0.00014733	6.7734
0.00017192	7.9023
0.00019651	9.0312
0.00022112	10.16
0.00024575	11.289
0.0002704	12.418
0.00029507	13.547
0.00031976	14.676
0.00034448	15.805
0.00036922	16.934
0.00039399	18.062
0.00041879	19.191
0.00044362	20.32
0.00046849	21.449
0.00049339	22.578
0.00051833	23.707
0.00054331	24.836
0.00056833	25.965
0.0005934	27.094
0.00061851	28.223
0.00064367	29.351
0.00066887	30.48
0.00069413	31.609
0.00071945	32.738
0.00074481	33.867
0.00077024	34.996
0.00079572	36.125
0.00082126	37.254
0.00084687	38.383
0.00087254	39.512
0.00089827	40.641
0.00092408	41.769
0.00094996	42.898
0.0009759	44.027
0.0010019	45.156
0.001028	46.285
0.0010542	47.414
0.0010805	48.543
0.0011068	49.672
0.0011332	50.801
0.0011597	51.93
0.0011863	53.058
0.001213	54.187
0.0012398	55.316
0.0012666	56.445
0.0012936	57.574
0.0013207	58.703
0.0013478	59.832
0.0013751	60.961
0.0014024	62.09
0.0014299	63.219
0.0014575	64.347
0.0014852	65.476
0.001513	66.605
0.0015409	67.734
0.0015689	68.863
0.001597	69.992
0.0016253	71.121
0.0016537	72.25
0.0016822	73.379
0.0017108	74.508
0.0017396	75.637
0.0017684	76.765
0.0017975	77.894
0.0018266	79.023
0.0018559	80.152
0.0018853	81.281
0.0019148	82.41
0.0019445	83.539
0.0019744	84.668
0.0020044	85.797
0.0020345	86.926
0.0020648	88.054
0.0020952	89.183
0.0021258	90.312
0.0021565	91.441
0.0021874	92.57
0.0022184	93.699
0.0022496	94.828
0.002281	95.957
0.0023125	97.086
0.0023442	98.215
0.0023761	99.343
0.0024081	100.47
0.0024403	101.6
0.0024727	102.73
0.0025053	103.86
0.002538	104.99
0.0025709	106.12
0.002604	107.25
0.0026373	108.37
0.0026707	109.5
0.0027044	110.63
0.0027382	111.76
0.0027722	112.89
0.0028064	114.02
0.0028408	115.15
0.0028754	116.28
0.0029102	117.41
0.0029452	118.53
0.0029804	119.66
0.0030158	120.79
0.0030514	121.92
0.0030872	123.05
0.0031232	124.18
0.0031594	125.31
0.0031959	126.44
0.0032325	127.57
0.0032693	128.69
0.0033064	129.82
0.0033437	130.95
0.0033812	132.08
0.0034189	133.21
0.0034568	134.34
0.003495	135.47
0.0035333	136.6
0.0035719	137.73
0.0036108	138.86
0.0036498	139.98
0.0036891	141.11
0.0037286	142.24
0.0037683	143.37
0.0038083	144.5
0.0038485	145.63
0.0038889	146.76
0.0039296	147.89
0.0039705	149.02
0.0040116	150.14
0.004053	151.27
0.0040947	152.4
0.0041365	153.53
0.0041786	154.66
0.004221	155.79
0.0042636	156.92
0.0043064	158.05
0.0043495	159.18
0.0043929	160.3
0.0044365	161.43
0.0044803	162.56
0.0045244	163.69
0.0045688	164.82
0.0046134	165.95
0.0046583	167.08
0.0047034	168.21
0.0047488	169.34
0.0047945	170.46
0.0048404	171.59
0.0048865	172.72
0.004933	173.85
0.0049797	174.98
0.0050267	176.11
0.0050739	177.24
0.0051214	178.37
0.0051692	179.5
0.0052172	180.62
0.0052656	181.75
0.0053141	182.88
0.005363	184.01
0.0054122	185.14
0.0054616	186.27
0.0055113	187.4
0.0055613	188.53
0.0056115	189.66
0.0056621	190.78
0.0057129	191.91
0.005764	193.04
0.0058154	194.17
0.005867	195.3
0.005919	196.43
0.0059713	197.56
0.0060238	198.69
0.0060766	199.82
0.0061297	200.94
0.0061832	202.07
0.0062369	203.2
0.0062909	204.33
0.0063452	205.46
0.0063997	206.59
0.0064546	207.72
0.0065098	208.85
0.0065653	209.98
0.0066211	211.1
0.0066772	212.23
0.0067335	213.36
0.0067902	214.49
0.0068472	215.62
0.0069045	216.75
0.0069621	217.88
0.00702	219.01
0.0070783	220.14
0.0071368	221.27
0.0071956	222.39
0.0072548	223.52
0.0073142	224.65
0.007374	225.78
0.0074341	226.91
0.0074945	228.04
0.0075552	229.17
0.0076162	230.3
0.0076775	231.43
0.0077392	232.55
0.0078012	233.68
0.0078635	234.81
0.0079261	235.94
0.007989	237.07
0.0080523	238.2
0.0081158	239.33
0.0081797	240.46
0.008244	241.59
0.0083085	242.71
0.0083734	243.84
0.0084386	244.97
0.0085041	246.1
0.0085699	247.23
0.0086361	248.36
0.0087026	249.49
0.0087694	250.62
0.0088366	251.75
0.0089041	252.87
0.0089719	254
0.00904	255.13
0.0091085	256.26
0.0091773	257.39
0.0092465	258.52
0.009316	259.65
0.0093858	260.78
0.0094559	261.91
0.0095264	263.03
0.0095972	264.16
0.0096683	265.29
0.0097398	266.42
0.0098116	267.55
0.0098838	268.68
0.0099563	269.81
0.010029	270.94
0.010102	272.07
0.010176	273.19
0.01025	274.32
0.010324	275.45
0.010398	276.58
0.010473	277.71
0.010548	278.84
0.010624	279.97
0.0107	281.1
0.010776	282.23
0.010852	283.35
0.010929	284.48
0.011006	285.61
0.011084	286.74
0.011162	287.87
0.01124	289
0.011319	290.13
0.011398	291.26
0.011477	292.39
0.011556	293.51
0.011636	294.64
0.011717	295.77
0.011797	296.9
0.011878	298.03
0.011959	299.16
0.012041	300.29
0.012123	301.42
0.012205	302.55
0.012288	303.67
0.012371	304.8
0.012454	305.93
0.012538	307.06
0.012622	308.19
0.012706	309.32
0.012791	310.45
0.012876	311.58
0.012961	312.71
0.013046	313.84
0.013132	314.96
0.013219	316.09
0.013305	317.22
0.013392	318.35
0.01348	319.48
0.013567	320.61
0.013655	321.74
0.013743	322.87
0.013832	324
0.013921	325.12
0.01401	326.25
0.0141	327.38
0.014189	328.51
0.01428	329.64
0.01437	330.77
0.014461	331.9
0.014552	333.03
0.014644	334.16
0.014735	335.28
0.014828	336.41
0.01492	337.54
0.015013	338.67
0.015106	339.8
0.015199	340.93
0.015293	342.06
0.015387	343.19
0.015481	344.32
0.015576	345.44
0.01567	346.57
0.015766	347.7
0.015861	348.83
0.015957	349.96
0.016053	351.09
0.016149	352.22
0.016246	353.35
0.016343	354.48
0.01644	355.6
0.016538	356.73
0.016636	357.86
0.016734	358.99
0.016832	360.12
0.016931	361.25
0.01703	362.38
0.017129	363.51
0.017229	364.64
0.017328	365.76
0.017428	366.89
0.017529	368.02
0.017629	369.15
0.01773	370.28
0.017831	371.41
0.017933	372.54
0.018034	373.67
0.018136	374.8
0.018239	375.92
0.018341	377.05
0.018444	378.18
0.018547	379.31
0.01865	380.44
0.018753	381.57
0.018857	382.7
0.018961	383.83
0.019065	384.96
0.019169	386.08
0.019274	387.21
0.019379	388.34
0.019484	389.47
0.019589	390.6
0.019695	391.73
0.019801	392.86
0.019907	393.99
0.020013	395.12
0.020119	396.24
0.020226	397.37
0.020333	398.5
0.02044	399.63
0.020547	400.76
0.020654	401.89
0.020762	403.02
0.02087	404.15
0.020978	405.28
0.021086	406.41
0.021194	407.53
0.021303	408.66
0.021411	409.79
0.02152	410.92
0.021629	412.05
0.021738	413.18
0.021848	414.31
0.021957	415.44
0.022067	416.57
0.022177	417.69
0.022287	418.82
0.022397	419.95
0.022507	421.08
0.022617	422.21
0.022728	423.34
0.022839	424.47
0.022949	425.6
0.02306	426.73
0.023171	427.85
0.023283	428.98
0.023394	430.11
0.023505	431.24
0.023617	432.37
0.023728	433.5
0.02384	434.63
0.023952	435.76
0.024064	436.89
0.024176	438.01
0.024288	439.14
0.0244	440.27
0.024512	441.4
0.024625	442.53
0.024737	443.66
0.024849	444.79
0.024962	445.92
0.025074	447.05
0.025187	448.17
0.0253	449.3
0.025413	450.43
0.025525	451.56
0.025638	452.69
0.025751	453.82
0.025864	454.95
0.025977	456.08
0.02609	457.21
0.026203	458.33
0.026316	459.46
0.026429	460.59
0.026542	461.72
0.026655	462.85
0.026767	463.98
0.02688	465.11
0.026993	466.24
0.027106	467.37
0.027219	468.49
0.027332	469.62
0.027445	470.75
0.027558	471.88
0.02767	473.01
0.027783	474.14
0.027896	475.27
0.028008	476.4
0.028121	477.53
0.028233	478.65
0.028346	479.78
0.028458	480.91
0.02857	482.04
0.028682	483.17
0.028794	484.3
0.028906	485.43
0.029018	486.56
0.02913	487.69
0.029242	488.82
0.029353	489.94
0.029465	491.07
0.029576	492.2
0.029687	493.33
0.029798	494.46
0.029909	495.59
0.03002	496.72
0.030131	497.85
0.030241	498.98
0.030351	500.1
0.030462	501.23
0.030572	502.36
0.030682	503.49
0.030791	504.62
0.030901	505.75
0.03101	506.88
0.03112	508.01
0.031229	509.14
0.031337	510.26
0.031446	511.39
0.031554	512.52
0.031663	513.65
0.031771	514.78
0.031879	515.91
0.031986	517.04
0.032094	518.17
0.032201	519.3
0.032308	520.42
0.032414	521.55
0.032521	522.68
0.032627	523.81
0.032733	524.94
0.032839	526.07
0.032944	527.2
0.033049	528.33
0.033154	529.46
0.033259	530.58
0.033363	531.71
0.033467	532.84
0.033571	533.97
0.033674	535.1
0.033777	536.23
0.03388	537.36
0.033983	538.49
0.034085	539.62
0.034187	540.74
0.034288	541.87
0.034389	543
0.03449	544.13
0.034591	545.26
0.034691	546.39
0.034791	547.52
0.03489	548.65
0.034989	549.78
0.035088	550.9
0.035187	552.03
0.035284	553.16
0.035382	554.29
0.035479	555.42
0.035576	556.55
0.035672	557.68
0.035768	558.81
0.035864	559.94
0.035959	561.06
0.036054	562.19
0.036148	563.32
0.036242	564.45
0.036336	565.58
0.036429	566.71
0.036521	567.84
0.036614	568.97
0.036705	570.1
0.036797	571.22
0.036887	572.35
0.036978	573.48
0.037068	574.61
0.037157	575.74
0.037246	576.87
0.037335	578
0.037423	579.13
0.037511	580.26
0.037598	581.39
0.037684	582.51
0.03777	583.64
0.037856	584.77
0.037941	585.9
0.038026	587.03
0.03811	588.16
0.038194	589.29
0.038277	590.42
0.03836	591.55
0.038442	592.67
0.038523	593.8
0.038604	594.93
0.038685	596.06
0.038765	597.19
0.038844	598.32
0.038923	599.45
0.039001	600.58
0.039079	601.71
0.039157	602.83
0.039233	603.96
0.039309	605.09
0.039385	606.22
0.03946	607.35
0.039534	608.48
0.039608	609.61
0.039681	610.74
0.039754	611.87
0.039826	612.99
0.039898	614.12
0.039968	615.25
0.040039	616.38
0.040108	617.51
0.040177	618.64
0.040246	619.77
0.040314	620.9
0.040381	622.03
0.040447	623.15
0.040513	624.28
0.040579	625.41
0.040643	626.54
0.040707	627.67
0.040771	628.8
0.040833	629.93
0.040895	631.06
0.040957	632.19
0.041018	633.31
0.041078	634.44
0.041137	635.57
0.041196	636.7
0.041254	637.83
0.041311	638.96
0.041368	640.09
0.041424	641.22
0.041479	642.35
0.041534	643.47
0.041588	644.6
0.041641	645.73
0.041694	646.86
0.041745	647.99
0.041797	649.12
0.041847	650.25
0.041897	651.38
0.041946	652.51
0.041994	653.63
0.042042	654.76
0.042089	655.89
0.042135	657.02
0.04218	658.15
0.042225	659.28
0.042269	660.41
0.042313	661.54
0.042355	662.67
0.042397	663.8
0.042438	664.92
0.042479	666.05
0.042518	667.18
0.042557	668.31
0.042595	669.44
0.042633	670.57
0.04267	671.7
0.042706	672.83
0.042741	673.96
0.042775	675.08
0.042809	676.21
0.042842	677.34
0.042874	678.47
0.042906	679.6
0.042937	680.73
0.042966	681.86
0.042996	682.99
0.043024	684.12
0.043052	685.24
0.043079	686.37
0.043105	687.5
0.04313	688.63
0.043155	689.76
0.043179	690.89
0.043202	692.02
0.043224	693.15
0.043246	694.28
0.043266	695.4
0.043286	696.53
0.043306	697.66
0.043324	698.79
0.043342	699.92
0.043358	701.05
0.043374	702.18
0.04339	703.31
0.043404	704.44
0.043418	705.56
0.043431	706.69
0.043443	707.82
0.043454	708.95
0.043464	710.08
0.043474	711.21
0.043483	712.34
0.043491	713.47
0.043498	714.6
0.043505	715.72
0.04351	716.85
0.043515	717.98
0.043519	719.11
0.043522	720.24
0.043524	721.37
0.043526	722.5
0.043527	723.63
0.043527	724.76
0.043526	725.88
0.043524	727.01
0.043521	728.14
0.043518	729.27
0.043514	730.4
0.043509	731.53
0.043503	732.66
0.043496	733.79
0.043489	734.92
0.043481	736.04
0.043472	737.17
0.043462	738.3
0.043451	739.43
0.043439	740.56
0.043427	741.69
0.043414	742.82
0.0434	743.95
0.043385	745.08
0.043369	746.2
0.043353	747.33
0.043335	748.46
0.043317	749.59
0.043298	750.72
0.043278	751.85
0.043258	752.98
0.043236	754.11
0.043214	755.24
0.043191	756.37
0.043167	757.49
0.043142	758.62
0.043117	759.75
0.04309	760.88
0.043063	762.01
0.043035	763.14
0.043006	764.27
0.042977	765.4
0.042946	766.53
0.042915	767.65
0.042883	768.78
0.04285	769.91
0.042816	771.04
0.042781	772.17
0.042746	773.3
0.04271	774.43
0.042673	775.56
0.042635	776.69
0.042596	777.81
0.042557	778.94
0.042516	780.07
0.042475	781.2
0.042433	782.33
0.04239	783.46
0.042347	784.59
0.042302	785.72
0.042257	786.85
0.042211	787.97
0.042164	789.1
0.042117	790.23
0.042068	791.36
0.042019	792.49
0.041969	793.62
0.041918	794.75
0.041866	795.88
0.041814	797.01
0.04176	798.13
0.041706	799.26
0.041651	800.39
0.041595	801.52
0.041539	802.65
0.041482	803.78
0.041423	804.91
0.041364	806.04
0.041305	807.17
0.041244	808.29
0.041183	809.42
0.041121	810.55
0.041058	811.68
0.040994	812.81
0.040929	813.94
0.040864	815.07
0.040798	816.2
0.040731	817.33
0.040663	818.45
0.040594	819.58
0.040525	820.71
0.040455	821.84
0.040384	822.97
0.040312	824.1
0.04024	825.23
0.040167	826.36
0.040093	827.49
0.040018	828.61
0.039942	829.74
0.039866	830.87
0.039789	832
0.039711	833.13
0.039632	834.26
0.039553	835.39
0.039472	836.52
0.039392	837.65
0.03931	838.78
0.039227	839.9
0.039144	841.03
0.03906	842.16
0.038975	843.29
0.03889	844.42
0.038803	845.55
0.038716	846.68
0.038628	847.81
0.03854	848.94
0.03845	850.06
0.03836	851.19
0.038269	852.32
0.038178	853.45
0.038086	854.58
0.037993	855.71
0.037899	856.84
0.037804	857.97
0.037709	859.1
0.037613	860.22
0.037516	861.35
0.037419	862.48
0.037321	863.61
0.037222	864.74
0.037122	865.87
0.037022	867
0.036921	868.13
0.036819	869.26
0.036717	870.38
0.036613	871.51
0.036509	872.64
0.036405	873.77
0.036299	874.9
0.036193	876.03
0.036087	877.16
0.035979	878.29
0.035871	879.42
0.035762	880.54
0.035653	881.67
0.035543	882.8
0.035432	883.93
0.03532	885.06
0.035208	886.19
0.035095	887.32
0.034981	888.45
0.034867	889.58
0.034752	890.7
0.034636	891.83
0.03452	892.96
0.034403	894.09
0.034285	895.22
0.034167	896.35
0.034048	897.48
0.033928	898.61
0.033808	899.74
0.033687	900.86
0.033565	901.99
0.033443	903.12
0.03332	904.25
0.033197	905.38
0.033072	906.51
0.032948	907.64
0.032822	908.77
0.032696	909.9
0.032569	911.02
0.032442	912.15
0.032314	913.28
0.032185	914.41
0.032056	915.54
0.031926	916.67
0.031795	917.8
0.031664	918.93
0.031533	920.06
0.0314	921.18
0.031267	922.31
0.031134	923.44
0.031	924.57
0.030865	925.7
0.030729	926.83
0.030594	927.96
0.030457	929.09
0.03032	930.22
0.030182	931.35
0.030044	932.47
0.029905	933.6
0.029766	934.73
0.029626	935.86
0.029485	936.99
0.029344	938.12
0.029202	939.25
0.02906	940.38
0.028917	941.51
0.028774	942.63
0.02863	943.76
0.028485	944.89
0.02834	946.02
0.028195	947.15
0.028049	948.28
0.027902	949.41
0.027755	950.54
0.027607	951.67
0.027459	952.79
0.02731	953.92
0.027161	955.05
0.027011	956.18
0.02686	957.31
0.02671	958.44
0.026558	959.57
0.026406	960.7
0.026254	961.83
0.026101	962.95
0.025948	964.08
0.025794	965.21
0.025639	966.34
0.025485	967.47
0.025329	968.6
0.025173	969.73
0.025017	970.86
0.02486	971.99
0.024703	973.11
0.024545	974.24
0.024387	975.37
0.024228	976.5
0.024069	977.63
0.02391	978.76
0.02375	979.89
0.023589	981.02
0.023428	982.15
0.023267	983.27
0.023105	984.4
0.022943	985.53
0.02278	986.66
0.022617	987.79
0.022453	988.92
0.022289	990.05
0.022125	991.18
0.02196	992.31
0.021795	993.43
0.021629	994.56
0.021463	995.69
0.021297	996.82
0.02113	997.95
0.020962	999.08
0.020795	1000.2
0.020627	1001.3
0.020458	1002.5
0.020289	1003.6
0.02012	1004.7
0.01995	1005.9
0.01978	1007
0.01961	1008.1
0.019439	1009.2
0.019268	1010.4
0.019097	1011.5
0.018925	1012.6
0.018753	1013.8
0.01858	1014.9
0.018407	1016
0.018234	1017.1
0.01806	1018.3
0.017887	1019.4
0.017712	1020.5
0.017538	1021.7
0.017363	1022.8
0.017188	1023.9
0.017012	1025
0.016836	1026.2
0.01666	1027.3
0.016483	1028.4
0.016307	1029.6
0.016129	1030.7
0.015952	1031.8
0.015774	1032.9
0.015596	1034.1
0.015418	1035.2
0.015239	1036.3
0.01506	1037.5
0.014881	1038.6
0.014702	1039.7
0.014522	1040.8
0.014342	1042
0.014162	1043.1
0.013981	1044.2
0.0138	1045.4
0.013619	1046.5
0.013438	1047.6
0.013257	1048.8
0.013075	1049.9
0.012893	1051
0.01271	1052.1
0.012528	1053.3
0.012345	1054.4
0.012162	1055.5
0.011979	1056.7
0.011796	1057.8
0.011612	1058.9
0.011428	1060
0.011244	1061.2
0.01106	1062.3
0.010875	1063.4
0.010691	1064.6
0.010506	1065.7
0.010321	1066.8
0.010135	1067.9
0.0099498	1069.1
0.0097642	1070.2
0.0095784	1071.3
0.0093924	1072.5
0.0092062	1073.6
0.0090199	1074.7
0.0088334	1075.8
0.0086467	1077
0.0084599	1078.1
0.0082729	1079.2
0.0080858	1080.4
0.0078985	1081.5
0.0077111	1082.6
0.0075235	1083.7
0.0073358	1084.9
0.007148	1086
0.00696	1087.1
0.0067719	1088.3
0.0065837	1089.4
0.0063954	1090.5
0.0062069	1091.6
0.0060183	1092.8
0.0058296	1093.9
0.0056409	1095
0.005452	1096.2
0.005263	1097.3
0.0050739	1098.4
0.0048847	1099.6
0.0046954	1100.7
0.0045061	1101.8
0.0043167	1102.9
0.0041271	1104.1
0.0039376	1105.2
0.0037479	1106.3
0.0035582	1107.5
0.0033684	1108.6
0.0031785	1109.7
0.0029886	1110.8
0.0027986	1112
0.0026086	1113.1
0.0024186	1114.2
0.0022284	1115.4
0.0020383	1116.5
0.0018481	1117.6
0.0016579	1118.7
0.0014676	1119.9
0.0012774	1121
0.0010871	1122.1
0.00089675	1123.3
0.00070642	1124.4
0.00051607	1125.5
0.00032572	1126.6
0.00013535	1127.8
-5.5011e-05	1128.9
-0.00024537	1130
-0.00043573	1131.2
-0.00062608	1132.3
-0.00081642	1133.4
-0.0010067	1134.5
-0.001197	1135.7
-0.0013873	1136.8
-0.0015776	1137.9
-0.0017678	1139.1
-0.001958	1140.2
-0.0021482	1141.3
-0.0023383	1142.4
-0.0025284	1143.6
-0.0027184	1144.7
-0.0029084	1145.8
-0.0030984	1147
-0.0032883	1148.1
-0.0034781	1149.2
-0.0036679	1150.4
-0.0038576	1151.5
-0.0040472	1152.6
-0.0042367	1153.7
-0.0044262	1154.9
-0.0046156	1156
-0.004805	1157.1
-0.0049942	1158.3
-0.0051834	1159.4
-0.0053724	1160.5
-0.0055614	1161.6
-0.0057502	1162.8
-0.005939	1163.9
-0.0061277	1165
-0.0063162	1166.2
-0.0065047	1167.3
-0.006693	1168.4
-0.0068812	1169.5
-0.0070693	1170.7
-0.0072573	1171.8
-0.0074451	1172.9
-0.0076328	1174.1
-0.0078204	1175.2
-0.0080078	1176.3
-0.0081951	1177.4
-0.0083822	1178.6
-0.0085692	1179.7
-0.0087561	1180.8
-0.0089428	1182
-0.0091293	1183.1
-0.0093157	1184.2
-0.0095019	1185.3
-0.009688	1186.5
-0.0098739	1187.6
-0.01006	1188.7
-0.010245	1189.9
-0.01043	1191
-0.010616	1192.1
-0.010801	1193.3
-0.010985	1194.4
-0.01117	1195.5
-0.011354	1196.6
-0.011539	1197.8
-0.011723	1198.9
-0.011907	1200
-0.01209	1201.2
-0.012274	1202.3
-0.012457	1203.4
-0.01264	1204.5
-0.012823	1205.7
-0.013005	1206.8
-0.013187	1207.9
-0.013369	1209.1
-0.013551	1210.2
-0.013733	1211.3
-0.013914	1212.4
-0.014095	1213.6
-0.014276	1214.7
-0.014457	1215.8
-0.014637	1217
-0.014818	1218.1
-0.014998	1219.2
-0.015177	1220.3
-0.015357	1221.5
-0.015536	1222.6
-0.015715	1223.7
-0.015893	1224.9
-0.016071	1226
-0.01625	1227.1
-0.016427	1228.2
-0.016605	1229.4
-0.016782	1230.5
-0.016959	1231.6
-0.017136	1232.8
-0.017312	1233.9
-0.017488	1235
-0.017664	1236.1
-0.017839	1237.3
-0.018014	1238.4
-0.018189	1239.5
-0.018364	1240.7
-0.018538	1241.8
-0.018712	1242.9
-0.018885	1244.1
-0.019059	1245.2
-0.019232	1246.3
-0.019404	1247.4
-0.019577	1248.6
-0.019749	1249.7
-0.01992	1250.8
-0.020092	1252
-0.020262	1253.1
-0.020433	1254.2
-0.020603	1255.3
-0.020773	1256.5
-0.020943	1257.6
-0.021112	1258.7
-0.021281	1259.9
-0.02145	1261
-0.021618	1262.1
-0.021786	1263.2
-0.021953	1264.4
-0.02212	1265.5
-0.022287	1266.6
-0.022453	1267.8
-0.022619	1268.9
-0.022785	1270
-0.02295	1271.1
-0.023115	1272.3
-0.023279	1273.4
-0.023443	1274.5
-0.023607	1275.7
-0.02377	1276.8
-0.023933	1277.9
-0.024096	1279
-0.024258	1280.2
-0.02442	1281.3
-0.024581	1282.4
-0.024742	1283.6
-0.024902	1284.7
-0.025062	1285.8
-0.025222	1286.9
-0.025381	1288.1
-0.02554	1289.2
-0.025698	1290.3
-0.025856	1291.5
-0.026014	1292.6
-0.026171	1293.7
-0.026328	1294.9
-0.026484	1296
-0.02664	1297.1
-0.026795	1298.2
-0.02695	1299.4
-0.027105	1300.5
-0.027259	1301.6
-0.027413	1302.8
-0.027566	1303.9
-0.027719	1305
-0.027871	1306.1
-0.028023	1307.3
-0.028174	1308.4
-0.028325	1309.5
-0.028476	1310.7
-0.028626	1311.8
-0.028775	1312.9
-0.028924	1314
-0.029073	1315.2
-0.029221	1316.3
-0.029369	1317.4
-0.029516	1318.6
-0.029663	1319.7
-0.029809	1320.8
-0.029955	1321.9
-0.0301	1323.1
-0.030245	1324.2
-0.030389	1325.3
-0.030533	1326.5
-0.030676	1327.6
-0.030819	1328.7
-0.030961	1329.8
-0.031103	1331
-0.031245	1332.1
-0.031386	1333.2
-0.031526	1334.4
-0.031666	1335.5
-0.031805	1336.6
-0.031944	1337.8
-0.032082	1338.9
-0.03222	1340
-0.032358	1341.1
-0.032494	1342.3
-0.032631	1343.4
-0.032767	1344.5
-0.032902	1345.7
-0.033037	1346.8
-0.033171	1347.9
-0.033304	1349
-0.033438	1350.2
-0.03357	1351.3
-0.033702	1352.4
-0.033834	1353.6
-0.033965	1354.7
-0.034096	1355.8
-0.034226	1356.9
-0.034355	1358.1
-0.034484	1359.2
-0.034612	1360.3
-0.03474	1361.5
-0.034868	1362.6
-0.034994	1363.7
-0.035121	1364.8
-0.035246	1366
-0.035371	1367.1
-0.035496	1368.2
-0.03562	1369.4
-0.035743	1370.5
-0.035866	1371.6
-0.035989	1372.7
-0.03611	1373.9
-0.036232	1375
-0.036352	1376.1
-0.036472	1377.3
-0.036592	1378.4
-0.036711	1379.5
-0.036829	1380.6
-0.036947	1381.8
-0.037064	1382.9
-0.037181	1384
-0.037297	1385.2
-0.037413	1386.3
-0.037528	1387.4
-0.037642	1388.6
-0.037756	1389.7
-0.037869	1390.8
-0.037982	1391.9
-0.038094	1393.1
-0.038206	1394.2
-0.038317	1395.3
-0.038427	1396.5
-0.038537	1397.6
-0.038646	1398.7
-0.038755	1399.8
-0.038863	1401
-0.03897	1402.1
-0.039077	1403.2
-0.039183	1404.4
-0.039289	1405.5
-0.039394	1406.6
-0.039498	1407.7
-0.039602	1408.9
-0.039705	1410
