8.1816e-18	0
5.7662e-05	20.05
0.00011829	40.1
0.00018495	60.15
0.00026094	80.201
0.00034985	100.25
0.00045561	120.3
0.00058231	140.35
0.00073416	160.4
0.00091557	180.45
0.0011313	200.5
0.0013867	220.55
0.0016872	240.6
0.0020389	260.65
0.002448	280.7
0.0029206	300.75
0.0034628	320.8
0.0040801	340.85
0.0047772	360.9
0.005558	380.95
0.0064249	401
0.0073785	421.05
0.0084181	441.1
0.0095412	461.15
0.010742	481.2
0.011933	500
0.012015	501.25
0.01335	521.3
0.014739	541.35
0.016169	561.4
0.017626	581.45
0.019101	601.5
0.020579	621.55
0.022047	641.6
0.023492	661.65
0.024903	681.7
0.026271	701.75
0.027586	721.8
0.028837	741.85
0.030018	761.9
0.031124	781.95
0.03215	802.01
0.03309	822.06
0.03394	842.11
0.034698	862.16
0.035363	882.21
0.035934	902.26
0.036408	922.31
0.036786	942.36
0.03707	962.41
0.037259	982.46
0.037357	1002.5
0.037365	1022.6
0.037285	1042.6
0.037121	1062.7
0.036876	1082.7
0.036554	1102.8
0.036159	1122.8
0.035695	1142.9
0.035166	1162.9
0.034577	1183
0.033933	1203
0.033238	1223.1
0.032496	1243.1
0.031713	1263.2
0.030893	1283.2
0.030041	1303.3
0.029161	1323.3
0.028257	1343.4
0.027333	1363.4
0.026395	1383.5
0.025445	1403.5
0.024488	1423.6
0.023527	1443.6
0.022566	1463.7
0.021608	1483.7
0.020656	1503.8
0.019713	1523.8
0.018782	1543.9
0.017866	1563.9
0.016966	1584
0.016085	1604
0.015225	1624.1
0.014387	1644.1
0.013574	1664.2
0.012786	1684.2
0.012024	1704.3
0.01129	1724.3
0.010584	1744.4
0.009906	1764.4
0.0092571	1784.5
0.0086372	1804.5
0.0080464	1824.6
0.0074845	1844.6
0.0069514	1864.7
0.0064465	1884.7
0.0059692	1904.8
0.005519	1924.8
0.0050952	1944.9
0.004697	1964.9
0.0043237	1985
0.0039742	2005
0.0036479	2025.1
0.0033435	2045.1
0.0030603	2065.2
0.0027971	2085.2
0.002553	2105.3
0.002327	2125.3
0.002118	2145.4
0.0019253	2165.4
0.0017477	2185.5
0.0015844	2205.5
0.0014345	2225.6
0.001297	2245.6
0.0011712	2265.7
0.0010562	2285.7
0.00095128	2305.8
0.00085568	2325.8
0.00076871	2345.9
0.00068972	2365.9
0.00061807	2386
0.00055318	2406
0.00049449	2426.1
0.00044149	2446.1
0.0003937	2466.2
0.00035066	2486.2
0.00031194	2506.3
0.00027717	2526.3
0.00024598	2546.4
0.00021804	2566.4
0.00019306	2586.5
0.00017073	2606.5
0.00015082	2626.6
0.00013307	2646.6
0.00011728	2666.7
0.00010325	2686.7
9.0794e-05	2706.8
7.9751e-05	2726.8
6.9974e-05	2746.9
6.1326e-05	2766.9
5.3689e-05	2787
4.6951e-05	2807
4.1014e-05	2827.1
3.579e-05	2847.1
3.1198e-05	2867.2
2.7166e-05	2887.2
2.363e-05	2907.3
2.0533e-05	2927.3
1.7823e-05	2947.4
1.5455e-05	2967.4
1.3387e-05	2987.5
1.1584e-05	3007.5
1.0014e-05	3027.6
8.6475e-06	3047.6
7.4599e-06	3067.7
6.429e-06	3087.7
5.5349e-06	3107.8
4.7605e-06	3127.8
4.0903e-06	3147.9
3.5111e-06	3167.9
3.0109e-06	3188
2.5795e-06	3208
2.2077e-06	3228.1
1.8877e-06	3248.1
1.6126e-06	3268.2
1.3762e-06	3288.2
1.1734e-06	3308.3
9.9944e-07	3328.3
8.5051e-07	3348.4
7.2308e-07	3368.4
6.1418e-07	3388.5
5.2119e-07	3408.5
4.4187e-07	3428.6
3.7427e-07	3448.6
3.1673e-07	3468.7
2.6779e-07	3488.7
2.2621e-07	3508.8
1.9091e-07	3528.8
1.6097e-07	3548.9
1.3561e-07	3568.9
1.1414e-07	3589
9.5983e-08	3609
8.0642e-08	3629.1
6.7693e-08	3649.1
5.6774e-08	3669.2
4.7574e-08	3689.2
3.983e-08	3709.3
3.3317e-08	3729.3
2.7846e-08	3749.4
2.3253e-08	3769.4
1.9401e-08	3789.5
1.6173e-08	3809.5
1.3471e-08	3829.6
1.1211e-08	3849.6
9.3219e-09	3869.7
7.7448e-09	3889.7
6.4292e-09	3909.8
5.3326e-09	3929.8
4.4193e-09	3949.9
3.6594e-09	3969.9
3.0277e-09	3990
2.5029e-09	4010
2.0675e-09	4030.1
1.7064e-09	4050.1
1.4072e-09	4070.2
1.1595e-09	4090.2
9.547e-10	4110.3
7.8542e-10	4130.3
6.4564e-10	4150.4
5.3032e-10	4170.4
4.3525e-10	4190.5
3.5694e-10	4210.5
2.925e-10	4230.6
2.395e-10	4250.6
1.9595e-10	4270.7
1.602e-10	4290.7
1.3087e-10	4310.8
1.0683e-10	4330.8
8.7138e-11	4350.9
7.102e-11	4370.9
5.784e-11	4391
4.707e-11	4411
3.8275e-11	4431.1
3.11e-11	4451.1
2.525e-11	4471.2
2.0485e-11	4491.2
1.6607e-11	4511.3
1.3452e-11	4531.3
1.0888e-11	4551.4
8.8051e-12	4571.4
7.1152e-12	4591.5
5.7448e-12	4611.5
4.6343e-12	4631.6
3.7352e-12	4651.6
3.0077e-12	4671.7
2.4196e-12	4691.7
1.9444e-12	4711.8
1.5608e-12	4731.8
1.2514e-12	4751.9
1.0019e-12	4771.9
8.0101e-13	4792
6.3929e-13	4812
5.0922e-13	4832.1
4.0469e-13	4852.1
3.2076e-13	4872.2
2.5342e-13	4892.2
1.9943e-13	4912.3
1.562e-13	4932.3
1.2162e-13	4952.4
9.3988e-14	4972.4
7.1951e-14	4992.5
5.441e-14	5012.5
4.0488e-14	5032.6
2.9482e-14	5052.6
2.0833e-14	5072.7
1.41e-14	5092.7
8.9352e-15	5112.8
5.0691e-15	5132.8
2.2992e-15	5152.9
4.7919e-16	5172.9
-4.8828e-16	5193
-6.8434e-16	5213
-6.8239e-16	5233.1
-6.8045e-16	5253.1
-6.7852e-16	5273.2
-6.7662e-16	5293.2
-6.7472e-16	5313.3
-6.7284e-16	5333.3
-6.7098e-16	5353.4
-6.6913e-16	5373.4
-6.6729e-16	5393.5
-6.6545e-16	5413.5
-6.6363e-16	5433.6
-6.6181e-16	5453.6
-6.5999e-16	5473.7
-6.5819e-16	5493.7
-6.5639e-16	5513.8
-6.546e-16	5533.8
-6.5283e-16	5553.9
-6.5107e-16	5573.9
-6.4932e-16	5594
-6.4759e-16	5614
-6.4587e-16	5634.1
-6.4417e-16	5654.1
-6.4248e-16	5674.2
-6.4081e-16	5694.2
-6.3914e-16	5714.3
-6.375e-16	5734.3
-6.3586e-16	5754.4
-6.3424e-16	5774.4
-6.3263e-16	5794.5
-6.3104e-16	5814.5
-6.2946e-16	5834.6
-6.2789e-16	5854.6
-6.2633e-16	5874.7
-6.2479e-16	5894.7
-6.2326e-16	5914.8
-6.2174e-16	5934.8
-6.2023e-16	5954.9
-6.1873e-16	5974.9
-6.1725e-16	5995
-6.1578e-16	6015
-6.1431e-16	6035.1
-6.1286e-16	6055.1
-6.1142e-16	6075.2
-6.0999e-16	6095.2
-6.0857e-16	6115.3
-6.0717e-16	6135.3
-6.0577e-16	6155.4
-6.0438e-16	6175.4
-6.03e-16	6195.5
-6.0163e-16	6215.5
-6.0028e-16	6235.6
-5.9893e-16	6255.6
-5.9759e-16	6275.7
-5.9626e-16	6295.7
-5.9495e-16	6315.8
-5.9364e-16	6335.8
-5.9234e-16	6355.9
-5.9105e-16	6375.9
-5.8977e-16	6396
-5.885e-16	6416
-5.8723e-16	6436.1
-5.8598e-16	6456.1
-5.8473e-16	6476.2
-5.8349e-16	6496.2
-5.8226e-16	6516.3
-5.8104e-16	6536.3
-5.7983e-16	6556.4
-5.7863e-16	6576.4
-5.7743e-16	6596.5
-5.7624e-16	6616.5
-5.7506e-16	6636.6
-5.7389e-16	6656.6
-5.7272e-16	6676.7
-5.7157e-16	6696.7
-5.7042e-16	6716.8
-5.6927e-16	6736.8
-5.6814e-16	6756.9
-5.6701e-16	6776.9
-5.6589e-16	6797
-5.6478e-16	6817
-5.6368e-16	6837.1
-5.6258e-16	6857.1
-5.6149e-16	6877.2
-5.604e-16	6897.2
-5.5933e-16	6917.3
-5.5825e-16	6937.3
-5.5719e-16	6957.4
-5.5613e-16	6977.4
-5.5508e-16	6997.5
-5.5404e-16	7017.5
-5.53e-16	7037.6
-5.5197e-16	7057.6
-5.5094e-16	7077.7
-5.4992e-16	7097.7
-5.4891e-16	7117.8
-5.479e-16	7137.8
-5.469e-16	7157.9
-5.4591e-16	7177.9
-5.4492e-16	7198
-5.4393e-16	7218
-5.4295e-16	7238.1
-5.4198e-16	7258.1
-5.4102e-16	7278.2
-5.4005e-16	7298.2
-5.391e-16	7318.3
-5.3815e-16	7338.3
-5.372e-16	7358.4
-5.3626e-16	7378.4
-5.3532e-16	7398.5
-5.3438e-16	7418.5
-5.3344e-16	7438.6
-5.3251e-16	7458.6
-5.3157e-16	7478.7
-5.3063e-16	7498.7
-5.2969e-16	7518.8
-5.2873e-16	7538.8
-5.2776e-16	7558.9
-5.2676e-16	7578.9
-5.2573e-16	7599
-5.2465e-16	7619
-5.2351e-16	7639.1
-5.2227e-16	7659.1
-5.209e-16	7679.2
-5.1936e-16	7699.2
-5.1757e-16	7719.3
-5.1547e-16	7739.3
-5.1291e-16	7759.4
-5.0975e-16	7779.4
-5.0576e-16	7799.5
-5.0063e-16	7819.5
-4.9397e-16	7839.6
-4.8519e-16	7859.6
-4.7355e-16	7879.7
-4.5799e-16	7899.7
-4.3707e-16	7919.8
-4.0886e-16	7939.8
-3.7066e-16	7959.9
-3.1882e-16	7979.9
-2.863e-16	7990
