1.1887e-11	0
4.7033e-05	3.715
9.4084e-05	7.4299
0.00014117	11.145
0.00018831	14.86
0.00023553	18.575
0.00028283	22.29
0.00033025	26.005
0.00037779	29.72
0.00042548	33.435
0.00047332	37.15
0.00052135	40.865
0.00056958	44.58
0.00061802	48.295
0.0006667	52.01
0.00071563	55.725
0.00076482	59.44
0.0008143	63.155
0.00086408	66.869
0.00091418	70.584
0.00096462	74.299
0.0010154	78.014
0.0010666	81.729
0.0011181	85.444
0.0011701	89.159
0.0012225	92.874
0.0012753	96.589
0.0013286	100.3
0.0013823	104.02
0.0014366	107.73
0.0014913	111.45
0.0015466	115.16
0.0016025	118.88
0.0016588	122.59
0.0017158	126.31
0.0017734	130.02
0.0018316	133.74
0.0018904	137.45
0.0019499	141.17
0.00201	144.88
0.0020708	148.6
0.0021323	152.31
0.0021945	156.03
0.0022575	159.74
0.0023212	163.46
0.0023856	167.17
0.0024509	170.89
0.0025169	174.6
0.0025837	178.32
0.0026514	182.03
0.0027199	185.75
0.0027893	189.46
0.0028596	193.18
0.0029307	196.89
0.0030028	200.61
0.0030758	204.32
0.0031497	208.04
0.0032246	211.75
0.0033005	215.47
0.0033774	219.18
0.0034553	222.9
0.0035342	226.61
0.0036141	230.33
0.0036951	234.04
0.0037772	237.76
0.0038603	241.47
0.0039446	245.19
0.00403	248.9
0.0041165	252.62
0.0042041	256.33
0.0042929	260.05
0.0043829	263.76
0.004474	267.48
0.0045664	271.19
0.0046599	274.91
0.0047547	278.62
0.0048506	282.34
0.0049478	286.05
0.0050463	289.77
0.005146	293.48
0.0052469	297.2
0.0053491	300.91
0.0054526	304.63
0.0055574	308.34
0.0056634	312.06
0.0057708	315.77
0.0058794	319.49
0.0059893	323.2
0.0061005	326.92
0.0062129	330.63
0.0063267	334.35
0.0064417	338.06
0.0065581	341.78
0.0066757	345.49
0.0067946	349.21
0.0069147	352.92
0.0070362	356.64
0.0071588	360.35
0.0072828	364.07
0.007408	367.78
0.0075344	371.5
0.0076621	375.21
0.0077909	378.93
0.007921	382.64
0.0080523	386.36
0.0081847	390.07
0.0083183	393.79
0.0084531	397.5
0.008589	401.22
0.0087259	404.93
0.008864	408.65
0.0090032	412.36
0.0091434	416.08
0.0092847	419.79
0.009427	423.51
0.0095703	427.22
0.0097146	430.94
0.0098599	434.65
0.010006	438.37
0.010153	442.08
0.010301	445.8
0.01045	449.51
0.0106	453.23
0.010751	456.94
0.010902	460.66
0.011054	464.37
0.011207	468.09
0.011361	471.8
0.011515	475.52
0.01167	479.23
0.011826	482.95
0.011983	486.66
0.012139	490.38
0.012297	494.09
0.012455	497.81
0.012614	501.52
0.012773	505.24
0.012932	508.95
0.013092	512.67
0.013253	516.38
0.013413	520.1
0.013575	523.81
0.013736	527.53
0.013898	531.24
0.01406	534.96
0.014223	538.67
0.014385	542.39
0.014548	546.1
0.014711	549.82
0.014875	553.53
0.015038	557.25
0.015201	560.96
0.015365	564.68
0.015528	568.39
0.015692	572.11
0.015855	575.82
0.016019	579.54
0.016182	583.25
0.016345	586.97
0.016509	590.68
0.016672	594.4
0.016835	598.11
0.016998	601.83
0.017161	605.54
0.017323	609.26
0.017486	612.97
0.017648	616.69
0.017809	620.4
0.017971	624.12
0.018132	627.83
0.018293	631.55
0.018453	635.26
0.018613	638.98
0.018773	642.69
0.018932	646.41
0.019091	650.12
0.019249	653.84
0.019407	657.55
0.019564	661.27
0.019721	664.98
0.019877	668.69
0.020033	672.41
0.020188	676.12
0.020342	679.84
0.020496	683.55
0.020649	687.27
0.020802	690.98
0.020954	694.7
0.021105	698.41
0.021256	702.13
0.021406	705.84
0.021555	709.56
0.021704	713.27
0.021851	716.99
0.021998	720.7
0.022144	724.42
0.022289	728.13
0.022434	731.85
0.022577	735.56
0.02272	739.28
0.022862	742.99
0.023003	746.71
0.023143	750.42
0.023282	754.14
0.023421	757.85
0.023558	761.57
0.023694	765.28
0.02383	769
0.023965	772.71
0.024098	776.43
0.024231	780.14
0.024362	783.86
0.024493	787.57
0.024623	791.29
0.024751	795
0.024879	798.72
0.025005	802.43
0.025131	806.15
0.025255	809.86
0.025379	813.58
0.025501	817.29
0.025622	821.01
0.025742	824.72
0.025861	828.44
0.025979	832.15
0.026096	835.87
0.026211	839.58
0.026326	843.3
0.026439	847.01
0.026551	850.73
0.026662	854.44
0.026772	858.16
0.02688	861.87
0.026988	865.59
0.027094	869.3
0.027199	873.02
0.027303	876.73
0.027406	880.45
0.027508	884.16
0.027608	887.88
0.027707	891.59
0.027805	895.31
0.027902	899.02
0.027997	902.74
0.028091	906.45
0.028184	910.17
0.028276	913.88
0.028367	917.6
0.028456	921.31
0.028544	925.03
0.02863	928.74
0.028716	932.46
0.0288	936.17
0.028883	939.89
0.028965	943.6
0.029045	947.32
0.029124	951.03
0.029202	954.75
0.029278	958.46
0.029354	962.18
0.029428	965.89
0.0295	969.61
0.029572	973.32
0.029642	977.04
0.029711	980.75
0.029778	984.47
0.029844	988.18
0.029909	991.9
0.029973	995.61
0.030035	999.33
0.030096	1003
0.030156	1006.8
0.030214	1010.5
0.030272	1014.2
0.030327	1017.9
0.030382	1021.6
0.030435	1025.3
0.030487	1029
0.030537	1032.8
0.030587	1036.5
0.030635	1040.2
0.030681	1043.9
0.030726	1047.6
0.03077	1051.3
0.030813	1055.1
0.030855	1058.8
0.030895	1062.5
0.030933	1066.2
0.030971	1069.9
0.031007	1073.6
0.031042	1077.3
0.031075	1081.1
0.031107	1084.8
0.031138	1088.5
0.031168	1092.2
0.031196	1095.9
0.031223	1099.6
0.031249	1103.3
0.031273	1107.1
0.031296	1110.8
0.031318	1114.5
0.031338	1118.2
0.031357	1121.9
0.031375	1125.6
0.031392	1129.4
0.031407	1133.1
0.031421	1136.8
0.031433	1140.5
0.031445	1144.2
0.031455	1147.9
0.031464	1151.6
0.031471	1155.4
0.031477	1159.1
0.031482	1162.8
0.031486	1166.5
0.031488	1170.2
0.031489	1173.9
0.031489	1177.6
0.031488	1181.4
0.031485	1185.1
0.031481	1188.8
0.031476	1192.5
0.03147	1196.2
0.031462	1199.9
0.031453	1203.7
0.031443	1207.4
0.031432	1211.1
0.031419	1214.8
0.031405	1218.5
0.03139	1222.2
0.031374	1225.9
0.031356	1229.7
0.031337	1233.4
0.031317	1237.1
0.031296	1240.8
0.031274	1244.5
0.03125	1248.2
0.031225	1251.9
0.0312	1255.7
0.031172	1259.4
0.031144	1263.1
0.031115	1266.8
0.031084	1270.5
0.031052	1274.2
0.03102	1278
0.030986	1281.7
0.03095	1285.4
0.030914	1289.1
0.030877	1292.8
0.030838	1296.5
0.030799	1300.2
0.030758	1304
0.030716	1307.7
0.030673	1311.4
0.030629	1315.1
0.030584	1318.8
0.030538	1322.5
0.03049	1326.2
0.030442	1330
0.030393	1333.7
0.030342	1337.4
0.030291	1341.1
0.030238	1344.8
0.030185	1348.5
0.03013	1352.2
0.030075	1356
0.030018	1359.7
0.029961	1363.4
0.029902	1367.1
0.029843	1370.8
0.029783	1374.5
0.029721	1378.3
0.029659	1382
0.029596	1385.7
0.029532	1389.4
0.029466	1393.1
0.0294	1396.8
0.029334	1400.5
0.029266	1404.3
0.029197	1408
0.029128	1411.7
0.029057	1415.4
0.028986	1419.1
0.028914	1422.8
0.028841	1426.5
0.028767	1430.3
0.028692	1434
0.028617	1437.7
0.02854	1441.4
0.028463	1445.1
0.028386	1448.8
0.028307	1452.6
0.028228	1456.3
0.028147	1460
0.028066	1463.7
0.027985	1467.4
0.027902	1471.1
0.027819	1474.8
0.027736	1478.6
0.027651	1482.3
0.027566	1486
0.02748	1489.7
0.027394	1493.4
0.027306	1497.1
0.027219	1500.8
0.02713	1504.6
0.027041	1508.3
0.026951	1512
0.026861	1515.7
0.02677	1519.4
0.026678	1523.1
0.026586	1526.9
0.026494	1530.6
0.0264	1534.3
0.026306	1538
0.026212	1541.7
0.026117	1545.4
0.026022	1549.1
0.025926	1552.9
0.025829	1556.6
0.025732	1560.3
0.025635	1564
0.025537	1567.7
0.025439	1571.4
0.02534	1575.1
0.025241	1578.9
0.025141	1582.6
0.025041	1586.3
0.02494	1590
0.024839	1593.7
0.024738	1597.4
0.024636	1601.2
0.024534	1604.9
0.024432	1608.6
0.024329	1612.3
0.024226	1616
0.024123	1619.7
0.024019	1623.4
0.023915	1627.2
0.02381	1630.9
0.023705	1634.6
0.0236	1638.3
0.023495	1642
0.023389	1645.7
0.023284	1649.4
0.023177	1653.2
0.023071	1656.9
0.022964	1660.6
0.022858	1664.3
0.022751	1668
0.022643	1671.7
0.022536	1675.5
0.022428	1679.2
0.022321	1682.9
0.022213	1686.6
0.022104	1690.3
0.021996	1694
0.021888	1697.7
0.021779	1701.5
0.021671	1705.2
0.021562	1708.9
0.021453	1712.6
0.021344	1716.3
0.021235	1720
0.021126	1723.7
0.021016	1727.5
0.020907	1731.2
0.020798	1734.9
0.020688	1738.6
0.020579	1742.3
0.020469	1746
0.02036	1749.8
0.02025	1753.5
0.020141	1757.2
0.020031	1760.9
0.019921	1764.6
0.019812	1768.3
0.019702	1772
0.019593	1775.8
0.019483	1779.5
0.019374	1783.2
0.019265	1786.9
0.019155	1790.6
0.019046	1794.3
0.018937	1798
0.018828	1801.8
0.018719	1805.5
0.01861	1809.2
0.018501	1812.9
0.018392	1816.6
0.018284	1820.3
0.018175	1824.1
0.018067	1827.8
0.017959	1831.5
0.01785	1835.2
0.017743	1838.9
0.017635	1842.6
0.017527	1846.3
0.01742	1850.1
0.017312	1853.8
0.017205	1857.5
0.017098	1861.2
0.016992	1864.9
0.016885	1868.6
0.016779	1872.3
0.016672	1876.1
0.016567	1879.8
0.016461	1883.5
0.016355	1887.2
0.01625	1890.9
0.016145	1894.6
0.01604	1898.4
0.015936	1902.1
0.015831	1905.8
0.015727	1909.5
0.015623	1913.2
0.01552	1916.9
0.015417	1920.6
0.015314	1924.4
0.015211	1928.1
0.015108	1931.8
0.015006	1935.5
0.014904	1939.2
0.014803	1942.9
0.014702	1946.6
0.014601	1950.4
0.0145	1954.1
0.0144	1957.8
0.014299	1961.5
0.0142	1965.2
0.0141	1968.9
0.014001	1972.7
0.013902	1976.4
0.013804	1980.1
0.013706	1983.8
0.013608	1987.5
0.013511	1991.2
0.013414	1994.9
0.013317	1998.7
0.013221	2002.4
0.013125	2006.1
0.013029	2009.8
0.012934	2013.5
0.012839	2017.2
0.012744	2020.9
0.01265	2024.7
0.012556	2028.4
0.012463	2032.1
0.01237	2035.8
0.012277	2039.5
0.012185	2043.2
0.012093	2046.9
0.012002	2050.7
0.011911	2054.4
0.01182	2058.1
0.011729	2061.8
0.01164	2065.5
0.01155	2069.2
0.011461	2073
0.011372	2076.7
0.011284	2080.4
0.011196	2084.1
0.011108	2087.8
0.011021	2091.5
0.010935	2095.2
0.010848	2099
0.010763	2102.7
0.010677	2106.4
0.010592	2110.1
0.010507	2113.8
0.010423	2117.5
0.01034	2121.2
0.010256	2125
0.010173	2128.7
0.010091	2132.4
0.010009	2136.1
0.009927	2139.8
0.0098458	2143.5
0.009765	2147.3
0.0096847	2151
0.0096048	2154.7
0.0095253	2158.4
0.0094462	2162.1
0.0093676	2165.8
0.0092894	2169.5
0.0092116	2173.3
0.0091343	2177
0.0090574	2180.7
0.0089809	2184.4
0.0089049	2188.1
0.0088293	2191.8
0.0087541	2195.5
0.0086794	2199.3
0.0086051	2203
0.0085313	2206.7
0.0084578	2210.4
0.0083849	2214.1
0.0083123	2217.8
0.0082402	2221.6
0.0081685	2225.3
0.0080973	2229
0.0080265	2232.7
0.0079561	2236.4
0.0078862	2240.1
0.0078167	2243.8
0.0077476	2247.6
0.007679	2251.3
0.0076108	2255
0.007543	2258.7
0.0074757	2262.4
0.0074088	2266.1
0.0073423	2269.8
0.0072762	2273.6
0.0072106	2277.3
0.0071455	2281
0.0070807	2284.7
0.0070164	2288.4
0.0069525	2292.1
0.006889	2295.9
0.0068259	2299.6
0.0067633	2303.3
0.0067011	2307
0.0066393	2310.7
0.006578	2314.4
0.006517	2318.1
0.0064565	2321.9
0.0063964	2325.6
0.0063368	2329.3
0.0062775	2333
0.0062187	2336.7
0.0061602	2340.4
0.0061022	2344.1
0.0060446	2347.9
0.0059874	2351.6
0.0059307	2355.3
0.0058743	2359
0.0058183	2362.7
0.0057628	2366.4
0.0057076	2370.2
0.0056529	2373.9
0.0055986	2377.6
0.0055446	2381.3
0.0054911	2385
0.005438	2388.7
0.0053852	2392.4
0.0053329	2396.2
0.0052809	2399.9
0.0052294	2403.6
0.0051782	2407.3
0.0051275	2411
0.0050771	2414.7
0.0050271	2418.4
0.0049775	2422.2
0.0049282	2425.9
0.0048794	2429.6
0.0048309	2433.3
0.0047829	2437
0.0047352	2440.7
0.0046878	2444.5
0.0046409	2448.2
0.0045943	2451.9
0.0045481	2455.6
0.0045023	2459.3
0.0044568	2463
0.0044117	2466.7
0.004367	2470.5
0.0043226	2474.2
0.0042786	2477.9
0.0042349	2481.6
0.0041917	2485.3
0.0041487	2489
0.0041061	2492.7
0.0040639	2496.5
0.004022	2500.2
0.0039805	2503.9
0.0039393	2507.6
0.0038985	2511.3
0.003858	2515
0.0038178	2518.8
0.003778	2522.5
0.0037386	2526.2
0.0036994	2529.9
0.0036606	2533.6
0.0036222	2537.3
0.003584	2541
0.0035462	2544.8
0.0035087	2548.5
0.0034716	2552.2
0.0034347	2555.9
0.0033982	2559.6
0.003362	2563.3
0.0033262	2567
0.0032906	2570.8
0.0032554	2574.5
0.0032205	2578.2
0.0031858	2581.9
0.0031515	2585.6
0.0031175	2589.3
0.0030839	2593.1
0.0030505	2596.8
0.0030174	2600.5
0.0029846	2604.2
0.0029521	2607.9
0.0029199	2611.6
0.002888	2615.3
0.0028564	2619.1
0.0028251	2622.8
0.002794	2626.5
0.0027633	2630.2
0.0027328	2633.9
0.0027027	2637.6
0.0026728	2641.3
0.0026431	2645.1
0.0026138	2648.8
0.0025847	2652.5
0.0025559	2656.2
0.0025274	2659.9
0.0024992	2663.6
0.0024712	2667.3
0.0024435	2671.1
0.002416	2674.8
0.0023888	2678.5
0.0023619	2682.2
0.0023352	2685.9
0.0023088	2689.6
0.0022827	2693.4
0.0022568	2697.1
0.0022311	2700.8
0.0022057	2704.5
0.0021805	2708.2
0.0021556	2711.9
0.0021309	2715.6
0.0021065	2719.4
0.0020823	2723.1
0.0020584	2726.8
0.0020347	2730.5
0.0020112	2734.2
0.001988	2737.9
0.0019649	2741.6
0.0019422	2745.4
0.0019196	2749.1
0.0018973	2752.8
0.0018752	2756.5
0.0018533	2760.2
0.0018316	2763.9
0.0018102	2767.7
0.001789	2771.4
0.0017679	2775.1
0.0017472	2778.8
0.0017266	2782.5
0.0017062	2786.2
0.001686	2789.9
0.0016661	2793.7
0.0016463	2797.4
0.0016268	2801.1
0.0016074	2804.8
0.0015883	2808.5
0.0015694	2812.2
0.0015506	2815.9
0.0015321	2819.7
0.0015137	2823.4
0.0014955	2827.1
0.0014776	2830.8
0.0014598	2834.5
0.0014422	2838.2
0.0014248	2842
0.0014075	2845.7
0.0013905	2849.4
0.0013736	2853.1
0.001357	2856.8
0.0013404	2860.5
0.0013241	2864.2
0.001308	2868
0.001292	2871.7
0.0012762	2875.4
0.0012605	2879.1
0.0012451	2882.8
0.0012298	2886.5
0.0012147	2890.2
0.0011997	2894
0.0011849	2897.7
0.0011702	2901.4
0.0011557	2905.1
0.0011414	2908.8
0.0011273	2912.5
0.0011132	2916.3
0.0010994	2920
0.0010857	2923.7
0.0010721	2927.4
0.0010587	2931.1
0.0010455	2934.8
0.0010324	2938.5
0.0010194	2942.3
0.0010066	2946
0.00099393	2949.7
0.0009814	2953.4
0.00096902	2957.1
0.00095677	2960.8
0.00094466	2964.5
0.00093269	2968.3
0.00092085	2972
0.00090915	2975.7
0.00089758	2979.4
0.00088614	2983.1
0.00087483	2986.8
0.00086365	2990.6
0.0008526	2994.3
0.00084167	2998
0.00083088	3001.7
0.0008202	3005.4
0.00080965	3009.1
0.00079922	3012.8
0.00078891	3016.6
0.00077872	3020.3
0.00076865	3024
0.0007587	3027.7
0.00074886	3031.4
0.00073913	3035.1
0.00072952	3038.8
0.00072003	3042.6
0.00071064	3046.3
0.00070136	3050
0.0006922	3053.7
0.00068314	3057.4
0.00067419	3061.1
0.00066534	3064.9
0.0006566	3068.6
0.00064797	3072.3
0.00063943	3076
0.000631	3079.7
0.00062267	3083.4
0.00061443	3087.1
0.0006063	3090.9
0.00059826	3094.6
0.00059033	3098.3
0.00058248	3102
0.00057473	3105.7
0.00056707	3109.4
0.00055951	3113.1
0.00055204	3116.9
0.00054466	3120.6
0.00053737	3124.3
0.00053016	3128
0.00052305	3131.7
0.00051602	3135.4
0.00050908	3139.2
0.00050222	3142.9
0.00049545	3146.6
0.00048876	3150.3
0.00048215	3154
0.00047562	3157.7
0.00046918	3161.4
0.00046281	3165.2
0.00045652	3168.9
0.00045031	3172.6
0.00044418	3176.3
0.00043812	3180
0.00043214	3183.7
0.00042624	3187.4
0.0004204	3191.2
0.00041465	3194.9
0.00040896	3198.6
0.00040334	3202.3
0.0003978	3206
0.00039232	3209.7
0.00038691	3213.5
0.00038158	3217.2
0.00037631	3220.9
0.0003711	3224.6
0.00036596	3228.3
0.00036089	3232
0.00035588	3235.7
0.00035094	3239.5
0.00034606	3243.2
0.00034124	3246.9
0.00033648	3250.6
0.00033178	3254.3
0.00032715	3258
0.00032257	3261.7
0.00031805	3265.5
0.00031359	3269.2
0.00030919	3272.9
0.00030484	3276.6
0.00030055	3280.3
0.00029632	3284
0.00029214	3287.8
0.00028802	3291.5
0.00028395	3295.2
0.00027993	3298.9
0.00027596	3302.6
0.00027205	3306.3
0.00026819	3310
0.00026437	3313.8
0.00026061	3317.5
0.0002569	3321.2
0.00025323	3324.9
0.00024962	3328.6
0.00024605	3332.3
0.00024253	3336
0.00023906	3339.8
0.00023563	3343.5
0.00023225	3347.2
0.00022891	3350.9
0.00022561	3354.6
0.00022237	3358.3
0.00021916	3362
0.000216	3365.8
0.00021287	3369.5
0.0002098	3373.2
0.00020676	3376.9
0.00020376	3380.6
0.0002008	3384.3
0.00019789	3388.1
0.00019501	3391.8
0.00019217	3395.5
0.00018937	3399.2
0.00018661	3402.9
0.00018388	3406.6
0.00018119	3410.3
0.00017854	3414.1
0.00017592	3417.8
0.00017334	3421.5
0.0001708	3425.2
0.00016829	3428.9
0.00016581	3432.6
0.00016337	3436.3
0.00016096	3440.1
0.00015859	3443.8
0.00015624	3447.5
0.00015393	3451.2
0.00015165	3454.9
0.00014941	3458.6
0.00014719	3462.4
0.000145	3466.1
0.00014285	3469.8
0.00014072	3473.5
0.00013863	3477.2
0.00013656	3480.9
0.00013452	3484.6
0.00013251	3488.4
0.00013053	3492.1
0.00012857	3495.8
0.00012665	3499.5
0.00012475	3503.2
0.00012287	3506.9
0.00012103	3510.6
0.00011921	3514.4
0.00011741	3518.1
0.00011564	3521.8
0.00011389	3525.5
0.00011217	3529.2
0.00011048	3532.9
0.0001088	3536.7
0.00010716	3540.4
0.00010553	3544.1
0.00010393	3547.8
0.00010235	3551.5
0.00010079	3555.2
9.9257e-05	3558.9
9.7744e-05	3562.7
9.6252e-05	3566.4
9.4782e-05	3570.1
9.3333e-05	3573.8
9.1905e-05	3577.5
9.0497e-05	3581.2
8.9109e-05	3584.9
8.7742e-05	3588.7
8.6394e-05	3592.4
8.5065e-05	3596.1
8.3756e-05	3599.8
8.2465e-05	3603.5
8.1193e-05	3607.2
7.994e-05	3611
7.8705e-05	3614.7
7.7487e-05	3618.4
7.6287e-05	3622.1
7.5105e-05	3625.8
7.394e-05	3629.5
7.2792e-05	3633.2
7.1661e-05	3637
7.0546e-05	3640.7
6.9448e-05	3644.4
6.8365e-05	3648.1
6.7299e-05	3651.8
6.6248e-05	3655.5
6.5212e-05	3659.2
6.4192e-05	3663
6.3187e-05	3666.7
6.2197e-05	3670.4
6.1221e-05	3674.1
6.026e-05	3677.8
5.9313e-05	3681.5
5.838e-05	3685.3
5.746e-05	3689
5.6555e-05	3692.7
5.5663e-05	3696.4
5.4784e-05	3700.1
5.3918e-05	3703.8
5.3065e-05	3707.5
5.2225e-05	3711.3
5.1398e-05	3715
5.0582e-05	3718.7
4.978e-05	3722.4
4.8989e-05	3726.1
4.821e-05	3729.8
4.7442e-05	3733.5
4.6686e-05	3737.3
4.5942e-05	3741
4.5209e-05	3744.7
4.4487e-05	3748.4
4.3775e-05	3752.1
4.3075e-05	3755.8
4.2385e-05	3759.6
4.1706e-05	3763.3
4.1036e-05	3767
4.0377e-05	3770.7
3.9728e-05	3774.4
3.9089e-05	3778.1
3.846e-05	3781.8
3.784e-05	3785.6
3.723e-05	3789.3
3.6629e-05	3793
3.6038e-05	3796.7
3.5455e-05	3800.4
3.4881e-05	3804.1
3.4316e-05	3807.8
3.376e-05	3811.6
3.3212e-05	3815.3
3.2673e-05	3819
3.2142e-05	3822.7
3.1619e-05	3826.4
3.1105e-05	3830.1
3.0598e-05	3833.9
3.0099e-05	3837.6
2.9608e-05	3841.3
2.9125e-05	3845
2.8649e-05	3848.7
2.818e-05	3852.4
2.7719e-05	3856.1
2.7265e-05	3859.9
2.6818e-05	3863.6
2.6377e-05	3867.3
2.5944e-05	3871
2.5518e-05	3874.7
2.5098e-05	3878.4
2.4685e-05	3882.1
2.4278e-05	3885.9
2.3878e-05	3889.6
2.3484e-05	3893.3
2.3096e-05	3897
2.2715e-05	3900.7
2.2339e-05	3904.4
2.1969e-05	3908.2
2.1606e-05	3911.9
2.1247e-05	3915.6
2.0895e-05	3919.3
2.0548e-05	3923
2.0207e-05	3926.7
1.9871e-05	3930.4
1.954e-05	3934.2
1.9215e-05	3937.9
1.8895e-05	3941.6
1.858e-05	3945.3
1.827e-05	3949
1.7965e-05	3952.7
1.7665e-05	3956.4
1.737e-05	3960.2
1.7079e-05	3963.9
1.6793e-05	3967.6
1.6512e-05	3971.3
1.6236e-05	3975
1.5963e-05	3978.7
1.5695e-05	3982.4
1.5432e-05	3986.2
1.5173e-05	3989.9
1.4918e-05	3993.6
1.4667e-05	3997.3
1.442e-05	4001
1.4177e-05	4004.7
1.3938e-05	4008.5
1.3703e-05	4012.2
1.3472e-05	4015.9
1.3245e-05	4019.6
1.3021e-05	4023.3
1.2801e-05	4027
1.2585e-05	4030.7
1.2372e-05	4034.5
1.2163e-05	4038.2
1.1957e-05	4041.9
1.1755e-05	4045.6
1.1555e-05	4049.3
1.136e-05	4053
1.1167e-05	4056.7
1.0978e-05	4060.5
1.0792e-05	4064.2
1.0608e-05	4067.9
1.0428e-05	4071.6
1.0251e-05	4075.3
1.0077e-05	4079
9.9061e-06	4082.8
9.7378e-06	4086.5
9.5723e-06	4090.2
9.4096e-06	4093.9
9.2496e-06	4097.6
9.0923e-06	4101.3
8.9377e-06	4105
8.7857e-06	4108.8
8.6363e-06	4112.5
8.4894e-06	4116.2
8.345e-06	4119.9
8.2031e-06	4123.6
8.0636e-06	4127.3
7.9265e-06	4131
7.7917e-06	4134.8
7.6592e-06	4138.5
7.529e-06	4142.2
7.4011e-06	4145.9
7.2754e-06	4149.6
7.1518e-06	4153.3
7.0303e-06	4157.1
6.911e-06	4160.8
6.7938e-06	4164.5
6.6786e-06	4168.2
6.5654e-06	4171.9
6.4541e-06	4175.6
6.3449e-06	4179.3
6.2375e-06	4183.1
6.1321e-06	4186.8
6.0285e-06	4190.5
5.9267e-06	4194.2
5.8267e-06	4197.9
5.7286e-06	4201.6
5.6321e-06	4205.3
5.5374e-06	4209.1
5.4444e-06	4212.8
5.3531e-06	4216.5
5.2634e-06	4220.2
5.1753e-06	4223.9
5.0889e-06	4227.6
5.004e-06	4231.4
4.9206e-06	4235.1
4.8388e-06	4238.8
4.7585e-06	4242.5
4.6796e-06	4246.2
4.6022e-06	4249.9
4.5263e-06	4253.6
4.4517e-06	4257.4
4.3786e-06	4261.1
4.3068e-06	4264.8
4.2364e-06	4268.5
4.1673e-06	4272.2
4.0996e-06	4275.9
4.0331e-06	4279.6
3.9679e-06	4283.4
3.904e-06	4287.1
3.8413e-06	4290.8
3.7798e-06	4294.5
3.7195e-06	4298.2
3.6604e-06	4301.9
3.6025e-06	4305.7
3.5457e-06	4309.4
3.49e-06	4313.1
3.4355e-06	4316.8
3.3821e-06	4320.5
3.3298e-06	4324.2
3.2785e-06	4327.9
3.2283e-06	4331.7
3.1792e-06	4335.4
3.131e-06	4339.1
3.0839e-06	4342.8
3.0378e-06	4346.5
2.9927e-06	4350.2
2.9486e-06	4353.9
2.9054e-06	4357.7
2.8632e-06	4361.4
2.8219e-06	4365.1
2.7815e-06	4368.8
2.742e-06	4372.5
2.7035e-06	4376.2
2.6658e-06	4380
2.6291e-06	4383.7
2.5931e-06	4387.4
2.5581e-06	4391.1
2.5239e-06	4394.8
2.4905e-06	4398.5
2.458e-06	4402.2
2.4263e-06	4406
2.3954e-06	4409.7
2.3653e-06	4413.4
2.3359e-06	4417.1
2.3074e-06	4420.8
2.2796e-06	4424.5
2.2527e-06	4428.2
2.2264e-06	4432
2.2009e-06	4435.7
2.1762e-06	4439.4
2.1522e-06	4443.1
2.1289e-06	4446.8
2.1064e-06	4450.5
2.0845e-06	4454.3
2.0634e-06	4458
2.043e-06	4461.7
2.0233e-06	4465.4
2.0042e-06	4469.1
1.9859e-06	4472.8
1.9682e-06	4476.5
1.9512e-06	4480.3
1.9349e-06	4484
1.9193e-06	4487.7
1.9043e-06	4491.4
1.89e-06	4495.1
1.8763e-06	4498.8
1.8633e-06	4502.5
1.8509e-06	4506.3
1.8391e-06	4510
1.828e-06	4513.7
1.8176e-06	4517.4
1.8078e-06	4521.1
1.7986e-06	4524.8
1.79e-06	4528.6
1.7821e-06	4532.3
1.7748e-06	4536
1.7681e-06	4539.7
1.762e-06	4543.4
1.7566e-06	4547.1
1.7518e-06	4550.8
1.7476e-06	4554.6
1.744e-06	4558.3
1.741e-06	4562
1.7387e-06	4565.7
1.737e-06	4569.4
1.7359e-06	4573.1
1.7354e-06	4576.8
1.7355e-06	4580.6
1.7363e-06	4584.3
1.7376e-06	4588
1.7396e-06	4591.7
1.7423e-06	4595.4
1.7455e-06	4599.1
1.7494e-06	4602.9
1.7539e-06	4606.6
1.7591e-06	4610.3
1.7648e-06	4614
1.7713e-06	4617.7
1.7783e-06	4621.4
1.7861e-06	4625.1
1.7944e-06	4628.9
1.8034e-06	4632.6
1.8131e-06	4636.3
1.8235e-06	4640
