2.3079e-16	0
0.00016045	20.05
0.00032553	40.1
0.00050002	60.15
0.00068905	80.201
0.00089796	100.25
0.0011325	120.3
0.0013984	140.35
0.0017009	160.4
0.0020453	180.45
0.0024354	200.5
0.0028727	220.55
0.0033571	240.6
0.0038868	260.65
0.0044588	280.7
0.0050708	300.75
0.0057194	320.8
0.0064028	340.85
0.0071186	360.9
0.007865	380.95
0.0086409	401
0.0094448	421.05
0.010275	441.1
0.01113	461.15
0.012008	481.2
0.01285	500
0.012907	501.25
0.013824	521.3
0.014757	541.35
0.015703	561.4
0.016657	581.45
0.017618	601.5
0.018582	621.55
0.019544	641.6
0.020501	661.65
0.02145	681.7
0.022387	701.75
0.023307	721.8
0.024208	741.85
0.025085	761.9
0.025936	781.95
0.026757	802.01
0.027544	822.06
0.028295	842.11
0.029007	862.16
0.029677	882.21
0.030303	902.26
0.030883	922.31
0.031413	942.36
0.031894	962.41
0.032324	982.46
0.032701	1002.5
0.033023	1022.6
0.033291	1042.6
0.033504	1062.7
0.033663	1082.7
0.033766	1102.8
0.033814	1122.8
0.033807	1142.9
0.033747	1162.9
0.033634	1183
0.033469	1203
0.033254	1223.1
0.03299	1243.1
0.032679	1263.2
0.032323	1283.2
0.031923	1303.3
0.031482	1323.3
0.031003	1343.4
0.030486	1363.4
0.029936	1383.5
0.029353	1403.5
0.028742	1423.6
0.028104	1443.6
0.027442	1463.7
0.026759	1483.7
0.026058	1503.8
0.02534	1523.8
0.024608	1543.9
0.023866	1563.9
0.023116	1584
0.022359	1604
0.021599	1624.1
0.020838	1644.1
0.020078	1664.2
0.01932	1684.2
0.018568	1704.3
0.017822	1724.3
0.017085	1744.4
0.016358	1764.4
0.015643	1784.5
0.01494	1804.5
0.014252	1824.6
0.013579	1844.6
0.012923	1864.7
0.012284	1884.7
0.011663	1904.8
0.01106	1924.8
0.010477	1944.9
0.0099125	1964.9
0.0093681	1985
0.0088437	2005
0.0083394	2025.1
0.0078552	2045.1
0.007391	2065.2
0.0069467	2085.2
0.006522	2105.3
0.0061167	2125.3
0.0057305	2145.4
0.0053631	2165.4
0.0050141	2185.5
0.0046829	2205.5
0.0043692	2225.6
0.0040723	2245.6
0.0037918	2265.7
0.003527	2285.7
0.0032775	2305.8
0.0030426	2325.8
0.0028218	2345.9
0.0026145	2365.9
0.0024201	2386
0.002238	2406
0.0020677	2426.1
0.0019085	2446.1
0.00176	2466.2
0.0016215	2486.2
0.0014925	2506.3
0.0013725	2526.3
0.001261	2546.4
0.0011576	2566.4
0.0010616	2586.5
0.0009728	2606.5
0.0008906	2626.6
0.00081465	2646.6
0.00074452	2666.7
0.00067984	2686.7
0.00062026	2706.8
0.00056541	2726.8
0.00051497	2746.9
0.00046864	2766.9
0.00042611	2787
0.00038712	2807
0.00035141	2827.1
0.00031873	2847.1
0.00028886	2867.2
0.00026158	2887.2
0.00023668	2907.3
0.00021398	2927.3
0.0001933	2947.4
0.00017449	2967.4
0.00015738	2987.5
0.00014184	3007.5
0.00012773	3027.6
0.00011494	3047.6
0.00010335	3067.7
9.2853e-05	3087.7
8.3364e-05	3107.8
7.4787e-05	3127.8
6.7041e-05	3147.9
6.0055e-05	3167.9
5.3756e-05	3188
4.8082e-05	3208
4.2976e-05	3228.1
3.8384e-05	3248.1
3.4257e-05	3268.2
3.0553e-05	3288.2
2.7229e-05	3308.3
2.425e-05	3328.3
2.1581e-05	3348.4
1.9193e-05	3368.4
1.7056e-05	3388.5
1.5148e-05	3408.5
1.3443e-05	3428.6
1.1922e-05	3448.6
1.0566e-05	3468.7
9.3574e-06	3488.7
8.2818e-06	3508.8
7.3249e-06	3528.8
6.4739e-06	3548.9
5.7183e-06	3568.9
5.0474e-06	3589
4.4521e-06	3609
3.9246e-06	3629.1
3.4573e-06	3649.1
3.0435e-06	3669.2
2.6777e-06	3689.2
2.3542e-06	3709.3
2.0685e-06	3729.3
1.8163e-06	3749.4
1.5938e-06	3769.4
1.3977e-06	3789.5
1.225e-06	3809.5
1.0729e-06	3829.6
9.3914e-07	3849.6
8.2155e-07	3869.7
7.1821e-07	3889.7
6.275e-07	3909.8
5.4791e-07	3929.8
4.7811e-07	3949.9
4.1696e-07	3969.9
3.6342e-07	3990
3.1655e-07	4010
2.7556e-07	4030.1
2.3974e-07	4050.1
2.0845e-07	4070.2
1.8114e-07	4090.2
1.5732e-07	4110.3
1.3654e-07	4130.3
1.1844e-07	4150.4
1.0268e-07	4170.4
8.8967e-08	4190.5
7.7043e-08	4210.5
6.6677e-08	4230.6
5.7669e-08	4250.6
4.9855e-08	4270.7
4.3072e-08	4290.7
3.719e-08	4310.8
3.2095e-08	4330.8
2.7681e-08	4350.9
2.386e-08	4370.9
2.0556e-08	4391
1.7699e-08	4411
1.5231e-08	4431.1
1.31e-08	4451.1
1.126e-08	4471.2
9.6735e-09	4491.2
8.3062e-09	4511.3
7.1278e-09	4531.3
6.1134e-09	4551.4
5.2405e-09	4571.4
4.4896e-09	4591.5
3.8442e-09	4611.5
3.2898e-09	4631.6
2.8135e-09	4651.6
2.405e-09	4671.7
2.0545e-09	4691.7
1.7541e-09	4711.8
1.4967e-09	4731.8
1.2764e-09	4751.9
1.0878e-09	4771.9
9.2666e-10	4792
7.8887e-10	4812
6.7114e-10	4832.1
5.707e-10	4852.1
4.8498e-10	4872.2
4.1187e-10	4892.2
3.4959e-10	4912.3
2.9654e-10	4932.3
2.5138e-10	4952.4
2.1297e-10	4972.4
1.8031e-10	4992.5
1.5256e-10	5012.5
1.2901e-10	5032.6
1.0901e-10	5052.6
9.2034e-11	5072.7
7.7638e-11	5092.7
6.5428e-11	5112.8
5.5084e-11	5132.8
4.6326e-11	5152.9
3.8913e-11	5172.9
3.2644e-11	5193
2.7347e-11	5213
2.2872e-11	5233.1
1.9097e-11	5253.1
1.5915e-11	5273.2
1.3234e-11	5293.2
1.098e-11	5313.3
9.087e-12	5333.3
7.4999e-12	5353.4
6.1737e-12	5373.4
5.0686e-12	5393.5
4.1519e-12	5413.5
3.3973e-12	5433.6
2.7814e-12	5453.6
2.6116e-12	5460
