3.6904e-09	0
3.066e-05	1.6413
6.1317e-05	3.2826
9.1974e-05	4.9239
0.00012263	6.5653
0.00015329	8.2066
0.00018395	9.8479
0.00021462	11.489
0.00024528	13.131
0.00027595	14.772
0.00030662	16.413
0.0003373	18.054
0.00036798	19.696
0.00039866	21.337
0.00042935	22.978
0.00046004	24.62
0.00049073	26.261
0.00052144	27.902
0.00055214	29.544
0.00058286	31.185
0.00061358	32.826
0.0006443	34.468
0.00067504	36.109
0.00070578	37.75
0.00073653	39.392
0.00076728	41.033
0.00079805	42.674
0.00082882	44.315
0.0008596	45.957
0.00089039	47.598
0.00092119	49.239
0.00095199	50.881
0.00098281	52.522
0.0010136	54.163
0.0010445	55.805
0.0010753	57.446
0.0011062	59.087
0.001137	60.729
0.0011679	62.37
0.0011988	64.011
0.0012297	65.653
0.0012606	67.294
0.0012915	68.935
0.0013225	70.576
0.0013534	72.218
0.0013844	73.859
0.0014153	75.5
0.0014463	77.142
0.0014773	78.783
0.0015083	80.424
0.0015393	82.066
0.0015704	83.707
0.0016014	85.348
0.0016325	86.99
0.0016635	88.631
0.0016946	90.272
0.0017257	91.914
0.0017568	93.555
0.0017879	95.196
0.0018191	96.837
0.0018502	98.479
0.0018814	100.12
0.0019125	101.76
0.0019437	103.4
0.0019749	105.04
0.0020061	106.69
0.0020374	108.33
0.0020686	109.97
0.0020999	111.61
0.0021311	113.25
0.0021624	114.89
0.0021937	116.53
0.0022251	118.17
0.0022564	119.82
0.0022877	121.46
0.0023191	123.1
0.0023505	124.74
0.0023818	126.38
0.0024133	128.02
0.0024447	129.66
0.0024761	131.31
0.0025076	132.95
0.002539	134.59
0.0025705	136.23
0.002602	137.87
0.0026335	139.51
0.002665	141.15
0.0026966	142.79
0.0027281	144.44
0.0027597	146.08
0.0027913	147.72
0.0028229	149.36
0.0028545	151
0.0028861	152.64
0.0029178	154.28
0.0029494	155.92
0.0029811	157.57
0.0030128	159.21
0.0030445	160.85
0.0030762	162.49
0.003108	164.13
0.0031397	165.77
0.0031715	167.41
0.0032033	169.06
0.0032351	170.7
0.0032669	172.34
0.0032987	173.98
0.0033306	175.62
0.0033624	177.26
0.0033943	178.9
0.0034262	180.54
0.0034581	182.19
0.00349	183.83
0.0035219	185.47
0.0035539	187.11
0.0035858	188.75
0.0036178	190.39
0.0036498	192.03
0.0036818	193.67
0.0037138	195.32
0.0037459	196.96
0.0037779	198.6
0.00381	200.24
0.0038421	201.88
0.0038742	203.52
0.0039063	205.16
0.0039384	206.81
0.0039705	208.45
0.0040027	210.09
0.0040349	211.73
0.0040671	213.37
0.0040993	215.01
0.0041315	216.65
0.0041637	218.29
0.0041959	219.94
0.0042282	221.58
0.0042605	223.22
0.0042928	224.86
0.0043251	226.5
0.0043574	228.14
0.0043897	229.78
0.0044221	231.43
0.0044544	233.07
0.0044868	234.71
0.0045192	236.35
0.0045516	237.99
0.004584	239.63
0.0046164	241.27
0.0046489	242.91
0.0046813	244.56
0.0047138	246.2
0.0047463	247.84
0.0047788	249.48
0.0048113	251.12
0.0048439	252.76
0.0048764	254.4
0.004909	256.04
0.0049416	257.69
0.0049741	259.33
0.0050067	260.97
0.0050394	262.61
0.005072	264.25
0.0051046	265.89
0.0051373	267.53
0.00517	269.18
0.0052027	270.82
0.0052354	272.46
0.0052681	274.1
0.0053008	275.74
0.0053335	277.38
0.0053663	279.02
0.0053991	280.66
0.0054318	282.31
0.0054646	283.95
0.0054974	285.59
0.0055303	287.23
0.0055631	288.87
0.0055959	290.51
0.0056288	292.15
0.0056617	293.8
0.0056945	295.44
0.0057274	297.08
0.0057603	298.72
0.0057933	300.36
0.0058262	302
0.0058591	303.64
0.0058921	305.28
0.0059251	306.93
0.005958	308.57
0.005991	310.21
0.006024	311.85
0.006057	313.49
0.0060901	315.13
0.0061231	316.77
0.0061561	318.41
0.0061892	320.06
0.0062223	321.7
0.0062553	323.34
0.0062884	324.98
0.0063215	326.62
0.0063546	328.26
0.0063877	329.9
0.0064209	331.55
0.006454	333.19
0.0064872	334.83
0.0065203	336.47
0.0065535	338.11
0.0065867	339.75
0.0066198	341.39
0.006653	343.03
0.0066862	344.68
0.0067194	346.32
0.0067527	347.96
0.0067859	349.6
0.0068191	351.24
0.0068524	352.88
0.0068856	354.52
0.0069189	356.16
0.0069521	357.81
0.0069854	359.45
0.0070187	361.09
0.0070519	362.73
0.0070852	364.37
0.0071185	366.01
0.0071518	367.65
0.0071851	369.3
0.0072185	370.94
0.0072518	372.58
0.0072851	374.22
0.0073184	375.86
0.0073518	377.5
0.0073851	379.14
0.0074185	380.78
0.0074518	382.43
0.0074852	384.07
0.0075185	385.71
0.0075519	387.35
0.0075853	388.99
0.0076186	390.63
0.007652	392.27
0.0076854	393.92
0.0077188	395.56
0.0077522	397.2
0.0077855	398.84
0.0078189	400.48
0.0078523	402.12
0.0078857	403.76
0.0079191	405.4
0.0079525	407.05
0.0079859	408.69
0.0080193	410.33
0.0080527	411.97
0.0080861	413.61
0.0081195	415.25
0.0081529	416.89
0.0081863	418.53
0.0082197	420.18
0.0082531	421.82
0.0082865	423.46
0.0083199	425.1
0.0083533	426.74
0.0083867	428.38
0.0084202	430.02
0.0084536	431.67
0.008487	433.31
0.0085204	434.95
0.0085538	436.59
0.0085872	438.23
0.0086206	439.87
0.0086539	441.51
0.0086873	443.15
0.0087207	444.8
0.0087541	446.44
0.0087875	448.08
0.0088209	449.72
0.0088543	451.36
0.0088877	453
0.008921	454.64
0.0089544	456.29
0.0089878	457.93
0.0090211	459.57
0.0090545	461.21
0.0090879	462.85
0.0091212	464.49
0.0091546	466.13
0.0091879	467.77
0.0092213	469.42
0.0092546	471.06
0.0092879	472.7
0.0093213	474.34
0.0093546	475.98
0.0093879	477.62
0.0094212	479.26
0.0094545	480.9
0.0094878	482.55
0.0095211	484.19
0.0095544	485.83
0.0095877	487.47
0.009621	489.11
0.0096542	490.75
0.0096875	492.39
0.0097208	494.04
0.009754	495.68
0.0097873	497.32
0.0098205	498.96
0.0098537	500.6
0.009887	502.24
0.0099202	503.88
0.0099534	505.52
0.0099866	507.17
0.01002	508.81
0.010053	510.45
0.010086	512.09
0.010119	513.73
0.010152	515.37
0.010186	517.01
0.010219	518.65
0.010252	520.3
0.010285	521.94
0.010318	523.58
0.010351	525.22
0.010384	526.86
0.010418	528.5
0.010451	530.14
0.010484	531.79
0.010517	533.43
0.01055	535.07
0.010583	536.71
0.010616	538.35
0.010649	539.99
0.010682	541.63
0.010715	543.27
0.010748	544.92
0.010781	546.56
0.010814	548.2
0.010847	549.84
0.01088	551.48
0.010913	553.12
0.010946	554.76
0.010979	556.41
0.011012	558.05
0.011045	559.69
0.011078	561.33
0.01111	562.97
0.011143	564.61
0.011176	566.25
0.011209	567.89
0.011242	569.54
0.011275	571.18
0.011308	572.82
0.01134	574.46
0.011373	576.1
0.011406	577.74
0.011439	579.38
0.011471	581.02
0.011504	582.67
0.011537	584.31
0.01157	585.95
0.011602	587.59
0.011635	589.23
0.011668	590.87
0.011701	592.51
0.011733	594.16
0.011766	595.8
0.011799	597.44
0.011831	599.08
0.011864	600.72
0.011896	602.36
0.011929	604
0.011962	605.64
0.011994	607.29
0.012027	608.93
0.012059	610.57
0.012092	612.21
0.012124	613.85
0.012157	615.49
0.012189	617.13
0.012222	618.78
0.012254	620.42
0.012287	622.06
0.012319	623.7
0.012352	625.34
0.012384	626.98
0.012416	628.62
0.012449	630.26
0.012481	631.91
0.012514	633.55
0.012546	635.19
0.012578	636.83
0.012611	638.47
0.012643	640.11
0.012675	641.75
0.012708	643.39
0.01274	645.04
0.012772	646.68
0.012804	648.32
0.012836	649.96
0.012869	651.6
0.012901	653.24
0.012933	654.88
0.012965	656.53
0.012997	658.17
0.01303	659.81
0.013062	661.45
0.013094	663.09
0.013126	664.73
0.013158	666.37
0.01319	668.01
0.013222	669.66
0.013254	671.3
0.013286	672.94
0.013318	674.58
0.01335	676.22
0.013382	677.86
0.013414	679.5
0.013446	681.14
0.013478	682.79
0.01351	684.43
0.013542	686.07
0.013574	687.71
0.013605	689.35
0.013637	690.99
0.013669	692.63
0.013701	694.28
0.013733	695.92
0.013765	697.56
0.013796	699.2
0.013828	700.84
0.01386	702.48
0.013892	704.12
0.013923	705.76
0.013955	707.41
0.013987	709.05
0.014018	710.69
0.01405	712.33
0.014082	713.97
0.014113	715.61
0.014145	717.25
0.014176	718.9
0.014208	720.54
0.014239	722.18
0.014271	723.82
0.014302	725.46
0.014334	727.1
0.014365	728.74
0.014397	730.38
0.014428	732.03
0.01446	733.67
0.014491	735.31
0.014522	736.95
0.014554	738.59
0.014585	740.23
0.014617	741.87
0.014648	743.51
0.014679	745.16
0.01471	746.8
0.014742	748.44
0.014773	750.08
0.014804	751.72
0.014835	753.36
0.014867	755
0.014898	756.65
0.014929	758.29
0.01496	759.93
0.014991	761.57
0.015022	763.21
0.015053	764.85
0.015084	766.49
0.015116	768.13
0.015147	769.78
0.015178	771.42
0.015209	773.06
0.01524	774.7
0.015271	776.34
0.015301	777.98
0.015332	779.62
0.015363	781.27
0.015394	782.91
0.015425	784.55
0.015456	786.19
0.015487	787.83
0.015518	789.47
0.015548	791.11
0.015579	792.75
0.01561	794.4
0.015641	796.04
0.015671	797.68
0.015702	799.32
0.015733	800.96
0.015763	802.6
0.015794	804.24
0.015825	805.88
0.015855	807.53
0.015886	809.17
0.015916	810.81
0.015947	812.45
0.015977	814.09
0.016008	815.73
0.016038	817.37
0.016069	819.02
0.016099	820.66
0.01613	822.3
0.01616	823.94
0.016191	825.58
0.016221	827.22
0.016251	828.86
0.016282	830.5
0.016312	832.15
0.016342	833.79
0.016373	835.43
0.016403	837.07
0.016433	838.71
0.016463	840.35
0.016493	841.99
0.016524	843.63
0.016554	845.28
0.016584	846.92
0.016614	848.56
0.016644	850.2
0.016674	851.84
0.016704	853.48
0.016734	855.12
0.016764	856.77
0.016794	858.41
0.016824	860.05
0.016854	861.69
0.016884	863.33
0.016914	864.97
0.016944	866.61
0.016974	868.25
0.017004	869.9
0.017033	871.54
0.017063	873.18
0.017093	874.82
0.017123	876.46
0.017152	878.1
0.017182	879.74
0.017212	881.39
0.017242	883.03
0.017271	884.67
0.017301	886.31
0.01733	887.95
0.01736	889.59
0.01739	891.23
0.017419	892.87
0.017449	894.52
0.017478	896.16
0.017508	897.8
0.017537	899.44
0.017567	901.08
0.017596	902.72
0.017625	904.36
0.017655	906
0.017684	907.65
0.017714	909.29
0.017743	910.93
0.017772	912.57
0.017801	914.21
0.017831	915.85
0.01786	917.49
0.017889	919.14
0.017918	920.78
0.017948	922.42
0.017977	924.06
0.018006	925.7
0.018035	927.34
0.018064	928.98
0.018093	930.62
0.018122	932.27
0.018151	933.91
0.01818	935.55
0.018209	937.19
0.018238	938.83
0.018267	940.47
0.018296	942.11
0.018325	943.76
0.018354	945.4
0.018383	947.04
0.018411	948.68
0.01844	950.32
0.018469	951.96
0.018498	953.6
0.018527	955.24
0.018555	956.89
0.018584	958.53
0.018613	960.17
0.018641	961.81
0.01867	963.45
0.018699	965.09
0.018727	966.73
0.018756	968.37
0.018784	970.02
0.018813	971.66
0.018842	973.3
0.01887	974.94
0.018899	976.58
0.018927	978.22
0.018955	979.86
0.018984	981.51
0.019012	983.15
0.019041	984.79
0.019069	986.43
0.019097	988.07
0.019126	989.71
0.019154	991.35
0.019182	992.99
0.01921	994.64
0.019239	996.28
0.019267	997.92
0.019295	999.56
0.019323	1001.2
0.019351	1002.8
0.01938	1004.5
0.019408	1006.1
0.019436	1007.8
0.019464	1009.4
0.019492	1011
0.01952	1012.7
0.019548	1014.3
0.019576	1016
0.019604	1017.6
0.019632	1019.3
0.01966	1020.9
0.019688	1022.5
0.019716	1024.2
0.019743	1025.8
0.019771	1027.5
0.019799	1029.1
0.019827	1030.7
0.019855	1032.4
0.019883	1034
0.01991	1035.7
0.019938	1037.3
0.019966	1039
0.019993	1040.6
0.020021	1042.2
0.020049	1043.9
0.020076	1045.5
0.020104	1047.2
0.020132	1048.8
0.020159	1050.4
0.020187	1052.1
0.020214	1053.7
0.020242	1055.4
0.020269	1057
0.020297	1058.6
0.020324	1060.3
0.020352	1061.9
0.020379	1063.6
0.020407	1065.2
0.020434	1066.9
0.020461	1068.5
0.020489	1070.1
0.020516	1071.8
0.020543	1073.4
0.020571	1075.1
0.020598	1076.7
0.020625	1078.3
0.020653	1080
0.02068	1081.6
0.020707	1083.3
0.020734	1084.9
0.020761	1086.5
0.020789	1088.2
0.020816	1089.8
0.020843	1091.5
0.02087	1093.1
0.020897	1094.8
0.020924	1096.4
0.020951	1098
0.020978	1099.7
0.021005	1101.3
0.021032	1103
0.021059	1104.6
0.021086	1106.2
0.021113	1107.9
0.02114	1109.5
0.021167	1111.2
0.021194	1112.8
0.021221	1114.5
0.021248	1116.1
0.021275	1117.7
0.021302	1119.4
0.021328	1121
0.021355	1122.7
0.021382	1124.3
0.021409	1125.9
0.021436	1127.6
0.021462	1129.2
0.021489	1130.9
0.021516	1132.5
0.021543	1134.1
0.021569	1135.8
0.021596	1137.4
0.021623	1139.1
0.021649	1140.7
0.021676	1142.4
0.021703	1144
0.021729	1145.6
0.021756	1147.3
0.021782	1148.9
0.021809	1150.6
0.021836	1152.2
0.021862	1153.8
0.021889	1155.5
0.021915	1157.1
0.021942	1158.8
0.021968	1160.4
0.021995	1162
0.022021	1163.7
0.022048	1165.3
0.022074	1167
0.0221	1168.6
0.022127	1170.3
0.022153	1171.9
0.02218	1173.5
0.022206	1175.2
0.022232	1176.8
0.022259	1178.5
0.022285	1180.1
0.022311	1181.7
0.022338	1183.4
0.022364	1185
0.02239	1186.7
0.022417	1188.3
0.022443	1190
0.022469	1191.6
0.022495	1193.2
0.022522	1194.9
0.022548	1196.5
0.022574	1198.2
0.0226	1199.8
0.022627	1201.4
0.022653	1203.1
0.022679	1204.7
0.022705	1206.4
0.022731	1208
0.022757	1209.6
0.022783	1211.3
0.02281	1212.9
0.022836	1214.6
0.022862	1216.2
0.022888	1217.9
0.022914	1219.5
0.02294	1221.1
0.022966	1222.8
0.022992	1224.4
0.023018	1226.1
0.023044	1227.7
0.02307	1229.3
0.023096	1231
0.023122	1232.6
0.023148	1234.3
0.023174	1235.9
0.0232	1237.6
0.023226	1239.2
0.023252	1240.8
0.023278	1242.5
0.023304	1244.1
0.02333	1245.8
0.023356	1247.4
0.023382	1249
0.023408	1250.7
0.023434	1252.3
0.02346	1254
0.023486	1255.6
0.023512	1257.2
0.023538	1258.9
0.023564	1260.5
0.02359	1262.2
0.023616	1263.8
0.023641	1265.5
0.023667	1267.1
0.023693	1268.7
0.023719	1270.4
0.023745	1272
0.023771	1273.7
0.023797	1275.3
0.023822	1276.9
0.023848	1278.6
0.023874	1280.2
0.0239	1281.9
0.023926	1283.5
0.023952	1285.1
0.023978	1286.8
0.024003	1288.4
0.024029	1290.1
0.024055	1291.7
0.024081	1293.4
0.024107	1295
0.024132	1296.6
0.024158	1298.3
0.024184	1299.9
0.02421	1301.6
0.024236	1303.2
0.024261	1304.8
0.024287	1306.5
0.024313	1308.1
0.024339	1309.8
0.024365	1311.4
0.02439	1313.1
0.024416	1314.7
0.024442	1316.3
0.024468	1318
0.024494	1319.6
0.024519	1321.3
0.024545	1322.9
0.024571	1324.5
0.024597	1326.2
0.024622	1327.8
0.024648	1329.5
0.024674	1331.1
0.0247	1332.7
0.024726	1334.4
0.024751	1336
0.024777	1337.7
0.024803	1339.3
0.024829	1341
0.024855	1342.6
0.02488	1344.2
0.024906	1345.9
0.024932	1347.5
0.024958	1349.2
0.024984	1350.8
0.025009	1352.4
0.025035	1354.1
0.025061	1355.7
0.025087	1357.4
0.025113	1359
0.025138	1360.6
0.025164	1362.3
0.02519	1363.9
0.025216	1365.6
0.025242	1367.2
0.025268	1368.9
0.025293	1370.5
0.025319	1372.1
0.025345	1373.8
0.025371	1375.4
0.025397	1377.1
0.025423	1378.7
0.025448	1380.3
0.025474	1382
0.0255	1383.6
0.025526	1385.3
0.025552	1386.9
0.025578	1388.6
0.025604	1390.2
0.02563	1391.8
0.025656	1393.5
0.025682	1395.1
0.025707	1396.8
0.025733	1398.4
0.025759	1400
0.025785	1401.7
0.025811	1403.3
0.025837	1405
0.025863	1406.6
0.025889	1408.2
0.025915	1409.9
0.025941	1411.5
0.025967	1413.2
0.025993	1414.8
0.026019	1416.5
0.026045	1418.1
0.026071	1419.7
0.026097	1421.4
0.026123	1423
0.026149	1424.7
0.026175	1426.3
0.026202	1427.9
0.026228	1429.6
0.026254	1431.2
0.02628	1432.9
0.026306	1434.5
0.026332	1436.1
0.026358	1437.8
0.026384	1439.4
0.026411	1441.1
0.026437	1442.7
0.026463	1444.4
0.026489	1446
0.026515	1447.6
0.026542	1449.3
0.026568	1450.9
0.026594	1452.6
0.026621	1454.2
0.026647	1455.8
0.026673	1457.5
0.026699	1459.1
0.026726	1460.8
0.026752	1462.4
0.026778	1464.1
0.026805	1465.7
0.026831	1467.3
0.026858	1469
0.026884	1470.6
0.02691	1472.3
0.026937	1473.9
0.026963	1475.5
0.02699	1477.2
0.027016	1478.8
0.027043	1480.5
0.027069	1482.1
0.027096	1483.7
0.027122	1485.4
0.027149	1487
0.027176	1488.7
0.027202	1490.3
0.027229	1492
0.027256	1493.6
0.027282	1495.2
0.027309	1496.9
0.027336	1498.5
0.027362	1500.2
0.027389	1501.8
0.027416	1503.4
0.027443	1505.1
0.027469	1506.7
0.027496	1508.4
0.027523	1510
0.02755	1511.6
0.027577	1513.3
0.027604	1514.9
0.027631	1516.6
0.027657	1518.2
0.027684	1519.9
0.027711	1521.5
0.027738	1523.1
0.027765	1524.8
0.027792	1526.4
0.02782	1528.1
0.027847	1529.7
0.027874	1531.3
0.027901	1533
0.027928	1534.6
0.027955	1536.3
0.027982	1537.9
0.02801	1539.6
0.028037	1541.2
0.028064	1542.8
0.028091	1544.5
0.028119	1546.1
0.028146	1547.8
0.028173	1549.4
0.028201	1551
0.028228	1552.7
0.028256	1554.3
0.028283	1556
0.028311	1557.6
0.028338	1559.2
0.028366	1560.9
0.028393	1562.5
0.028421	1564.2
0.028448	1565.8
0.028476	1567.5
0.028504	1569.1
0.028532	1570.7
0.028559	1572.4
0.028587	1574
0.028615	1575.7
0.028643	1577.3
0.02867	1578.9
0.028698	1580.6
0.028726	1582.2
0.028754	1583.9
0.028782	1585.5
0.02881	1587.1
0.028838	1588.8
0.028866	1590.4
0.028894	1592.1
0.028922	1593.7
0.028951	1595.4
0.028979	1597
0.029007	1598.6
0.029035	1600.3
0.029064	1601.9
0.029092	1603.6
0.02912	1605.2
0.029149	1606.8
0.029177	1608.5
0.029205	1610.1
0.029234	1611.8
0.029262	1613.4
0.029291	1615.1
0.029319	1616.7
0.029348	1618.3
0.029377	1620
0.029405	1621.6
0.029434	1623.3
0.029463	1624.9
0.029492	1626.5
0.02952	1628.2
0.029549	1629.8
0.029578	1631.5
0.029607	1633.1
0.029636	1634.7
0.029665	1636.4
0.029694	1638
0.029723	1639.7
0.029752	1641.3
0.029781	1643
0.029811	1644.6
0.02984	1646.2
0.029869	1647.9
0.029898	1649.5
0.029928	1651.2
0.029957	1652.8
0.029987	1654.4
0.030016	1656.1
0.030045	1657.7
0.030075	1659.4
0.030105	1661
0.030134	1662.7
0.030164	1664.3
0.030194	1665.9
0.030223	1667.6
0.030253	1669.2
0.030283	1670.9
0.030313	1672.5
0.030343	1674.1
0.030373	1675.8
0.030403	1677.4
0.030433	1679.1
0.030463	1680.7
0.030493	1682.3
0.030523	1684
0.030553	1685.6
0.030584	1687.3
0.030614	1688.9
0.030644	1690.6
0.030675	1692.2
0.030705	1693.8
0.030736	1695.5
0.030766	1697.1
0.030797	1698.8
0.030827	1700.4
0.030858	1702
0.030889	1703.7
0.03092	1705.3
0.03095	1707
0.030981	1708.6
0.031012	1710.2
0.031043	1711.9
0.031074	1713.5
0.031105	1715.2
0.031136	1716.8
0.031168	1718.5
0.031199	1720.1
0.03123	1721.7
0.031261	1723.4
0.031293	1725
0.031324	1726.7
0.031356	1728.3
0.031387	1729.9
0.031419	1731.6
0.031451	1733.2
0.031482	1734.9
0.031514	1736.5
0.031546	1738.2
0.031578	1739.8
0.031609	1741.4
0.031641	1743.1
0.031673	1744.7
0.031706	1746.4
0.031738	1748
0.03177	1749.6
0.031802	1751.3
0.031834	1752.9
0.031867	1754.6
0.031899	1756.2
0.031932	1757.8
0.031964	1759.5
0.031997	1761.1
0.032029	1762.8
0.032062	1764.4
0.032095	1766.1
0.032128	1767.7
0.03216	1769.3
0.032193	1771
0.032226	1772.6
0.032259	1774.3
0.032292	1775.9
0.032326	1777.5
0.032359	1779.2
0.032392	1780.8
0.032426	1782.5
0.032459	1784.1
0.032492	1785.7
0.032526	1787.4
0.03256	1789
0.032593	1790.7
0.032627	1792.3
0.032661	1794
0.032695	1795.6
0.032729	1797.2
0.032763	1798.9
0.032797	1800.5
0.032831	1802.2
0.032865	1803.8
0.032899	1805.4
0.032933	1807.1
0.032968	1808.7
0.033002	1810.4
0.033037	1812
0.033071	1813.7
0.033106	1815.3
0.033141	1816.9
0.033176	1818.6
0.03321	1820.2
0.033245	1821.9
0.03328	1823.5
0.033315	1825.1
0.033351	1826.8
0.033386	1828.4
0.033421	1830.1
0.033456	1831.7
0.033492	1833.3
0.033527	1835
0.033563	1836.6
0.033599	1838.3
0.033634	1839.9
0.03367	1841.6
0.033706	1843.2
0.033742	1844.8
0.033778	1846.5
0.033814	1848.1
0.03385	1849.8
0.033886	1851.4
0.033923	1853
0.033959	1854.7
0.033996	1856.3
0.034032	1858
0.034069	1859.6
0.034105	1861.2
0.034142	1862.9
0.034179	1864.5
0.034216	1866.2
0.034253	1867.8
0.03429	1869.5
0.034327	1871.1
0.034365	1872.7
0.034402	1874.4
0.034439	1876
0.034477	1877.7
0.034514	1879.3
0.034552	1880.9
0.03459	1882.6
0.034628	1884.2
0.034665	1885.9
0.034703	1887.5
0.034742	1889.2
0.03478	1890.8
0.034818	1892.4
0.034856	1894.1
0.034895	1895.7
0.034933	1897.4
0.034972	1899
0.03501	1900.6
0.035049	1902.3
0.035088	1903.9
0.035127	1905.6
0.035166	1907.2
0.035205	1908.8
0.035244	1910.5
0.035284	1912.1
0.035323	1913.8
0.035363	1915.4
0.035402	1917.1
0.035442	1918.7
0.035482	1920.3
0.035521	1922
0.035561	1923.6
0.035601	1925.3
0.035641	1926.9
0.035682	1928.5
0.035722	1930.2
0.035762	1931.8
0.035803	1933.5
0.035843	1935.1
0.035884	1936.7
0.035925	1938.4
0.035966	1940
0.036007	1941.7
0.036048	1943.3
0.036089	1945
0.03613	1946.6
0.036172	1948.2
0.036213	1949.9
0.036255	1951.5
0.036296	1953.2
0.036338	1954.8
0.03638	1956.4
0.036422	1958.1
0.036464	1959.7
0.036506	1961.4
0.036548	1963
0.036591	1964.7
0.036633	1966.3
0.036676	1967.9
0.036718	1969.6
0.036761	1971.2
0.036804	1972.9
0.036847	1974.5
0.03689	1976.1
0.036933	1977.8
0.036977	1979.4
0.03702	1981.1
0.037064	1982.7
0.037107	1984.3
0.037151	1986
0.037195	1987.6
0.037239	1989.3
0.037283	1990.9
0.037327	1992.6
0.037371	1994.2
0.037416	1995.8
0.03746	1997.5
0.037505	1999.1
0.037549	2000.8
0.037594	2002.4
0.037639	2004
0.037684	2005.7
0.03773	2007.3
0.037775	2009
0.03782	2010.6
0.037866	2012.2
0.037911	2013.9
0.037957	2015.5
0.038003	2017.2
0.038049	2018.8
0.038095	2020.5
0.038141	2022.1
0.038188	2023.7
0.038234	2025.4
0.038281	2027
0.038328	2028.7
0.038374	2030.3
0.038421	2031.9
0.038468	2033.6
0.038516	2035.2
0.038563	2036.9
0.03861	2038.5
0.038658	2040.2
0.038706	2041.8
0.038754	2043.4
0.038801	2045.1
0.03885	2046.7
0.038898	2048.4
0.038946	2050
