-2.0278e-16	0
0.0001616	20.05
0.00032759	40.1
0.00050235	60.15
0.00069025	80.201
0.00089546	100.25
0.0011217	120.3
0.0013721	140.35
0.0016492	160.4
0.0019554	180.45
0.0022929	200.5
0.0026637	220.55
0.00307	240.6
0.0035138	260.65
0.0039967	280.7
0.0045204	300.75
0.0050862	320.8
0.0056952	340.85
0.0063477	360.9
0.0070438	380.95
0.0077834	401
0.0085652	421.05
0.0093879	441.1
0.01025	461.15
0.011149	481.2
0.012023	500
0.012082	501.25
0.013047	521.3
0.014041	541.35
0.015059	561.4
0.016097	581.45
0.017152	601.5
0.018217	621.55
0.019288	641.6
0.02036	661.65
0.021427	681.7
0.022484	701.75
0.023526	721.8
0.024547	741.85
0.025542	761.9
0.026506	781.95
0.027435	802.01
0.028325	822.06
0.029169	842.11
0.029966	862.16
0.030712	882.21
0.031404	902.26
0.032039	922.31
0.032615	942.36
0.03313	962.41
0.033582	982.46
0.03397	1002.5
0.034293	1022.6
0.034551	1042.6
0.034742	1062.7
0.034868	1082.7
0.034928	1102.8
0.034922	1122.8
0.034851	1142.9
0.034718	1162.9
0.034524	1183
0.03427	1203
0.033958	1223.1
0.033592	1243.1
0.033174	1263.2
0.032706	1283.2
0.032193	1303.3
0.031636	1323.3
0.031039	1343.4
0.030406	1363.4
0.02974	1383.5
0.029045	1403.5
0.028322	1423.6
0.027577	1443.6
0.026812	1463.7
0.02603	1483.7
0.025235	1503.8
0.024429	1523.8
0.023616	1543.9
0.022798	1563.9
0.021978	1584
0.021158	1604
0.020342	1624.1
0.01953	1644.1
0.018726	1664.2
0.017932	1684.2
0.017148	1704.3
0.016377	1724.3
0.015621	1744.4
0.014881	1764.4
0.014157	1784.5
0.013451	1804.5
0.012764	1824.6
0.012098	1844.6
0.011451	1864.7
0.010826	1884.7
0.010223	1904.8
0.0096407	1924.8
0.0090808	1944.9
0.008543	1964.9
0.0080275	1985
0.0075341	2005
0.0070629	2025.1
0.0066134	2045.1
0.0061854	2065.2
0.0057785	2085.2
0.0053922	2105.3
0.0050261	2125.3
0.0046796	2145.4
0.0043523	2165.4
0.0040434	2185.5
0.0037524	2205.5
0.0034786	2225.6
0.0032213	2245.6
0.00298	2265.7
0.0027538	2285.7
0.0025422	2305.8
0.0023444	2325.8
0.0021598	2345.9
0.0019877	2365.9
0.0018276	2386
0.0016787	2406
0.0015404	2426.1
0.0014122	2446.1
0.0012935	2466.2
0.0011836	2486.2
0.0010821	2506.3
0.00098847	2526.3
0.00090214	2546.4
0.00082267	2566.4
0.00074961	2586.5
0.00068251	2606.5
0.00062098	2626.6
0.00056463	2646.6
0.00051308	2666.7
0.000466	2686.7
0.00042305	2706.8
0.00038395	2726.8
0.00034839	2746.9
0.00031612	2766.9
0.00028689	2787
0.00026046	2807
0.00023664	2827.1
0.00021522	2847.1
0.00019603	2867.2
0.0001789	2887.2
0.00016368	2907.3
0.00015025	2927.3
0.00013849	2947.4
0.00012828	2967.4
0.00011954	2987.5
0.00011219	3007.5
0.00010616	3027.6
0.00010141	3047.6
9.7894e-05	3067.7
9.5587e-05	3087.7
9.4481e-05	3107.8
9.4577e-05	3127.8
9.5898e-05	3147.9
9.8474e-05	3167.9
0.00010236	3188
0.00010283	3190
