4.1635e-18	0
3.7696e-05	20.05
7.6863e-05	40.1
0.00011896	60.15
0.00016547	80.201
0.00021793	100.25
0.00027799	120.3
0.00034755	140.35
0.00042864	160.4
0.00052368	180.45
0.00063547	200.5
0.00076704	220.55
0.00092195	240.6
0.001104	260.65
0.0013172	280.7
0.0015656	300.75
0.0018533	320.8
0.0021838	340.85
0.0025607	360.9
0.0029868	380.95
0.0034642	401
0.0039946	421.05
0.0045788	441.1
0.0052172	461.15
0.0059093	481.2
0.0066053	500
0.0066534	501.25
0.0074486	521.3
0.0082932	541.35
0.0091836	561.4
0.010117	581.45
0.011091	601.5
0.012102	621.55
0.013146	641.6
0.01422	661.65
0.015319	681.7
0.01644	701.75
0.017579	721.8
0.018731	741.85
0.019891	761.9
0.021056	781.95
0.022221	802.01
0.02338	822.06
0.024529	842.11
0.025661	862.16
0.026772	882.21
0.027856	902.26
0.028906	922.31
0.029916	942.36
0.030882	962.41
0.031797	982.46
0.032656	1002.5
0.033452	1022.6
0.034182	1042.6
0.03484	1062.7
0.035423	1082.7
0.035928	1102.8
0.036349	1122.8
0.036685	1142.9
0.036934	1162.9
0.037096	1183
0.037168	1203
0.037151	1223.1
0.037044	1243.1
0.036851	1263.2
0.036572	1283.2
0.036209	1303.3
0.035766	1323.3
0.035245	1343.4
0.034651	1363.4
0.033989	1383.5
0.033263	1403.5
0.032477	1423.6
0.031639	1443.6
0.030752	1463.7
0.029824	1483.7
0.028861	1503.8
0.027867	1523.8
0.026849	1543.9
0.025813	1563.9
0.024764	1584
0.023708	1604
0.022651	1624.1
0.021596	1644.1
0.020549	1664.2
0.019514	1684.2
0.018495	1704.3
0.017495	1724.3
0.016518	1744.4
0.015566	1764.4
0.014642	1784.5
0.013747	1804.5
0.012884	1824.6
0.012054	1844.6
0.011258	1864.7
0.010496	1884.7
0.0097696	1904.8
0.0090778	1924.8
0.0084212	1944.9
0.0077993	1964.9
0.0072117	1985
0.0066578	2005
0.0061369	2025.1
0.005648	2045.1
0.0051902	2065.2
0.0047622	2085.2
0.004363	2105.3
0.0039914	2125.3
0.0036461	2145.4
0.0033259	2165.4
0.0030295	2185.5
0.0027557	2205.5
0.0025031	2225.6
0.0022706	2245.6
0.0020568	2265.7
0.0018607	2285.7
0.001681	2305.8
0.0015167	2325.8
0.0013666	2345.9
0.0012298	2365.9
0.0011052	2386
0.00099204	2406
0.00088933	2426.1
0.00079624	2446.1
0.00071205	2466.2
0.00063596	2486.2
0.0005673	2506.3
0.00050546	2526.3
0.00044981	2546.4
0.00039981	2566.4
0.00035496	2586.5
0.00031477	2606.5
0.0002788	2626.6
0.00024667	2646.6
0.00021798	2666.7
0.00019242	2686.7
0.00016967	2706.8
0.00014943	2726.8
0.00013147	2746.9
0.00011553	2766.9
0.00010142	2787
8.8934e-05	2807
7.7902e-05	2827.1
6.8164e-05	2847.1
5.9581e-05	2867.2
5.2025e-05	2887.2
4.5377e-05	2907.3
3.954e-05	2927.3
3.4418e-05	2947.4
2.9927e-05	2967.4
2.5997e-05	2987.5
2.256e-05	3007.5
1.9556e-05	3027.6
1.6937e-05	3047.6
1.4653e-05	3067.7
1.2665e-05	3087.7
1.0936e-05	3107.8
9.4332e-06	3127.8
8.1291e-06	3147.9
6.999e-06	3167.9
6.0199e-06	3188
5.1729e-06	3208
4.441e-06	3228.1
3.8089e-06	3248.1
3.2637e-06	3268.2
2.7941e-06	3288.2
2.3897e-06	3308.3
2.042e-06	3328.3
1.7433e-06	3348.4
1.4869e-06	3368.4
1.2671e-06	3388.5
1.0788e-06	3408.5
9.1768e-07	3428.6
7.7994e-07	3448.6
6.6228e-07	3468.7
5.6185e-07	3488.7
4.7626e-07	3508.8
4.0335e-07	3528.8
3.4129e-07	3548.9
2.8855e-07	3568.9
2.4375e-07	3589
2.0571e-07	3609
1.7349e-07	3629.1
1.4618e-07	3649.1
1.2306e-07	3669.2
1.0352e-07	3689.2
8.7009e-08	3709.3
7.3067e-08	3729.3
6.1314e-08	3749.4
5.1407e-08	3769.4
4.3065e-08	3789.5
3.605e-08	3809.5
3.0152e-08	3829.6
2.5198e-08	3849.6
2.1043e-08	3869.7
1.7558e-08	3889.7
1.4639e-08	3909.8
1.2196e-08	3929.8
1.0152e-08	3949.9
8.4449e-09	3969.9
7.0193e-09	3990
5.8295e-09	4010
4.8379e-09	4030.1
4.012e-09	4050.1
3.3243e-09	4070.2
2.7527e-09	4090.2
2.2776e-09	4110.3
1.883e-09	4130.3
1.5557e-09	4150.4
1.2843e-09	4170.4
1.0594e-09	4190.5
8.7337e-10	4210.5
7.1942e-10	4230.6
5.9212e-10	4250.6
4.8707e-10	4270.7
4.0033e-10	4290.7
3.2878e-10	4310.8
2.6986e-10	4330.8
2.2132e-10	4350.9
1.8137e-10	4370.9
1.4854e-10	4391
1.2156e-10	4411
9.9403e-11	4431.1
8.1236e-11	4451.1
6.6336e-11	4471.2
5.4131e-11	4491.2
4.4144e-11	4511.3
3.597e-11	4531.3
2.929e-11	4551.4
2.3834e-11	4571.4
1.9379e-11	4591.5
1.5746e-11	4611.5
1.2785e-11	4631.6
1.0372e-11	4651.6
8.4086e-12	4671.7
6.8115e-12	4691.7
5.5128e-12	4711.8
4.4586e-12	4731.8
3.6029e-12	4751.9
2.9086e-12	4771.9
2.3463e-12	4792
1.8908e-12	4812
1.522e-12	4832.1
1.2241e-12	4852.1
9.8318e-13	4872.2
7.8862e-13	4892.2
6.3176e-13	4912.3
5.0522e-13	4932.3
4.0324e-13	4952.4
3.212e-13	4972.4
2.5517e-13	4992.5
2.0208e-13	5012.5
1.5947e-13	5032.6
1.2527e-13	5052.6
9.7852e-14	5072.7
7.5915e-14	5092.7
5.8373e-14	5112.8
4.4383e-14	5132.8
3.3258e-14	5152.9
2.4436e-14	5172.9
1.7484e-14	5193
1.2051e-14	5213
7.8551e-15	5233.1
4.6874e-15	5253.1
2.3815e-15	5273.2
8.1567e-16	5293.2
-8.9378e-17	5313.3
-3.8386e-16	5333.3
-3.9084e-16	5353.4
-4e-16	5373.4
-4.1186e-16	5393.5
-4.2714e-16	5413.5
-4.4677e-16	5433.6
-4.7191e-16	5453.6
-4.8127e-16	5460
