1.1554e-11	0
4.9153e-05	3.715
9.8322e-05	7.4299
0.00014753	11.145
0.00019678	14.86
0.0002461	18.575
0.00029551	22.29
0.00034501	26.005
0.00039463	29.72
0.00044439	33.435
0.0004943	37.15
0.00054437	40.865
0.00059462	44.58
0.00064507	48.295
0.00069573	52.01
0.00074661	55.725
0.00079774	59.44
0.00084913	63.155
0.00090079	66.869
0.00095274	70.584
0.001005	74.299
0.0010576	78.014
0.0011105	81.729
0.0011637	85.444
0.0012173	89.159
0.0012713	92.874
0.0013257	96.589
0.0013804	100.3
0.0014356	104.02
0.0014913	107.73
0.0015474	111.45
0.0016039	115.16
0.001661	118.88
0.0017185	122.59
0.0017765	126.31
0.0018351	130.02
0.0018942	133.74
0.0019539	137.45
0.0020141	141.17
0.002075	144.88
0.0021364	148.6
0.0021984	152.31
0.0022611	156.03
0.0023244	159.74
0.0023883	163.46
0.002453	167.17
0.0025183	170.89
0.0025843	174.6
0.002651	178.32
0.0027184	182.03
0.0027866	185.75
0.0028555	189.46
0.0029252	193.18
0.0029957	196.89
0.0030669	200.61
0.003139	204.32
0.0032119	208.04
0.0032856	211.75
0.0033602	215.47
0.0034356	219.18
0.0035119	222.9
0.003589	226.61
0.0036671	230.33
0.0037461	234.04
0.003826	237.76
0.0039068	241.47
0.0039886	245.19
0.0040713	248.9
0.004155	252.62
0.0042397	256.33
0.0043254	260.05
0.0044121	263.76
0.0044997	267.48
0.0045884	271.19
0.0046781	274.91
0.0047689	278.62
0.0048606	282.34
0.0049535	286.05
0.0050473	289.77
0.0051423	293.48
0.0052382	297.2
0.0053353	300.91
0.0054334	304.63
0.0055326	308.34
0.0056329	312.06
0.0057343	315.77
0.0058367	319.49
0.0059403	323.2
0.0060449	326.92
0.0061505	330.63
0.0062573	334.35
0.0063651	338.06
0.006474	341.78
0.006584	345.49
0.006695	349.21
0.0068071	352.92
0.0069202	356.64
0.0070344	360.35
0.0071497	364.07
0.007266	367.78
0.0073832	371.5
0.0075016	375.21
0.0076209	378.93
0.0077412	382.64
0.0078625	386.36
0.0079848	390.07
0.0081081	393.79
0.0082323	397.5
0.0083574	401.22
0.0084835	404.93
0.0086105	408.65
0.0087384	412.36
0.0088671	416.08
0.0089967	419.79
0.0091272	423.51
0.0092585	427.22
0.0093907	430.94
0.0095236	434.65
0.0096574	438.37
0.0097919	442.08
0.0099272	445.8
0.010063	449.51
0.0102	453.23
0.010338	456.94
0.010476	460.66
0.010615	464.37
0.010754	468.09
0.010894	471.8
0.011035	475.52
0.011176	479.23
0.011318	482.95
0.011461	486.66
0.011604	490.38
0.011747	494.09
0.011891	497.81
0.012036	501.52
0.012181	505.24
0.012326	508.95
0.012472	512.67
0.012618	516.38
0.012765	520.1
0.012912	523.81
0.013059	527.53
0.013207	531.24
0.013355	534.96
0.013503	538.67
0.013652	542.39
0.0138	546.1
0.013949	549.82
0.014099	553.53
0.014248	557.25
0.014398	560.96
0.014547	564.68
0.014697	568.39
0.014847	572.11
0.014997	575.82
0.015148	579.54
0.015298	583.25
0.015448	586.97
0.015599	590.68
0.015749	594.4
0.015899	598.11
0.01605	601.83
0.0162	605.54
0.01635	609.26
0.016501	612.97
0.016651	616.69
0.016801	620.4
0.016951	624.12
0.017101	627.83
0.01725	631.55
0.0174	635.26
0.017549	638.98
0.017698	642.69
0.017847	646.41
0.017996	650.12
0.018144	653.84
0.018292	657.55
0.01844	661.27
0.018588	664.98
0.018735	668.69
0.018882	672.41
0.019029	676.12
0.019175	679.84
0.019321	683.55
0.019467	687.27
0.019612	690.98
0.019757	694.7
0.019901	698.41
0.020045	702.13
0.020189	705.84
0.020332	709.56
0.020475	713.27
0.020617	716.99
0.020758	720.7
0.0209	724.42
0.02104	728.13
0.02118	731.85
0.02132	735.56
0.021459	739.28
0.021597	742.99
0.021735	746.71
0.021872	750.42
0.022009	754.14
0.022145	757.85
0.022281	761.57
0.022415	765.28
0.02255	769
0.022683	772.71
0.022816	776.43
0.022948	780.14
0.02308	783.86
0.02321	787.57
0.02334	791.29
0.02347	795
0.023598	798.72
0.023726	802.43
0.023853	806.15
0.023979	809.86
0.024105	813.58
0.02423	817.29
0.024354	821.01
0.024477	824.72
0.024599	828.44
0.024721	832.15
0.024841	835.87
0.024961	839.58
0.02508	843.3
0.025198	847.01
0.025315	850.73
0.025431	854.44
0.025547	858.16
0.025661	861.87
0.025775	865.59
0.025887	869.3
0.025999	873.02
0.02611	876.73
0.02622	880.45
0.026328	884.16
0.026436	887.88
0.026543	891.59
0.026649	895.31
0.026754	899.02
0.026858	902.74
0.026961	906.45
0.027063	910.17
0.027164	913.88
0.027263	917.6
0.027362	921.31
0.02746	925.03
0.027556	928.74
0.027652	932.46
0.027747	936.17
0.02784	939.89
0.027932	943.6
0.028024	947.32
0.028114	951.03
0.028203	954.75
0.028291	958.46
0.028378	962.18
0.028463	965.89
0.028548	969.61
0.028631	973.32
0.028713	977.04
0.028795	980.75
0.028875	984.47
0.028953	988.18
0.029031	991.9
0.029107	995.61
0.029183	999.33
0.029257	1003
0.02933	1006.8
0.029401	1010.5
0.029472	1014.2
0.029541	1017.9
0.029609	1021.6
0.029676	1025.3
0.029741	1029
0.029806	1032.8
0.029869	1036.5
0.029931	1040.2
0.029991	1043.9
0.030051	1047.6
0.030109	1051.3
0.030166	1055.1
0.030222	1058.8
0.030276	1062.5
0.030329	1066.2
0.030381	1069.9
0.030432	1073.6
0.030481	1077.3
0.030529	1081.1
0.030576	1084.8
0.030622	1088.5
0.030666	1092.2
0.030709	1095.9
0.030751	1099.6
0.030791	1103.3
0.03083	1107.1
0.030868	1110.8
0.030904	1114.5
0.03094	1118.2
0.030973	1121.9
0.031006	1125.6
0.031037	1129.4
0.031067	1133.1
0.031096	1136.8
0.031124	1140.5
0.03115	1144.2
0.031174	1147.9
0.031198	1151.6
0.03122	1155.4
0.031241	1159.1
0.031261	1162.8
0.031279	1166.5
0.031296	1170.2
0.031312	1173.9
0.031326	1177.6
0.031339	1181.4
0.031351	1185.1
0.031362	1188.8
0.031371	1192.5
0.031379	1196.2
0.031385	1199.9
0.031391	1203.7
0.031395	1207.4
0.031397	1211.1
0.031399	1214.8
0.031399	1218.5
0.031398	1222.2
0.031396	1225.9
0.031392	1229.7
0.031387	1233.4
0.031381	1237.1
0.031373	1240.8
0.031364	1244.5
0.031354	1248.2
0.031343	1251.9
0.03133	1255.7
0.031317	1259.4
0.031302	1263.1
0.031285	1266.8
0.031268	1270.5
0.031249	1274.2
0.031229	1278
0.031208	1281.7
0.031185	1285.4
0.031162	1289.1
0.031137	1292.8
0.031111	1296.5
0.031083	1300.2
0.031055	1304
0.031025	1307.7
0.030994	1311.4
0.030962	1315.1
0.030929	1318.8
0.030894	1322.5
0.030858	1326.2
0.030822	1330
0.030784	1333.7
0.030745	1337.4
0.030704	1341.1
0.030663	1344.8
0.03062	1348.5
0.030577	1352.2
0.030532	1356
0.030486	1359.7
0.030439	1363.4
0.030391	1367.1
0.030342	1370.8
0.030292	1374.5
0.03024	1378.3
0.030188	1382
0.030134	1385.7
0.03008	1389.4
0.030024	1393.1
0.029968	1396.8
0.02991	1400.5
0.029852	1404.3
0.029792	1408
0.029731	1411.7
0.02967	1415.4
0.029607	1419.1
0.029543	1422.8
0.029479	1426.5
0.029413	1430.3
0.029347	1434
0.029279	1437.7
0.029211	1441.4
0.029142	1445.1
0.029072	1448.8
0.029	1452.6
0.028928	1456.3
0.028856	1460
0.028782	1463.7
0.028707	1467.4
0.028632	1471.1
0.028555	1474.8
0.028478	1478.6
0.0284	1482.3
0.028321	1486
0.028242	1489.7
0.028162	1493.4
0.02808	1497.1
0.027998	1500.8
0.027916	1504.6
0.027832	1508.3
0.027748	1512
0.027663	1515.7
0.027577	1519.4
0.027491	1523.1
0.027404	1526.9
0.027316	1530.6
0.027227	1534.3
0.027138	1538
0.027048	1541.7
0.026958	1545.4
0.026867	1549.1
0.026775	1552.9
0.026683	1556.6
0.02659	1560.3
0.026496	1564
0.026402	1567.7
0.026307	1571.4
0.026212	1575.1
0.026116	1578.9
0.02602	1582.6
0.025923	1586.3
0.025825	1590
0.025727	1593.7
0.025629	1597.4
0.02553	1601.2
0.02543	1604.9
0.02533	1608.6
0.02523	1612.3
0.025129	1616
0.025028	1619.7
0.024926	1623.4
0.024824	1627.2
0.024722	1630.9
0.024619	1634.6
0.024515	1638.3
0.024412	1642
0.024308	1645.7
0.024203	1649.4
0.024098	1653.2
0.023993	1656.9
0.023888	1660.6
0.023782	1664.3
0.023676	1668
0.02357	1671.7
0.023463	1675.5
0.023356	1679.2
0.023249	1682.9
0.023142	1686.6
0.023034	1690.3
0.022926	1694
0.022818	1697.7
0.02271	1701.5
0.022601	1705.2
0.022492	1708.9
0.022383	1712.6
0.022274	1716.3
0.022165	1720
0.022056	1723.7
0.021946	1727.5
0.021836	1731.2
0.021727	1734.9
0.021617	1738.6
0.021507	1742.3
0.021396	1746
0.021286	1749.8
0.021176	1753.5
0.021065	1757.2
0.020955	1760.9
0.020844	1764.6
0.020734	1768.3
0.020623	1772
0.020512	1775.8
0.020402	1779.5
0.020291	1783.2
0.02018	1786.9
0.02007	1790.6
0.019959	1794.3
0.019848	1798
0.019737	1801.8
0.019627	1805.5
0.019516	1809.2
0.019406	1812.9
0.019295	1816.6
0.019185	1820.3
0.019074	1824.1
0.018964	1827.8
0.018854	1831.5
0.018744	1835.2
0.018634	1838.9
0.018524	1842.6
0.018414	1846.3
0.018304	1850.1
0.018195	1853.8
0.018085	1857.5
0.017976	1861.2
0.017867	1864.9
0.017758	1868.6
0.017649	1872.3
0.01754	1876.1
0.017432	1879.8
0.017324	1883.5
0.017215	1887.2
0.017108	1890.9
0.017	1894.6
0.016892	1898.4
0.016785	1902.1
0.016678	1905.8
0.016571	1909.5
0.016464	1913.2
0.016358	1916.9
0.016252	1920.6
0.016146	1924.4
0.01604	1928.1
0.015935	1931.8
0.015829	1935.5
0.015725	1939.2
0.01562	1942.9
0.015515	1946.6
0.015411	1950.4
0.015308	1954.1
0.015204	1957.8
0.015101	1961.5
0.014998	1965.2
0.014895	1968.9
0.014793	1972.7
0.014691	1976.4
0.014589	1980.1
0.014488	1983.8
0.014387	1987.5
0.014286	1991.2
0.014185	1994.9
0.014085	1998.7
0.013986	2002.4
0.013886	2006.1
0.013787	2009.8
0.013688	2013.5
0.01359	2017.2
0.013492	2020.9
0.013394	2024.7
0.013297	2028.4
0.0132	2032.1
0.013103	2035.8
0.013007	2039.5
0.012911	2043.2
0.012816	2046.9
0.012721	2050.7
0.012626	2054.4
0.012532	2058.1
0.012438	2061.8
0.012344	2065.5
0.012251	2069.2
0.012159	2073
0.012066	2076.7
0.011974	2080.4
0.011883	2084.1
0.011792	2087.8
0.011701	2091.5
0.01161	2095.2
0.01152	2099
0.011431	2102.7
0.011342	2106.4
0.011253	2110.1
0.011165	2113.8
0.011077	2117.5
0.01099	2121.2
0.010903	2125
0.010816	2128.7
0.01073	2132.4
0.010644	2136.1
0.010559	2139.8
0.010474	2143.5
0.010389	2147.3
0.010305	2151
0.010222	2154.7
0.010139	2158.4
0.010056	2162.1
0.0099735	2165.8
0.0098916	2169.5
0.0098102	2173.3
0.0097292	2177
0.0096486	2180.7
0.0095685	2184.4
0.0094888	2188.1
0.0094096	2191.8
0.0093307	2195.5
0.0092524	2199.3
0.0091744	2203
0.009097	2206.7
0.0090199	2210.4
0.0089433	2214.1
0.0088672	2217.8
0.0087914	2221.6
0.0087162	2225.3
0.0086413	2229
0.0085669	2232.7
0.008493	2236.4
0.0084195	2240.1
0.0083464	2243.8
0.0082738	2247.6
0.0082016	2251.3
0.0081298	2255
0.0080585	2258.7
0.0079877	2262.4
0.0079173	2266.1
0.0078473	2269.8
0.0077777	2273.6
0.0077086	2277.3
0.00764	2281
0.0075718	2284.7
0.007504	2288.4
0.0074366	2292.1
0.0073697	2295.9
0.0073032	2299.6
0.0072372	2303.3
0.0071716	2307
0.0071064	2310.7
0.0070417	2314.4
0.0069774	2318.1
0.0069135	2321.9
0.00685	2325.6
0.006787	2329.3
0.0067244	2333
0.0066623	2336.7
0.0066006	2340.4
0.0065393	2344.1
0.0064784	2347.9
0.0064179	2351.6
0.0063579	2355.3
0.0062983	2359
0.0062391	2362.7
0.0061803	2366.4
0.006122	2370.2
0.0060641	2373.9
0.0060066	2377.6
0.0059495	2381.3
0.0058928	2385
0.0058365	2388.7
0.0057807	2392.4
0.0057252	2396.2
0.0056702	2399.9
0.0056155	2403.6
0.0055613	2407.3
0.0055075	2411
0.0054541	2414.7
0.0054011	2418.4
0.0053484	2422.2
0.0052962	2425.9
0.0052444	2429.6
0.005193	2433.3
0.005142	2437
0.0050913	2440.7
0.0050411	2444.5
0.0049912	2448.2
0.0049418	2451.9
0.0048927	2455.6
0.004844	2459.3
0.0047957	2463
0.0047477	2466.7
0.0047002	2470.5
0.004653	2474.2
0.0046062	2477.9
0.0045598	2481.6
0.0045138	2485.3
0.0044681	2489
0.0044228	2492.7
0.0043778	2496.5
0.0043333	2500.2
0.004289	2503.9
0.0042452	2507.6
0.0042017	2511.3
0.0041586	2515
0.0041158	2518.8
0.0040734	2522.5
0.0040313	2526.2
0.0039896	2529.9
0.0039483	2533.6
0.0039073	2537.3
0.0038666	2541
0.0038263	2544.8
0.0037863	2548.5
0.0037467	2552.2
0.0037074	2555.9
0.0036684	2559.6
0.0036298	2563.3
0.0035915	2567
0.0035536	2570.8
0.0035159	2574.5
0.0034786	2578.2
0.0034417	2581.9
0.003405	2585.6
0.0033687	2589.3
0.0033327	2593.1
0.003297	2596.8
0.0032616	2600.5
0.0032266	2604.2
0.0031918	2607.9
0.0031574	2611.6
0.0031233	2615.3
0.0030895	2619.1
0.0030559	2622.8
0.0030227	2626.5
0.0029898	2630.2
0.0029572	2633.9
0.0029249	2637.6
0.0028929	2641.3
0.0028612	2645.1
0.0028298	2648.8
0.0027986	2652.5
0.0027678	2656.2
0.0027372	2659.9
0.0027069	2663.6
0.002677	2667.3
0.0026472	2671.1
0.0026178	2674.8
0.0025886	2678.5
0.0025598	2682.2
0.0025312	2685.9
0.0025028	2689.6
0.0024747	2693.4
0.0024469	2697.1
0.0024194	2700.8
0.0023921	2704.5
0.0023651	2708.2
0.0023384	2711.9
0.0023119	2715.6
0.0022856	2719.4
0.0022597	2723.1
0.0022339	2726.8
0.0022085	2730.5
0.0021832	2734.2
0.0021582	2737.9
0.0021335	2741.6
0.002109	2745.4
0.0020847	2749.1
0.0020607	2752.8
0.002037	2756.5
0.0020134	2760.2
0.0019901	2763.9
0.001967	2767.7
0.0019442	2771.4
0.0019216	2775.1
0.0018992	2778.8
0.001877	2782.5
0.0018551	2786.2
0.0018334	2789.9
0.0018119	2793.7
0.0017906	2797.4
0.0017695	2801.1
0.0017487	2804.8
0.0017281	2808.5
0.0017076	2812.2
0.0016874	2815.9
0.0016674	2819.7
0.0016476	2823.4
0.001628	2827.1
0.0016086	2830.8
0.0015895	2834.5
0.0015705	2838.2
0.0015517	2842
0.0015331	2845.7
0.0015147	2849.4
0.0014965	2853.1
0.0014785	2856.8
0.0014607	2860.5
0.001443	2864.2
0.0014256	2868
0.0014083	2871.7
0.0013912	2875.4
0.0013743	2879.1
0.0013576	2882.8
0.0013411	2886.5
0.0013247	2890.2
0.0013085	2894
0.0012925	2897.7
0.0012767	2901.4
0.001261	2905.1
0.0012455	2908.8
0.0012302	2912.5
0.0012151	2916.3
0.0012001	2920
0.0011852	2923.7
0.0011706	2927.4
0.001156	2931.1
0.0011417	2934.8
0.0011275	2938.5
0.0011135	2942.3
0.0010996	2946
0.0010859	2949.7
0.0010723	2953.4
0.0010589	2957.1
0.0010456	2960.8
0.0010325	2964.5
0.0010195	2968.3
0.0010067	2972
0.00099397	2975.7
0.00098142	2979.4
0.00096902	2983.1
0.00095675	2986.8
0.00094462	2990.6
0.00093263	2994.3
0.00092078	2998
0.00090906	3001.7
0.00089747	3005.4
0.00088602	3009.1
0.00087469	3012.8
0.0008635	3016.6
0.00085244	3020.3
0.0008415	3024
0.00083068	3027.7
0.00082	3031.4
0.00080943	3035.1
0.00079899	3038.8
0.00078867	3042.6
0.00077847	3046.3
0.00076839	3050
0.00075842	3053.7
0.00074857	3057.4
0.00073884	3061.1
0.00072922	3064.9
0.00071971	3068.6
0.00071032	3072.3
0.00070103	3076
0.00069186	3079.7
0.00068279	3083.4
0.00067383	3087.1
0.00066498	3090.9
0.00065623	3094.6
0.00064758	3098.3
0.00063904	3102
0.0006306	3105.7
0.00062226	3109.4
0.00061403	3113.1
0.00060589	3116.9
0.00059784	3120.6
0.0005899	3124.3
0.00058205	3128
0.00057429	3131.7
0.00056663	3135.4
0.00055907	3139.2
0.00055159	3142.9
0.0005442	3146.6
0.00053691	3150.3
0.0005297	3154
0.00052258	3157.7
0.00051555	3161.4
0.0005086	3165.2
0.00050174	3168.9
0.00049497	3172.6
0.00048827	3176.3
0.00048166	3180
0.00047513	3183.7
0.00046869	3187.4
0.00046232	3191.2
0.00045603	3194.9
0.00044982	3198.6
0.00044368	3202.3
0.00043763	3206
0.00043164	3209.7
0.00042574	3213.5
0.0004199	3217.2
0.00041414	3220.9
0.00040845	3224.6
0.00040284	3228.3
0.00039729	3232
0.00039181	3235.7
0.00038641	3239.5
0.00038107	3243.2
0.0003758	3246.9
0.00037059	3250.6
0.00036546	3254.3
0.00036038	3258
0.00035538	3261.7
0.00035043	3265.5
0.00034555	3269.2
0.00034073	3272.9
0.00033597	3276.6
0.00033128	3280.3
0.00032664	3284
0.00032207	3287.8
0.00031755	3291.5
0.00031309	3295.2
0.00030869	3298.9
0.00030434	3302.6
0.00030006	3306.3
0.00029582	3310
0.00029165	3313.8
0.00028752	3317.5
0.00028345	3321.2
0.00027944	3324.9
0.00027547	3328.6
0.00027156	3332.3
0.0002677	3336
0.00026389	3339.8
0.00026013	3343.5
0.00025642	3347.2
0.00025276	3350.9
0.00024915	3354.6
0.00024558	3358.3
0.00024206	3362
0.00023859	3365.8
0.00023517	3369.5
0.00023179	3373.2
0.00022845	3376.9
0.00022516	3380.6
0.00022191	3384.3
0.00021871	3388.1
0.00021555	3391.8
0.00021243	3395.5
0.00020935	3399.2
0.00020632	3402.9
0.00020333	3406.6
0.00020037	3410.3
0.00019746	3414.1
0.00019458	3417.8
0.00019175	3421.5
0.00018895	3425.2
0.00018619	3428.9
0.00018347	3432.6
0.00018078	3436.3
0.00017813	3440.1
0.00017552	3443.8
0.00017294	3447.5
0.0001704	3451.2
0.00016789	3454.9
0.00016542	3458.6
0.00016298	3462.4
0.00016058	3466.1
0.0001582	3469.8
0.00015587	3473.5
0.00015356	3477.2
0.00015128	3480.9
0.00014904	3484.6
0.00014683	3488.4
0.00014464	3492.1
0.00014249	3495.8
0.00014037	3499.5
0.00013828	3503.2
0.00013621	3506.9
0.00013418	3510.6
0.00013217	3514.4
0.00013019	3518.1
0.00012824	3521.8
0.00012632	3525.5
0.00012442	3529.2
0.00012255	3532.9
0.00012071	3536.7
0.00011889	3540.4
0.0001171	3544.1
0.00011533	3547.8
0.00011359	3551.5
0.00011187	3555.2
0.00011018	3558.9
0.00010851	3562.7
0.00010686	3566.4
0.00010524	3570.1
0.00010364	3573.8
0.00010207	3577.5
0.00010051	3581.2
9.8982e-05	3584.9
9.7473e-05	3588.7
9.5985e-05	3592.4
9.4518e-05	3596.1
9.3072e-05	3599.8
9.1648e-05	3603.5
9.0243e-05	3607.2
8.8859e-05	3611
8.7495e-05	3614.7
8.615e-05	3618.4
8.4825e-05	3622.1
8.3519e-05	3625.8
8.2232e-05	3629.5
8.0963e-05	3633.2
7.9713e-05	3637
7.8481e-05	3640.7
7.7267e-05	3644.4
7.6071e-05	3648.1
7.4892e-05	3651.8
7.3731e-05	3655.5
7.2586e-05	3659.2
7.1458e-05	3663
7.0346e-05	3666.7
6.9251e-05	3670.4
6.8172e-05	3674.1
6.7109e-05	3677.8
6.6061e-05	3681.5
6.5029e-05	3685.3
6.4012e-05	3689
6.301e-05	3692.7
6.2023e-05	3696.4
6.105e-05	3700.1
6.0092e-05	3703.8
5.9148e-05	3707.5
5.8218e-05	3711.3
5.7301e-05	3715
5.6399e-05	3718.7
5.551e-05	3722.4
5.4634e-05	3726.1
5.3771e-05	3729.8
5.2921e-05	3733.5
5.2084e-05	3737.3
5.1259e-05	3741
5.0446e-05	3744.7
4.9646e-05	3748.4
4.8858e-05	3752.1
4.8082e-05	3755.8
4.7317e-05	3759.6
4.6564e-05	3763.3
4.5822e-05	3767
4.5092e-05	3770.7
4.4372e-05	3774.4
4.3663e-05	3778.1
4.2965e-05	3781.8
4.2278e-05	3785.6
4.1601e-05	3789.3
4.0934e-05	3793
4.0278e-05	3796.7
3.9631e-05	3800.4
3.8995e-05	3804.1
3.8368e-05	3807.8
3.775e-05	3811.6
3.7142e-05	3815.3
3.6544e-05	3819
3.5954e-05	3822.7
3.5374e-05	3826.4
3.4802e-05	3830.1
3.424e-05	3833.9
3.3686e-05	3837.6
3.314e-05	3841.3
3.2603e-05	3845
3.2074e-05	3848.7
3.1553e-05	3852.4
3.1041e-05	3856.1
3.0536e-05	3859.9
3.0039e-05	3863.6
2.955e-05	3867.3
2.9069e-05	3871
2.8594e-05	3874.7
2.8128e-05	3878.4
2.7668e-05	3882.1
2.7216e-05	3885.9
2.6771e-05	3889.6
2.6333e-05	3893.3
2.5901e-05	3897
2.5477e-05	3900.7
2.5059e-05	3904.4
2.4647e-05	3908.2
2.4242e-05	3911.9
2.3844e-05	3915.6
2.3452e-05	3919.3
2.3065e-05	3923
2.2685e-05	3926.7
2.2311e-05	3930.4
2.1943e-05	3934.2
2.1581e-05	3937.9
2.1225e-05	3941.6
2.0874e-05	3945.3
2.0528e-05	3949
2.0189e-05	3952.7
1.9854e-05	3956.4
1.9525e-05	3960.2
1.9201e-05	3963.9
1.8883e-05	3967.6
1.8569e-05	3971.3
1.8261e-05	3975
1.7957e-05	3978.7
1.7658e-05	3982.4
1.7364e-05	3986.2
1.7075e-05	3989.9
1.6791e-05	3993.6
1.6511e-05	3997.3
1.6236e-05	4001
1.5965e-05	4004.7
1.5698e-05	4008.5
1.5436e-05	4012.2
1.5178e-05	4015.9
1.4924e-05	4019.6
1.4674e-05	4023.3
1.4429e-05	4027
1.4187e-05	4030.7
1.3949e-05	4034.5
1.3716e-05	4038.2
1.3486e-05	4041.9
1.326e-05	4045.6
1.3037e-05	4049.3
1.2818e-05	4053
1.2603e-05	4056.7
1.2391e-05	4060.5
1.2183e-05	4064.2
1.1978e-05	4067.9
1.1777e-05	4071.6
1.1579e-05	4075.3
1.1384e-05	4079
1.1193e-05	4082.8
1.1005e-05	4086.5
1.0819e-05	4090.2
1.0637e-05	4093.9
1.0458e-05	4097.6
1.0282e-05	4101.3
1.0109e-05	4105
9.939e-06	4108.8
9.7717e-06	4112.5
9.6072e-06	4116.2
9.4455e-06	4119.9
9.2865e-06	4123.6
9.1302e-06	4127.3
8.9766e-06	4131
8.8256e-06	4134.8
8.6771e-06	4138.5
8.5312e-06	4142.2
8.3877e-06	4145.9
8.2468e-06	4149.6
8.1082e-06	4153.3
7.972e-06	4157.1
7.8382e-06	4160.8
7.7067e-06	4164.5
7.5774e-06	4168.2
7.4504e-06	4171.9
7.3256e-06	4175.6
7.2029e-06	4179.3
7.0824e-06	4183.1
6.964e-06	4186.8
6.8477e-06	4190.5
6.7334e-06	4194.2
6.6212e-06	4197.9
6.5109e-06	4201.6
6.4026e-06	4205.3
6.2962e-06	4209.1
6.1917e-06	4212.8
6.089e-06	4216.5
5.9882e-06	4220.2
5.8892e-06	4223.9
5.792e-06	4227.6
5.6966e-06	4231.4
5.6028e-06	4235.1
5.5108e-06	4238.8
5.4205e-06	4242.5
5.3318e-06	4246.2
5.2447e-06	4249.9
5.1592e-06	4253.6
5.0754e-06	4257.4
4.993e-06	4261.1
4.9122e-06	4264.8
4.833e-06	4268.5
4.7552e-06	4272.2
4.6789e-06	4275.9
4.604e-06	4279.6
4.5306e-06	4283.4
4.4585e-06	4287.1
4.3879e-06	4290.8
4.3186e-06	4294.5
4.2507e-06	4298.2
4.1841e-06	4301.9
4.1188e-06	4305.7
4.0548e-06	4309.4
3.992e-06	4313.1
3.9306e-06	4316.8
3.8703e-06	4320.5
3.8113e-06	4324.2
3.7535e-06	4327.9
3.6969e-06	4331.7
3.6414e-06	4335.4
3.5872e-06	4339.1
3.534e-06	4342.8
3.482e-06	4346.5
3.4311e-06	4350.2
3.3813e-06	4353.9
3.3325e-06	4357.7
3.2849e-06	4361.4
3.2383e-06	4365.1
3.1927e-06	4368.8
3.1482e-06	4372.5
3.1047e-06	4376.2
3.0622e-06	4380
3.0206e-06	4383.7
2.9801e-06	4387.4
2.9405e-06	4391.1
2.9019e-06	4394.8
2.8642e-06	4398.5
2.8275e-06	4402.2
2.7917e-06	4406
2.7568e-06	4409.7
2.7228e-06	4413.4
2.6897e-06	4417.1
2.6575e-06	4420.8
2.6262e-06	4424.5
2.5957e-06	4428.2
2.5661e-06	4432
2.5373e-06	4435.7
2.5094e-06	4439.4
2.4823e-06	4443.1
2.4561e-06	4446.8
2.4307e-06	4450.5
2.406e-06	4454.3
2.3822e-06	4458
2.3592e-06	4461.7
2.3369e-06	4465.4
2.3155e-06	4469.1
2.2948e-06	4472.8
2.2749e-06	4476.5
2.2558e-06	4480.3
2.2374e-06	4484
2.2198e-06	4487.7
2.203e-06	4491.4
2.1869e-06	4495.1
2.1715e-06	4498.8
2.1569e-06	4502.5
2.143e-06	4506.3
2.1298e-06	4510
2.1174e-06	4513.7
2.1057e-06	4517.4
2.0947e-06	4521.1
2.0844e-06	4524.8
2.0749e-06	4528.6
2.066e-06	4532.3
2.0579e-06	4536
2.0505e-06	4539.7
2.0438e-06	4543.4
2.0378e-06	4547.1
2.0325e-06	4550.8
2.028e-06	4554.6
2.0241e-06	4558.3
2.0209e-06	4562
2.0185e-06	4565.7
2.0167e-06	4569.4
2.0157e-06	4573.1
2.0154e-06	4576.8
2.0157e-06	4580.6
2.0168e-06	4584.3
2.0186e-06	4588
2.0211e-06	4591.7
2.0243e-06	4595.4
2.0282e-06	4599.1
2.0329e-06	4602.9
2.0383e-06	4606.6
2.0444e-06	4610.3
2.0512e-06	4614
2.0587e-06	4617.7
2.067e-06	4621.4
2.0761e-06	4625.1
2.0858e-06	4628.9
2.0964e-06	4632.6
2.1076e-06	4636.3
2.1197e-06	4640
