9.9043e-13	0
7.717e-06	3.715
1.5445e-05	7.4299
2.3196e-05	11.145
3.0981e-05	14.86
3.881e-05	18.575
4.6697e-05	22.29
5.465e-05	26.005
6.2683e-05	29.72
7.0807e-05	33.435
7.9031e-05	37.15
8.7369e-05	40.865
9.583e-05	44.58
0.00010443	48.295
0.00011317	52.01
0.00012207	55.725
0.00013114	59.44
0.00014039	63.155
0.00014983	66.869
0.00015948	70.584
0.00016935	74.299
0.00017944	78.014
0.00018977	81.729
0.00020036	85.444
0.00021121	89.159
0.00022235	92.874
0.00023378	96.589
0.00024551	100.3
0.00025757	104.02
0.00026996	107.73
0.0002827	111.45
0.00029581	115.16
0.0003093	118.88
0.00032319	122.59
0.00033749	126.31
0.00035222	130.02
0.0003674	133.74
0.00038304	137.45
0.00039916	141.17
0.00041578	144.88
0.00043292	148.6
0.00045059	152.31
0.00046881	156.03
0.00048761	159.74
0.000507	163.46
0.000527	167.17
0.00054764	170.89
0.00056893	174.6
0.00059089	178.32
0.00061355	182.03
0.00063694	185.75
0.00066106	189.46
0.00068595	193.18
0.00071163	196.89
0.00073813	200.61
0.00076547	204.32
0.00079367	208.04
0.00082277	211.75
0.00085278	215.47
0.00088375	219.18
0.00091568	222.9
0.00094862	226.61
0.00098259	230.33
0.0010176	234.04
0.0010537	237.76
0.001091	241.47
0.0011294	245.19
0.001169	248.9
0.0012097	252.62
0.0012518	256.33
0.0012951	260.05
0.0013397	263.76
0.0013857	267.48
0.001433	271.19
0.0014817	274.91
0.0015319	278.62
0.0015836	282.34
0.0016367	286.05
0.0016914	289.77
0.0017476	293.48
0.0018055	297.2
0.0018649	300.91
0.0019261	304.63
0.0019889	308.34
0.0020535	312.06
0.0021198	315.77
0.0021879	319.49
0.0022578	323.2
0.0023295	326.92
0.0024032	330.63
0.0024787	334.35
0.0025561	338.06
0.0026354	341.78
0.0027168	345.49
0.0028001	349.21
0.0028855	352.92
0.0029729	356.64
0.0030624	360.35
0.0031539	364.07
0.0032476	367.78
0.0033433	371.5
0.0034413	375.21
0.0035413	378.93
0.0036436	382.64
0.003748	386.36
0.0038546	390.07
0.0039634	393.79
0.0040745	397.5
0.0041877	401.22
0.0043032	404.93
0.0044209	408.65
0.0045408	412.36
0.004663	416.08
0.0047874	419.79
0.004914	423.51
0.0050429	427.22
0.005174	430.94
0.0053074	434.65
0.005443	438.37
0.0055809	442.08
0.005721	445.8
0.0058633	449.51
0.0060079	453.23
0.0061546	456.94
0.0063036	460.66
0.0064547	464.37
0.006608	468.09
0.0067633	471.8
0.0069208	475.52
0.0070804	479.23
0.007242	482.95
0.0074057	486.66
0.0075714	490.38
0.0077391	494.09
0.0079088	497.81
0.0080805	501.52
0.0082542	505.24
0.0084298	508.95
0.0086074	512.67
0.0087868	516.38
0.0089682	520.1
0.0091514	523.81
0.0093364	527.53
0.0095231	531.24
0.0097117	534.96
0.0099019	538.67
0.010094	542.39
0.010287	546.1
0.010482	549.82
0.010679	553.53
0.010877	557.25
0.011077	560.96
0.011278	564.68
0.01148	568.39
0.011684	572.11
0.011889	575.82
0.012095	579.54
0.012303	583.25
0.012512	586.97
0.012723	590.68
0.012934	594.4
0.013147	598.11
0.013361	601.83
0.013576	605.54
0.013792	609.26
0.014008	612.97
0.014226	616.69
0.014445	620.4
0.014665	624.12
0.014886	627.83
0.015107	631.55
0.015329	635.26
0.015552	638.98
0.015775	642.69
0.015999	646.41
0.016223	650.12
0.016449	653.84
0.016674	657.55
0.0169	661.27
0.017127	664.98
0.017354	668.69
0.017581	672.41
0.017809	676.12
0.018037	679.84
0.018265	683.55
0.018493	687.27
0.018722	690.98
0.018951	694.7
0.01918	698.41
0.019409	702.13
0.019638	705.84
0.019867	709.56
0.020096	713.27
0.020325	716.99
0.020554	720.7
0.020782	724.42
0.02101	728.13
0.021238	731.85
0.021466	735.56
0.021693	739.28
0.02192	742.99
0.022146	746.71
0.022372	750.42
0.022598	754.14
0.022823	757.85
0.023047	761.57
0.023271	765.28
0.023494	769
0.023717	772.71
0.023939	776.43
0.02416	780.14
0.02438	783.86
0.0246	787.57
0.024819	791.29
0.025037	795
0.025253	798.72
0.025469	802.43
0.025684	806.15
0.025898	809.86
0.026111	813.58
0.026322	817.29
0.026533	821.01
0.026742	824.72
0.02695	828.44
0.027157	832.15
0.027362	835.87
0.027566	839.58
0.027769	843.3
0.02797	847.01
0.02817	850.73
0.028368	854.44
0.028565	858.16
0.028761	861.87
0.028954	865.59
0.029147	869.3
0.029337	873.02
0.029526	876.73
0.029713	880.45
0.029899	884.16
0.030083	887.88
0.030265	891.59
0.030445	895.31
0.030623	899.02
0.030799	902.74
0.030974	906.45
0.031146	910.17
0.031317	913.88
0.031485	917.6
0.031651	921.31
0.031816	925.03
0.031978	928.74
0.032138	932.46
0.032296	936.17
0.032452	939.89
0.032605	943.6
0.032756	947.32
0.032905	951.03
0.033052	954.75
0.033197	958.46
0.033339	962.18
0.033479	965.89
0.033616	969.61
0.033751	973.32
0.033884	977.04
0.034014	980.75
0.034141	984.47
0.034267	988.18
0.034389	991.9
0.034509	995.61
0.034627	999.33
0.034742	1003
0.034854	1006.8
0.034964	1010.5
0.035071	1014.2
0.035175	1017.9
0.035277	1021.6
0.035376	1025.3
0.035472	1029
0.035566	1032.8
0.035656	1036.5
0.035744	1040.2
0.03583	1043.9
0.035912	1047.6
0.035992	1051.3
0.036069	1055.1
0.036143	1058.8
0.036214	1062.5
0.036283	1066.2
0.036348	1069.9
0.036411	1073.6
0.036471	1077.3
0.036528	1081.1
0.036582	1084.8
0.036634	1088.5
0.036682	1092.2
0.036727	1095.9
0.03677	1099.6
0.03681	1103.3
0.036846	1107.1
0.03688	1110.8
0.036911	1114.5
0.036939	1118.2
0.036963	1121.9
0.036985	1125.6
0.037004	1129.4
0.037021	1133.1
0.037034	1136.8
0.037044	1140.5
0.037051	1144.2
0.037056	1147.9
0.037057	1151.6
0.037056	1155.4
0.037051	1159.1
0.037044	1162.8
0.037034	1166.5
0.037021	1170.2
0.037005	1173.9
0.036986	1177.6
0.036965	1181.4
0.03694	1185.1
0.036913	1188.8
0.036883	1192.5
0.036849	1196.2
0.036814	1199.9
0.036775	1203.7
0.036733	1207.4
0.036689	1211.1
0.036642	1214.8
0.036592	1218.5
0.036539	1222.2
0.036483	1225.9
0.036425	1229.7
0.036364	1233.4
0.0363	1237.1
0.036234	1240.8
0.036165	1244.5
0.036094	1248.2
0.036019	1251.9
0.035943	1255.7
0.035863	1259.4
0.035781	1263.1
0.035697	1266.8
0.03561	1270.5
0.03552	1274.2
0.035428	1278
0.035334	1281.7
0.035237	1285.4
0.035138	1289.1
0.035036	1292.8
0.034932	1296.5
0.034826	1300.2
0.034717	1304
0.034606	1307.7
0.034493	1311.4
0.034377	1315.1
0.034259	1318.8
0.034139	1322.5
0.034017	1326.2
0.033893	1330
0.033767	1333.7
0.033638	1337.4
0.033508	1341.1
0.033375	1344.8
0.033241	1348.5
0.033104	1352.2
0.032966	1356
0.032826	1359.7
0.032684	1363.4
0.03254	1367.1
0.032394	1370.8
0.032247	1374.5
0.032098	1378.3
0.031947	1382
0.031795	1385.7
0.031641	1389.4
0.031485	1393.1
0.031328	1396.8
0.031169	1400.5
0.031008	1404.3
0.030847	1408
0.030683	1411.7
0.030519	1415.4
0.030353	1419.1
0.030185	1422.8
0.030017	1426.5
0.029847	1430.3
0.029675	1434
0.029503	1437.7
0.029329	1441.4
0.029155	1445.1
0.028979	1448.8
0.028802	1452.6
0.028625	1456.3
0.028446	1460
0.028266	1463.7
0.028086	1467.4
0.027904	1471.1
0.027722	1474.8
0.027539	1478.6
0.027355	1482.3
0.02717	1486
0.026985	1489.7
0.026799	1493.4
0.026613	1497.1
0.026426	1500.8
0.026238	1504.6
0.02605	1508.3
0.025861	1512
0.025672	1515.7
0.025482	1519.4
0.025292	1523.1
0.025102	1526.9
0.024911	1530.6
0.02472	1534.3
0.024529	1538
0.024337	1541.7
0.024145	1545.4
0.023953	1549.1
0.023761	1552.9
0.023569	1556.6
0.023377	1560.3
0.023185	1564
0.022992	1567.7
0.0228	1571.4
0.022608	1575.1
0.022416	1578.9
0.022224	1582.6
0.022032	1586.3
0.02184	1590
0.021649	1593.7
0.021457	1597.4
0.021266	1601.2
0.021076	1604.9
0.020885	1608.6
0.020695	1612.3
0.020505	1616
0.020316	1619.7
0.020127	1623.4
0.019938	1627.2
0.01975	1630.9
0.019562	1634.6
0.019375	1638.3
0.019188	1642
0.019002	1645.7
0.018817	1649.4
0.018632	1653.2
0.018447	1656.9
0.018264	1660.6
0.01808	1664.3
0.017898	1668
0.017716	1671.7
0.017535	1675.5
0.017355	1679.2
0.017175	1682.9
0.016996	1686.6
0.016818	1690.3
0.016641	1694
0.016465	1697.7
0.016289	1701.5
0.016114	1705.2
0.015941	1708.9
0.015768	1712.6
0.015596	1716.3
0.015424	1720
0.015254	1723.7
0.015085	1727.5
0.014916	1731.2
0.014749	1734.9
0.014583	1738.6
0.014417	1742.3
0.014253	1746
0.014089	1749.8
0.013927	1753.5
0.013765	1757.2
0.013605	1760.9
0.013446	1764.6
0.013287	1768.3
0.01313	1772
0.012974	1775.8
0.012819	1779.5
0.012665	1783.2
0.012512	1786.9
0.01236	1790.6
0.01221	1794.3
0.01206	1798
0.011912	1801.8
0.011764	1805.5
0.011618	1809.2
0.011473	1812.9
0.011329	1816.6
0.011187	1820.3
0.011045	1824.1
0.010905	1827.8
0.010765	1831.5
0.010627	1835.2
0.01049	1838.9
0.010354	1842.6
0.01022	1846.3
0.010086	1850.1
0.0099541	1853.8
0.009823	1857.5
0.009693	1861.2
0.0095643	1864.9
0.0094367	1868.6
0.0093103	1872.3
0.009185	1876.1
0.009061	1879.8
0.0089381	1883.5
0.0088164	1887.2
0.0086958	1890.9
0.0085764	1894.6
0.0084582	1898.4
0.0083412	1902.1
0.0082253	1905.8
0.0081105	1909.5
0.0079969	1913.2
0.0078845	1916.9
0.0077732	1920.6
0.0076631	1924.4
0.0075541	1928.1
0.0074463	1931.8
0.0073396	1935.5
0.007234	1939.2
0.0071296	1942.9
0.0070263	1946.6
0.0069241	1950.4
0.006823	1954.1
0.006723	1957.8
0.0066242	1961.5
0.0065264	1965.2
0.0064298	1968.9
0.0063342	1972.7
0.0062398	1976.4
0.0061464	1980.1
0.0060541	1983.8
0.0059629	1987.5
0.0058727	1991.2
0.0057836	1994.9
0.0056955	1998.7
0.0056085	2002.4
0.0055226	2006.1
0.0054376	2009.8
0.0053537	2013.5
0.0052709	2017.2
0.005189	2020.9
0.0051081	2024.7
0.0050283	2028.4
0.0049494	2032.1
0.0048715	2035.8
0.0047947	2039.5
0.0047187	2043.2
0.0046438	2046.9
0.0045698	2050.7
0.0044967	2054.4
0.0044246	2058.1
0.0043535	2061.8
0.0042832	2065.5
0.0042139	2069.2
0.0041455	2073
0.004078	2076.7
0.0040114	2080.4
0.0039457	2084.1
0.0038809	2087.8
0.0038169	2091.5
0.0037538	2095.2
0.0036916	2099
0.0036302	2102.7
0.0035697	2106.4
0.00351	2110.1
0.0034511	2113.8
0.0033931	2117.5
0.0033359	2121.2
0.0032794	2125
0.0032238	2128.7
0.003169	2132.4
0.0031149	2136.1
0.0030616	2139.8
0.0030091	2143.5
0.0029573	2147.3
0.0029063	2151
0.0028561	2154.7
0.0028065	2158.4
0.0027577	2162.1
0.0027096	2165.8
0.0026623	2169.5
0.0026156	2173.3
0.0025696	2177
0.0025243	2180.7
0.0024797	2184.4
0.0024358	2188.1
0.0023925	2191.8
0.0023499	2195.5
0.002308	2199.3
0.0022667	2203
0.002226	2206.7
0.0021859	2210.4
0.0021465	2214.1
0.0021077	2217.8
0.0020695	2221.6
0.0020319	2225.3
0.0019949	2229
0.0019584	2232.7
0.0019226	2236.4
0.0018873	2240.1
0.0018526	2243.8
0.0018184	2247.6
0.0017848	2251.3
0.0017517	2255
0.0017191	2258.7
0.0016871	2262.4
0.0016556	2266.1
0.0016246	2269.8
0.0015942	2273.6
0.0015642	2277.3
0.0015347	2281
0.0015057	2284.7
0.0014772	2288.4
0.0014492	2292.1
0.0014216	2295.9
0.0013945	2299.6
0.0013679	2303.3
0.0013417	2307
0.0013159	2310.7
0.0012906	2314.4
0.0012657	2318.1
0.0012412	2321.9
0.0012172	2325.6
0.0011935	2329.3
0.0011703	2333
0.0011475	2336.7
0.0011251	2340.4
0.001103	2344.1
0.0010814	2347.9
0.0010601	2351.6
0.0010392	2355.3
0.0010187	2359
0.0009985	2362.7
0.00097868	2366.4
0.00095922	2370.2
0.00094011	2373.9
0.00092133	2377.6
0.00090289	2381.3
0.00088479	2385
0.000867	2388.7
0.00084954	2392.4
0.0008324	2396.2
0.00081557	2399.9
0.00079904	2403.6
0.00078282	2407.3
0.00076689	2411
0.00075125	2414.7
0.0007359	2418.4
0.00072084	2422.2
0.00070605	2425.9
0.00069154	2429.6
0.0006773	2433.3
0.00066332	2437
0.0006496	2440.7
0.00063615	2444.5
0.00062294	2448.2
0.00060998	2451.9
0.00059727	2455.6
0.0005848	2459.3
0.00057256	2463
0.00056056	2466.7
0.00054879	2470.5
0.00053724	2474.2
0.00052591	2477.9
0.0005148	2481.6
0.0005039	2485.3
0.00049322	2489
0.00048274	2492.7
0.00047246	2496.5
0.00046238	2500.2
0.0004525	2503.9
0.00044281	2507.6
0.00043332	2511.3
0.00042401	2515
0.00041488	2518.8
0.00040593	2522.5
0.00039716	2526.2
0.00038856	2529.9
0.00038013	2533.6
0.00037187	2537.3
0.00036378	2541
0.00035585	2544.8
0.00034807	2548.5
0.00034046	2552.2
0.00033299	2555.9
0.00032568	2559.6
0.00031851	2563.3
0.00031149	2567
0.00030461	2570.8
0.00029788	2574.5
0.00029127	2578.2
0.00028481	2581.9
0.00027848	2585.6
0.00027227	2589.3
0.0002662	2593.1
0.00026025	2596.8
0.00025442	2600.5
0.00024871	2604.2
0.00024313	2607.9
0.00023766	2611.6
0.0002323	2615.3
0.00022705	2619.1
0.00022192	2622.8
0.00021689	2626.5
0.00021196	2630.2
0.00020715	2633.9
0.00020243	2637.6
0.00019781	2641.3
0.00019329	2645.1
0.00018887	2648.8
0.00018454	2652.5
0.0001803	2656.2
0.00017615	2659.9
0.0001721	2663.6
0.00016813	2667.3
0.00016424	2671.1
0.00016044	2674.8
0.00015672	2678.5
0.00015308	2682.2
0.00014952	2685.9
0.00014603	2689.6
0.00014263	2693.4
0.00013929	2697.1
0.00013603	2700.8
0.00013284	2704.5
0.00012972	2708.2
0.00012667	2711.9
0.00012369	2715.6
0.00012077	2719.4
0.00011791	2723.1
0.00011512	2726.8
0.00011239	2730.5
0.00010973	2734.2
0.00010712	2737.9
0.00010456	2741.6
0.00010207	2745.4
9.9632e-05	2749.1
9.7248e-05	2752.8
9.4918e-05	2756.5
9.264e-05	2760.2
9.0413e-05	2763.9
8.8236e-05	2767.7
8.6109e-05	2771.4
8.403e-05	2775.1
8.1998e-05	2778.8
8.0012e-05	2782.5
7.8071e-05	2786.2
7.6175e-05	2789.9
7.4322e-05	2793.7
7.2511e-05	2797.4
7.0742e-05	2801.1
6.9013e-05	2804.8
6.7325e-05	2808.5
6.5675e-05	2812.2
6.4063e-05	2815.9
6.2488e-05	2819.7
6.095e-05	2823.4
5.9448e-05	2827.1
5.7981e-05	2830.8
5.6547e-05	2834.5
5.5148e-05	2838.2
5.378e-05	2842
5.2445e-05	2845.7
5.1141e-05	2849.4
4.9868e-05	2853.1
4.8625e-05	2856.8
4.7411e-05	2860.5
4.6226e-05	2864.2
4.5068e-05	2868
4.3938e-05	2871.7
4.2835e-05	2875.4
4.1758e-05	2879.1
4.0707e-05	2882.8
3.9681e-05	2886.5
3.8679e-05	2890.2
3.7701e-05	2894
3.6747e-05	2897.7
3.5815e-05	2901.4
3.4906e-05	2905.1
3.4019e-05	2908.8
3.3153e-05	2912.5
3.2308e-05	2916.3
3.1483e-05	2920
3.0679e-05	2923.7
2.9893e-05	2927.4
2.9127e-05	2931.1
2.838e-05	2934.8
2.7651e-05	2938.5
2.6939e-05	2942.3
2.6245e-05	2946
2.5568e-05	2949.7
2.4908e-05	2953.4
2.4264e-05	2957.1
2.3635e-05	2960.8
2.3022e-05	2964.5
2.2424e-05	2968.3
2.1841e-05	2972
2.1273e-05	2975.7
2.0718e-05	2979.4
2.0177e-05	2983.1
1.965e-05	2986.8
1.9136e-05	2990.6
1.8634e-05	2994.3
1.8145e-05	2998
1.7669e-05	3001.7
1.7204e-05	3005.4
1.6751e-05	3009.1
1.6309e-05	3012.8
1.5878e-05	3016.6
1.5458e-05	3020.3
1.5049e-05	3024
1.465e-05	3027.7
1.4261e-05	3031.4
1.3882e-05	3035.1
1.3513e-05	3038.8
1.3153e-05	3042.6
1.2802e-05	3046.3
1.246e-05	3050
1.2127e-05	3053.7
1.1802e-05	3057.4
1.1486e-05	3061.1
1.1178e-05	3064.9
1.0877e-05	3068.6
1.0585e-05	3072.3
1.0299e-05	3076
1.0022e-05	3079.7
9.7511e-06	3083.4
9.4874e-06	3087.1
9.2306e-06	3090.9
8.9804e-06	3094.6
8.7367e-06	3098.3
8.4993e-06	3102
8.2682e-06	3105.7
8.043e-06	3109.4
7.8237e-06	3113.1
7.6101e-06	3116.9
7.4021e-06	3120.6
7.1996e-06	3124.3
7.0023e-06	3128
6.8103e-06	3131.7
6.6233e-06	3135.4
6.4412e-06	3139.2
6.2639e-06	3142.9
6.0913e-06	3146.6
5.9232e-06	3150.3
5.7596e-06	3154
5.6003e-06	3157.7
5.4453e-06	3161.4
5.2943e-06	3165.2
5.1474e-06	3168.9
5.0044e-06	3172.6
4.8652e-06	3176.3
4.7298e-06	3180
4.5979e-06	3183.7
4.4696e-06	3187.4
4.3447e-06	3191.2
4.2232e-06	3194.9
4.1049e-06	3198.6
3.9898e-06	3202.3
3.8778e-06	3206
3.7689e-06	3209.7
3.6629e-06	3213.5
3.5597e-06	3217.2
3.4593e-06	3220.9
3.3617e-06	3224.6
3.2667e-06	3228.3
3.1743e-06	3232
3.0844e-06	3235.7
2.997e-06	3239.5
2.9119e-06	3243.2
2.8292e-06	3246.9
2.7487e-06	3250.6
2.6704e-06	3254.3
2.5943e-06	3258
2.5203e-06	3261.7
2.4482e-06	3265.5
2.3782e-06	3269.2
2.3101e-06	3272.9
2.2439e-06	3276.6
2.1795e-06	3280.3
2.1169e-06	3284
2.056e-06	3287.8
1.9968e-06	3291.5
1.9393e-06	3295.2
1.8833e-06	3298.9
1.8289e-06	3302.6
1.7761e-06	3306.3
1.7247e-06	3310
1.6747e-06	3313.8
1.6261e-06	3317.5
1.5789e-06	3321.2
1.533e-06	3324.9
1.4884e-06	3328.6
1.445e-06	3332.3
1.4029e-06	3336
1.3619e-06	3339.8
1.3221e-06	3343.5
1.2835e-06	3347.2
1.2459e-06	3350.9
1.2094e-06	3354.6
1.1739e-06	3358.3
1.1394e-06	3362
1.1059e-06	3365.8
1.0733e-06	3369.5
1.0417e-06	3373.2
1.011e-06	3376.9
9.8113e-07	3380.6
9.5213e-07	3384.3
9.2396e-07	3388.1
8.9659e-07	3391.8
8.7001e-07	3395.5
8.4419e-07	3399.2
8.1912e-07	3402.9
7.9476e-07	3406.6
7.711e-07	3410.3
7.4812e-07	3414.1
7.2581e-07	3417.8
7.0414e-07	3421.5
6.8309e-07	3425.2
6.6265e-07	3428.9
6.4281e-07	3432.6
6.2354e-07	3436.3
6.0483e-07	3440.1
5.8666e-07	3443.8
5.6902e-07	3447.5
5.519e-07	3451.2
5.3527e-07	3454.9
5.1913e-07	3458.6
5.0346e-07	3462.4
4.8825e-07	3466.1
4.7348e-07	3469.8
4.5915e-07	3473.5
4.4524e-07	3477.2
4.3173e-07	3480.9
4.1862e-07	3484.6
4.059e-07	3488.4
3.9355e-07	3492.1
3.8157e-07	3495.8
3.6994e-07	3499.5
3.5865e-07	3503.2
3.477e-07	3506.9
3.3707e-07	3510.6
3.2676e-07	3514.4
3.1675e-07	3518.1
3.0704e-07	3521.8
2.9762e-07	3525.5
2.8848e-07	3529.2
2.7961e-07	3532.9
2.7101e-07	3536.7
2.6266e-07	3540.4
2.5457e-07	3544.1
2.4671e-07	3547.8
2.3909e-07	3551.5
2.317e-07	3555.2
2.2453e-07	3558.9
2.1758e-07	3562.7
2.1083e-07	3566.4
2.0429e-07	3570.1
1.9794e-07	3573.8
1.9179e-07	3577.5
1.8582e-07	3581.2
1.8003e-07	3584.9
1.7442e-07	3588.7
1.6898e-07	3592.4
1.637e-07	3596.1
1.5858e-07	3599.8
1.5362e-07	3603.5
1.4881e-07	3607.2
1.4415e-07	3611
1.3962e-07	3614.7
1.3524e-07	3618.4
1.3099e-07	3622.1
1.2687e-07	3625.8
1.2287e-07	3629.5
1.19e-07	3633.2
1.1525e-07	3637
1.1161e-07	3640.7
1.0808e-07	3644.4
1.0466e-07	3648.1
1.0135e-07	3651.8
9.8138e-08	3655.5
9.5026e-08	3659.2
9.201e-08	3663
8.9087e-08	3666.7
8.6254e-08	3670.4
8.3509e-08	3674.1
8.0849e-08	3677.8
7.8271e-08	3681.5
7.5774e-08	3685.3
7.3353e-08	3689
7.1009e-08	3692.7
6.8737e-08	3696.4
6.6536e-08	3700.1
6.4403e-08	3703.8
6.2338e-08	3707.5
6.0336e-08	3711.3
5.8397e-08	3715
5.6519e-08	3718.7
5.47e-08	3722.4
5.2938e-08	3726.1
5.1231e-08	3729.8
4.9578e-08	3733.5
4.7976e-08	3737.3
4.6426e-08	3741
4.4924e-08	3744.7
4.3469e-08	3748.4
4.206e-08	3752.1
4.0696e-08	3755.8
3.9375e-08	3759.6
3.8096e-08	3763.3
3.6857e-08	3767
3.5657e-08	3770.7
3.4496e-08	3774.4
3.3371e-08	3778.1
3.2282e-08	3781.8
3.1228e-08	3785.6
3.0208e-08	3789.3
2.922e-08	3793
2.8263e-08	3796.7
2.7337e-08	3800.4
2.6441e-08	3804.1
2.5573e-08	3807.8
2.4733e-08	3811.6
2.392e-08	3815.3
2.3133e-08	3819
2.2371e-08	3822.7
2.1634e-08	3826.4
2.0921e-08	3830.1
2.023e-08	3833.9
1.9562e-08	3837.6
1.8915e-08	3841.3
1.8289e-08	3845
1.7684e-08	3848.7
1.7098e-08	3852.4
1.6531e-08	3856.1
1.5982e-08	3859.9
1.5451e-08	3863.6
1.4937e-08	3867.3
1.444e-08	3871
1.3959e-08	3874.7
1.3494e-08	3878.4
1.3044e-08	3882.1
1.2609e-08	3885.9
1.2187e-08	3889.6
1.178e-08	3893.3
1.1386e-08	3897
1.1004e-08	3900.7
1.0636e-08	3904.4
1.0279e-08	3908.2
9.9338e-09	3911.9
9.6e-09	3915.6
9.2773e-09	3919.3
8.9651e-09	3923
8.6632e-09	3926.7
8.3712e-09	3930.4
8.0889e-09	3934.2
7.8158e-09	3937.9
7.5518e-09	3941.6
7.2965e-09	3945.3
7.0496e-09	3949
6.8109e-09	3952.7
6.5801e-09	3956.4
6.357e-09	3960.2
6.1412e-09	3963.9
5.9326e-09	3967.6
5.731e-09	3971.3
5.536e-09	3975
5.3475e-09	3978.7
5.1653e-09	3982.4
4.9892e-09	3986.2
4.819e-09	3989.9
4.6544e-09	3993.6
4.4953e-09	3997.3
4.3416e-09	4001
4.193e-09	4004.7
4.0494e-09	4008.5
3.9105e-09	4012.2
3.7764e-09	4015.9
3.6467e-09	4019.6
3.5214e-09	4023.3
3.4004e-09	4027
3.2834e-09	4030.7
3.1703e-09	4034.5
3.061e-09	4038.2
2.9555e-09	4041.9
2.8535e-09	4045.6
2.7549e-09	4049.3
2.6597e-09	4053
2.5677e-09	4056.7
2.4788e-09	4060.5
2.3929e-09	4064.2
2.31e-09	4067.9
2.2298e-09	4071.6
2.1524e-09	4075.3
2.0776e-09	4079
2.0054e-09	4082.8
1.9356e-09	4086.5
1.8682e-09	4090.2
1.8031e-09	4093.9
1.7402e-09	4097.6
1.6795e-09	4101.3
1.6209e-09	4105
1.5642e-09	4108.8
1.5095e-09	4112.5
1.4567e-09	4116.2
1.4057e-09	4119.9
1.3564e-09	4123.6
1.3088e-09	4127.3
1.2629e-09	4131
1.2185e-09	4134.8
1.1757e-09	4138.5
1.1343e-09	4142.2
1.0944e-09	4145.9
1.0559e-09	4149.6
1.0186e-09	4153.3
9.8271e-10	4157.1
9.4803e-10	4160.8
9.1454e-10	4164.5
8.8221e-10	4168.2
8.51e-10	4171.9
8.2088e-10	4175.6
7.918e-10	4179.3
7.6373e-10	4183.1
7.3664e-10	4186.8
7.1049e-10	4190.5
6.8526e-10	4194.2
6.609e-10	4197.9
6.3739e-10	4201.6
6.147e-10	4205.3
5.9281e-10	4209.1
5.7168e-10	4212.8
5.5129e-10	4216.5
5.3162e-10	4220.2
5.1263e-10	4223.9
4.9431e-10	4227.6
4.7663e-10	4231.4
4.5958e-10	4235.1
4.4312e-10	4238.8
4.2724e-10	4242.5
4.1192e-10	4246.2
3.9714e-10	4249.9
3.8288e-10	4253.6
3.6913e-10	4257.4
3.5586e-10	4261.1
3.4306e-10	4264.8
3.3071e-10	4268.5
3.188e-10	4272.2
3.0732e-10	4275.9
2.9624e-10	4279.6
2.8555e-10	4283.4
2.7524e-10	4287.1
2.653e-10	4290.8
2.5572e-10	4294.5
2.4647e-10	4298.2
2.3756e-10	4301.9
2.2896e-10	4305.7
2.2067e-10	4309.4
2.1268e-10	4313.1
2.0497e-10	4316.8
1.9754e-10	4320.5
1.9038e-10	4324.2
1.8348e-10	4327.9
1.7682e-10	4331.7
1.7041e-10	4335.4
1.6422e-10	4339.1
1.5826e-10	4342.8
1.5252e-10	4346.5
1.4698e-10	4350.2
1.4164e-10	4353.9
1.365e-10	4357.7
1.3155e-10	4361.4
1.2677e-10	4365.1
1.2217e-10	4368.8
1.1774e-10	4372.5
1.1347e-10	4376.2
1.0936e-10	4380
1.054e-10	4383.7
1.0159e-10	4387.4
9.7912e-11	4391.1
9.4375e-11	4394.8
9.0969e-11	4398.5
8.769e-11	4402.2
8.4533e-11	4406
8.1495e-11	4409.7
7.8571e-11	4413.4
7.5757e-11	4417.1
7.305e-11	4420.8
7.0445e-11	4424.5
6.794e-11	4428.2
6.553e-11	4432
6.3213e-11	4435.7
6.0985e-11	4439.4
5.8844e-11	4443.1
5.6787e-11	4446.8
5.481e-11	4450.5
5.2911e-11	4454.3
5.1088e-11	4458
4.9337e-11	4461.7
4.7657e-11	4465.4
4.6045e-11	4469.1
4.45e-11	4472.8
4.3018e-11	4476.5
4.1598e-11	4480.3
4.0238e-11	4484
3.8936e-11	4487.7
3.769e-11	4491.4
3.6498e-11	4495.1
3.536e-11	4498.8
3.4273e-11	4502.5
3.3235e-11	4506.3
3.2246e-11	4510
3.1304e-11	4513.7
3.0408e-11	4517.4
2.9555e-11	4521.1
2.8747e-11	4524.8
2.798e-11	4528.6
2.7254e-11	4532.3
2.6569e-11	4536
2.5922e-11	4539.7
2.5314e-11	4543.4
2.4743e-11	4547.1
2.4208e-11	4550.8
2.3709e-11	4554.6
2.3246e-11	4558.3
2.2817e-11	4562
2.2421e-11	4565.7
2.206e-11	4569.4
2.1731e-11	4573.1
2.1434e-11	4576.8
2.1169e-11	4580.6
2.0936e-11	4584.3
2.0735e-11	4588
2.0564e-11	4591.7
2.0425e-11	4595.4
2.0316e-11	4599.1
2.0238e-11	4602.9
2.019e-11	4606.6
2.0173e-11	4610.3
2.0186e-11	4614
2.023e-11	4617.7
2.0304e-11	4621.4
2.0409e-11	4625.1
2.0546e-11	4628.9
2.0713e-11	4632.6
2.0912e-11	4636.3
2.1143e-11	4640
