1.7076e-16	0
0.0004252	20.05
0.0008512	40.1
0.0012788	60.15
0.0017086	80.201
0.0021413	100.25
0.0025775	120.3
0.0030179	140.35
0.0034628	160.4
0.003913	180.45
0.0043689	200.5
0.004831	220.55
0.0052996	240.6
0.0057751	260.65
0.0062576	280.7
0.006747	300.75
0.0072433	320.8
0.0077461	340.85
0.0082548	360.9
0.0087689	380.95
0.0092877	401
0.0098101	421.05
0.010335	441.1
0.010863	461.15
0.011391	481.2
0.011886	500
0.011919	501.25
0.012446	521.3
0.012972	541.35
0.013495	561.4
0.014015	581.45
0.014531	601.5
0.015043	621.55
0.015548	641.6
0.016048	661.65
0.016542	681.7
0.017028	701.75
0.017507	721.8
0.017977	741.85
0.018439	761.9
0.018892	781.95
0.019335	802.01
0.019768	822.06
0.020191	842.11
0.020602	862.16
0.021002	882.21
0.021391	902.26
0.021766	922.31
0.02213	942.36
0.02248	962.41
0.022816	982.46
0.023139	1002.5
0.023447	1022.6
0.023741	1042.6
0.024021	1062.7
0.024285	1082.7
0.024533	1102.8
0.024766	1122.8
0.024984	1142.9
0.025185	1162.9
0.02537	1183
0.025539	1203
0.025692	1223.1
0.025828	1243.1
0.025947	1263.2
0.026051	1283.2
0.026137	1303.3
0.026207	1323.3
0.026261	1343.4
0.026299	1363.4
0.02632	1383.5
0.026325	1403.5
0.026315	1423.6
0.026288	1443.6
0.026247	1463.7
0.02619	1483.7
0.026119	1503.8
0.026033	1523.8
0.025933	1543.9
0.025819	1563.9
0.025691	1584
0.025551	1604
0.025398	1624.1
0.025232	1644.1
0.025055	1664.2
0.024866	1684.2
0.024667	1704.3
0.024457	1724.3
0.024237	1744.4
0.024008	1764.4
0.023769	1784.5
0.023522	1804.5
0.023266	1824.6
0.023003	1844.6
0.022733	1864.7
0.022455	1884.7
0.022172	1904.8
0.021882	1924.8
0.021588	1944.9
0.021288	1964.9
0.020983	1985
0.020675	2005
0.020362	2025.1
0.020046	2045.1
0.019728	2065.2
0.019406	2085.2
0.019083	2105.3
0.018758	2125.3
0.018431	2145.4
0.018103	2165.4
0.017774	2185.5
0.017445	2205.5
0.017115	2225.6
0.016786	2245.6
0.016457	2265.7
0.016129	2285.7
0.015802	2305.8
0.015477	2325.8
0.015152	2345.9
0.01483	2365.9
0.014509	2386
0.01419	2406
0.013874	2426.1
0.013561	2446.1
0.01325	2466.2
0.012942	2486.2
0.012638	2506.3
0.012336	2526.3
0.012038	2546.4
0.011743	2566.4
0.011452	2586.5
0.011165	2606.5
0.010882	2626.6
0.010603	2646.6
0.010327	2666.7
0.010056	2686.7
0.0097893	2706.8
0.0095266	2726.8
0.0092683	2746.9
0.0090144	2766.9
0.0087649	2787
0.0085199	2807
0.0082793	2827.1
0.0080433	2847.1
0.0078118	2867.2
0.0075849	2887.2
0.0073625	2907.3
0.0071447	2927.3
0.0069315	2947.4
0.0067227	2967.4
0.0065186	2987.5
0.0063189	3007.5
0.0061237	3027.6
0.005933	3047.6
0.0057467	3067.7
0.0055648	3087.7
0.0053873	3107.8
0.0052141	3127.8
0.0050452	3147.9
0.0048806	3167.9
0.0047201	3188
0.0045638	3208
0.0044115	3228.1
0.0042633	3248.1
0.004119	3268.2
0.0039787	3288.2
0.0038422	3308.3
0.0037095	3328.3
0.0035806	3348.4
0.0034553	3368.4
0.0033336	3388.5
0.0032155	3408.5
0.0031008	3428.6
0.0029896	3448.6
0.0028817	3468.7
0.002777	3488.7
0.0026756	3508.8
0.0025773	3528.8
0.0024821	3548.9
0.0023899	3568.9
0.0023006	3589
0.0022142	3609
0.0021305	3629.1
0.0020497	3649.1
0.0019715	3669.2
0.0018958	3689.2
0.0018228	3709.3
0.0017522	3729.3
0.001684	3749.4
0.0016182	3769.4
0.0015546	3789.5
0.0014933	3809.5
0.0014342	3829.6
0.0013771	3849.6
0.0013221	3869.7
0.0012691	3889.7
0.001218	3909.8
0.0011688	3929.8
0.0011214	3949.9
0.0010758	3969.9
0.0010319	3990
0.00098973	4010
0.00094912	4030.1
0.00091008	4050.1
0.00087256	4070.2
0.00083651	4090.2
0.00080189	4110.3
0.00076865	4130.3
0.00073674	4150.4
0.00070614	4170.4
0.00067679	4190.5
0.00064865	4210.5
0.00062169	4230.6
0.00059587	4250.6
0.00057116	4270.7
0.0005475	4290.7
0.00052489	4310.8
0.00050327	4330.8
0.00048262	4350.9
0.0004629	4370.9
0.00044409	4391
0.00042616	4411
0.00040908	4431.1
0.00039282	4451.1
0.00037736	4471.2
0.00036267	4491.2
0.00034873	4511.3
0.00033552	4531.3
0.00032301	4551.4
0.00031118	4571.4
0.00030003	4591.5
0.00028951	4611.5
0.00027963	4631.6
0.00027036	4651.6
0.00026169	4671.7
0.0002536	4691.7
0.00024608	4711.8
0.00023912	4731.8
0.0002327	4751.9
0.00022682	4771.9
0.00022147	4792
0.00021663	4812
0.00021231	4832.1
0.00020849	4852.1
0.00020517	4872.2
0.00020235	4892.2
0.00020002	4912.3
0.00019818	4932.3
0.00019683	4952.4
0.00019597	4972.4
0.0001956	4992.5
0.00019573	5012.5
0.00019636	5032.6
0.00019749	5052.6
0.00019913	5072.7
0.00020129	5092.7
0.00020398	5112.8
0.00020508	5120
