-2.5958e-16	0
0.00040724	20.05
0.00081534	40.1
0.0012251	60.15
0.0016373	80.201
0.0020526	100.25
0.0024717	120.3
0.0028953	140.35
0.0033239	160.4
0.0037581	180.45
0.0041985	200.5
0.0046455	220.55
0.0050996	240.6
0.0055612	260.65
0.0060304	280.7
0.0065073	300.75
0.0069919	320.8
0.0074839	340.85
0.0079829	360.9
0.0084885	380.95
0.0089999	401
0.0095164	421.05
0.010037	441.1
0.010562	461.15
0.011088	481.2
0.011583	500
0.011616	501.25
0.012145	521.3
0.012674	541.35
0.013201	561.4
0.013727	581.45
0.014249	601.5
0.014768	621.55
0.015282	641.6
0.015791	661.65
0.016295	681.7
0.016791	701.75
0.017281	721.8
0.017763	741.85
0.018236	761.9
0.018701	781.95
0.019156	802.01
0.019601	822.06
0.020035	842.11
0.020459	862.16
0.02087	882.21
0.02127	902.26
0.021658	922.31
0.022032	942.36
0.022394	962.41
0.022741	982.46
0.023075	1002.5
0.023394	1022.6
0.023698	1042.6
0.023987	1062.7
0.024261	1082.7
0.024518	1102.8
0.02476	1122.8
0.024986	1142.9
0.025195	1162.9
0.025388	1183
0.025564	1203
0.025724	1223.1
0.025866	1243.1
0.025992	1263.2
0.026101	1283.2
0.026192	1303.3
0.026267	1323.3
0.026325	1343.4
0.026367	1363.4
0.026392	1383.5
0.0264	1403.5
0.026393	1423.6
0.026369	1443.6
0.02633	1463.7
0.026275	1483.7
0.026205	1503.8
0.026121	1523.8
0.026022	1543.9
0.025909	1563.9
0.025782	1584
0.025642	1604
0.02549	1624.1
0.025325	1644.1
0.025148	1664.2
0.024959	1684.2
0.02476	1704.3
0.024549	1724.3
0.024329	1744.4
0.024099	1764.4
0.02386	1784.5
0.023612	1804.5
0.023356	1824.6
0.023093	1844.6
0.022822	1864.7
0.022544	1884.7
0.022259	1904.8
0.021969	1924.8
0.021673	1944.9
0.021372	1964.9
0.021067	1985
0.020757	2005
0.020444	2025.1
0.020127	2045.1
0.019808	2065.2
0.019485	2085.2
0.019161	2105.3
0.018834	2125.3
0.018506	2145.4
0.018177	2165.4
0.017848	2185.5
0.017517	2205.5
0.017187	2225.6
0.016856	2245.6
0.016527	2265.7
0.016197	2285.7
0.015869	2305.8
0.015542	2325.8
0.015217	2345.9
0.014893	2365.9
0.014572	2386
0.014252	2406
0.013935	2426.1
0.01362	2446.1
0.013309	2466.2
0.013	2486.2
0.012694	2506.3
0.012391	2526.3
0.012092	2546.4
0.011797	2566.4
0.011505	2586.5
0.011217	2606.5
0.010932	2626.6
0.010652	2646.6
0.010376	2666.7
0.010104	2686.7
0.009836	2706.8
0.0095724	2726.8
0.0093132	2746.9
0.0090584	2766.9
0.0088081	2787
0.0085622	2807
0.0083208	2827.1
0.008084	2847.1
0.0078517	2867.2
0.007624	2887.2
0.0074009	2907.3
0.0071823	2927.3
0.0069684	2947.4
0.0067589	2967.4
0.0065541	2987.5
0.0063537	3007.5
0.0061579	3027.6
0.0059665	3047.6
0.0057796	3067.7
0.0055971	3087.7
0.005419	3107.8
0.0052452	3127.8
0.0050758	3147.9
0.0049105	3167.9
0.0047495	3188
0.0045926	3208
0.0044398	3228.1
0.0042911	3248.1
0.0041463	3268.2
0.0040055	3288.2
0.0038685	3308.3
0.0037354	3328.3
0.0036059	3348.4
0.0034801	3368.4
0.003358	3388.5
0.0032394	3408.5
0.0031242	3428.6
0.0030125	3448.6
0.0029041	3468.7
0.0027989	3488.7
0.002697	3508.8
0.0025982	3528.8
0.0025024	3548.9
0.0024097	3568.9
0.0023199	3589
0.0022329	3609
0.0021488	3629.1
0.0020673	3649.1
0.0019886	3669.2
0.0019124	3689.2
0.0018387	3709.3
0.0017675	3729.3
0.0016987	3749.4
0.0016323	3769.4
0.0015681	3789.5
0.0015061	3809.5
0.0014463	3829.6
0.0013885	3849.6
0.0013328	3869.7
0.001279	3889.7
0.0012272	3909.8
0.0011773	3929.8
0.0011291	3949.9
0.0010827	3969.9
0.001038	3990
0.00099489	4010
0.00095341	4030.1
0.00091348	4050.1
0.00087505	4070.2
0.00083806	4090.2
0.00080248	4110.3
0.00076826	4130.3
0.00073535	4150.4
0.00070371	4170.4
0.0006733	4190.5
0.00064408	4210.5
0.000616	4230.6
0.00058904	4250.6
0.00056313	4270.7
0.00053827	4290.7
0.0005144	4310.8
0.00049149	4330.8
0.00046951	4350.9
0.00044843	4370.9
0.00042821	4391
0.00040882	4411
0.00039024	4431.1
0.00037242	4451.1
0.00035536	4471.2
0.000339	4491.2
0.00032334	4511.3
0.00030835	4531.3
0.00029399	4551.4
0.00028025	4571.4
0.0002671	4591.5
0.00025452	4611.5
0.00024248	4631.6
0.00023097	4651.6
0.00021996	4671.7
0.00020944	4691.7
0.00019938	4711.8
0.00018977	4731.8
0.00018059	4751.9
0.00017182	4771.9
0.00016344	4792
0.00015545	4812
0.00014782	4832.1
0.00014053	4852.1
0.00013358	4872.2
0.00012695	4892.2
0.00012063	4912.3
0.0001146	4932.3
0.00010885	4952.4
0.00010338	4972.4
9.8154e-05	4992.5
9.3179e-05	5012.5
8.8441e-05	5032.6
8.3927e-05	5052.6
7.963e-05	5072.7
7.5538e-05	5092.7
7.1644e-05	5112.8
6.7938e-05	5132.8
6.4412e-05	5152.9
6.1058e-05	5172.9
5.7868e-05	5193
5.4835e-05	5213
5.1952e-05	5233.1
4.9211e-05	5253.1
4.6607e-05	5273.2
4.4133e-05	5293.2
4.1782e-05	5313.3
3.955e-05	5333.3
3.7431e-05	5353.4
3.5419e-05	5373.4
3.3509e-05	5393.5
3.1696e-05	5413.5
2.9977e-05	5433.6
2.8346e-05	5453.6
2.6798e-05	5473.7
2.5331e-05	5493.7
2.394e-05	5513.8
2.2622e-05	5533.8
2.1372e-05	5553.9
2.0189e-05	5573.9
1.9067e-05	5594
1.8004e-05	5614
1.6998e-05	5634.1
1.6046e-05	5654.1
1.5144e-05	5674.2
1.4291e-05	5694.2
1.3483e-05	5714.3
1.2719e-05	5734.3
1.1996e-05	5754.4
1.1313e-05	5774.4
1.0666e-05	5794.5
1.0055e-05	5814.5
9.4774e-06	5834.6
8.9315e-06	5854.6
8.4157e-06	5874.7
7.9283e-06	5894.7
7.468e-06	5914.8
7.0333e-06	5934.8
6.6228e-06	5954.9
6.2352e-06	5974.9
5.8694e-06	5995
5.5242e-06	6015
5.1985e-06	6035.1
4.8912e-06	6055.1
4.6013e-06	6075.2
4.3279e-06	6095.2
4.0702e-06	6115.3
3.8272e-06	6135.3
3.5981e-06	6155.4
3.3822e-06	6175.4
3.1788e-06	6195.5
2.9872e-06	6215.5
2.8067e-06	6235.6
2.6366e-06	6255.6
2.4765e-06	6275.7
2.3258e-06	6295.7
2.1839e-06	6315.8
2.0504e-06	6335.8
1.9247e-06	6355.9
1.8065e-06	6375.9
1.6953e-06	6396
1.5906e-06	6416
1.4923e-06	6436.1
1.3998e-06	6456.1
1.3128e-06	6476.2
1.231e-06	6496.2
1.1542e-06	6516.3
1.082e-06	6536.3
1.0142e-06	6556.4
9.5049e-07	6576.4
8.9065e-07	6596.5
8.3446e-07	6616.5
7.817e-07	6636.6
7.3217e-07	6656.6
6.8568e-07	6676.7
6.4205e-07	6696.7
6.0111e-07	6716.8
5.6269e-07	6736.8
5.2666e-07	6756.9
4.9287e-07	6776.9
4.6118e-07	6797
4.3146e-07	6817
4.0361e-07	6837.1
3.775e-07	6857.1
3.5302e-07	6877.2
3.3009e-07	6897.2
3.0861e-07	6917.3
2.8848e-07	6937.3
2.6963e-07	6957.4
2.5198e-07	6977.4
2.3545e-07	6997.5
2.1997e-07	7017.5
2.0549e-07	7037.6
1.9193e-07	7057.6
1.7924e-07	7077.7
1.6737e-07	7097.7
1.5626e-07	7117.8
1.4587e-07	7137.8
1.3616e-07	7157.9
1.2707e-07	7177.9
1.1858e-07	7198
1.1064e-07	7218
1.0321e-07	7238.1
9.6277e-08	7258.1
8.9795e-08	7278.2
8.3739e-08	7298.2
7.8082e-08	7318.3
7.2798e-08	7338.3
6.7864e-08	7358.4
6.3257e-08	7378.4
5.8956e-08	7398.5
5.4941e-08	7418.5
5.1194e-08	7438.6
4.7697e-08	7458.6
4.4435e-08	7478.7
4.1393e-08	7498.7
3.8555e-08	7518.8
3.5909e-08	7538.8
3.3441e-08	7558.9
3.1142e-08	7578.9
2.8998e-08	7599
2.7001e-08	7619
2.5141e-08	7639.1
2.3408e-08	7659.1
2.1795e-08	7679.2
2.0293e-08	7699.2
1.8896e-08	7719.3
1.7596e-08	7739.3
1.6387e-08	7759.4
1.5263e-08	7779.4
1.4219e-08	7799.5
1.3249e-08	7819.5
1.2348e-08	7839.6
1.1513e-08	7859.6
1.0738e-08	7879.7
1.002e-08	7899.7
9.3558e-09	7919.8
8.7414e-09	7939.8
8.1738e-09	7959.9
7.6501e-09	7979.9
7.4031e-09	7990
