1.7421e-16	0
0.00040261	20.05
0.00080586	40.1
0.0012103	60.15
0.0016165	80.201
0.0020249	100.25
0.002436	120.3
0.0028501	140.35
0.0032677	160.4
0.0036892	180.45
0.0041151	200.5
0.0045456	220.55
0.0049809	240.6
0.0054209	260.65
0.0058658	280.7
0.0063154	300.75
0.0067695	320.8
0.007228	340.85
0.0076905	360.9
0.0081568	380.95
0.0086265	401
0.0090993	421.05
0.0095748	441.1
0.010052	461.15
0.010532	481.2
0.010982	500
0.011012	501.25
0.011494	521.3
0.011976	541.35
0.012457	561.4
0.012937	581.45
0.013417	601.5
0.013894	621.55
0.014369	641.6
0.01484	661.65
0.015309	681.7
0.015773	701.75
0.016233	721.8
0.016688	741.85
0.017137	761.9
0.017581	781.95
0.018018	802.01
0.018448	822.06
0.018871	842.11
0.019286	862.16
0.019693	882.21
0.020091	902.26
0.02048	922.31
0.020859	942.36
0.021229	962.41
0.021588	982.46
0.021936	1002.5
0.022272	1022.6
0.022597	1042.6
0.02291	1062.7
0.02321	1082.7
0.023496	1102.8
0.023769	1122.8
0.024029	1142.9
0.024274	1162.9
0.024505	1183
0.024721	1203
0.024921	1223.1
0.025107	1243.1
0.025277	1263.2
0.025431	1283.2
0.02557	1303.3
0.025693	1323.3
0.0258	1343.4
0.025891	1363.4
0.025966	1383.5
0.026025	1403.5
0.026069	1423.6
0.026097	1443.6
0.026109	1463.7
0.026106	1483.7
0.026088	1503.8
0.026055	1523.8
0.026007	1543.9
0.025945	1563.9
0.025869	1584
0.025778	1604
0.025675	1624.1
0.025558	1644.1
0.025428	1664.2
0.025286	1684.2
0.025131	1704.3
0.024965	1724.3
0.024788	1744.4
0.024599	1764.4
0.024401	1784.5
0.024192	1804.5
0.023973	1824.6
0.023745	1844.6
0.023509	1864.7
0.023264	1884.7
0.023011	1904.8
0.022751	1924.8
0.022484	1944.9
0.02221	1964.9
0.021929	1985
0.021643	2005
0.021352	2025.1
0.021055	2045.1
0.020754	2065.2
0.020449	2085.2
0.02014	2105.3
0.019827	2125.3
0.019512	2145.4
0.019194	2165.4
0.018873	2185.5
0.018551	2205.5
0.018226	2225.6
0.017901	2245.6
0.017575	2265.7
0.017247	2285.7
0.01692	2305.8
0.016592	2325.8
0.016265	2345.9
0.015938	2365.9
0.015612	2386
0.015288	2406
0.014964	2426.1
0.014642	2446.1
0.014322	2466.2
0.014003	2486.2
0.013687	2506.3
0.013373	2526.3
0.013062	2546.4
0.012754	2566.4
0.012448	2586.5
0.012146	2606.5
0.011847	2626.6
0.011551	2646.6
0.011259	2666.7
0.01097	2686.7
0.010685	2706.8
0.010405	2726.8
0.010128	2746.9
0.0098547	2766.9
0.0095859	2787
0.0093214	2807
0.0090611	2827.1
0.0088052	2847.1
0.0085537	2867.2
0.0083066	2887.2
0.008064	2907.3
0.0078258	2927.3
0.0075922	2947.4
0.0073632	2967.4
0.0071387	2987.5
0.0069187	3007.5
0.0067032	3027.6
0.0064923	3047.6
0.0062859	3067.7
0.0060841	3087.7
0.0058867	3107.8
0.0056937	3127.8
0.0055052	3147.9
0.0053211	3167.9
0.0051413	3188
0.0049659	3208
0.0047947	3228.1
0.0046277	3248.1
0.0044649	3268.2
0.0043061	3288.2
0.0041514	3308.3
0.0040007	3328.3
0.0038539	3348.4
0.0037109	3368.4
0.0035718	3388.5
0.0034363	3408.5
0.0033045	3428.6
0.0031763	3448.6
0.0030516	3468.7
0.0029303	3488.7
0.0028123	3508.8
0.0026976	3528.8
0.0025862	3548.9
0.0024778	3568.9
0.0023724	3589
0.00227	3609
0.0021705	3629.1
0.0020738	3649.1
0.0019798	3669.2
0.0018884	3689.2
0.0017995	3709.3
0.0017132	3729.3
0.0016292	3749.4
0.0015474	3769.4
0.0014679	3789.5
0.0013906	3809.5
0.0013153	3829.6
0.0012419	3849.6
0.0011704	3869.7
0.0011007	3889.7
0.0010327	3909.8
0.001032	3910
