9.25e-12	0
3.8307e-05	3.1305
7.662e-05	6.261
0.00011495	9.3915
0.0001533	12.522
0.00019168	15.653
0.00023009	18.783
0.00026855	21.914
0.00030705	25.044
0.00034562	28.175
0.00038425	31.305
0.00042294	34.436
0.00046172	37.566
0.00050058	40.697
0.00053953	43.827
0.00057857	46.958
0.00061772	50.088
0.00065697	53.219
0.00069634	56.349
0.00073583	59.48
0.00077545	62.61
0.00081519	65.741
0.00085508	68.871
0.00089511	72.002
0.00093529	75.132
0.00097562	78.263
0.0010161	81.393
0.0010568	84.524
0.0010976	87.654
0.0011386	90.785
0.0011798	93.915
0.0012212	97.046
0.0012628	100.18
0.0013045	103.31
0.0013465	106.44
0.0013887	109.57
0.0014311	112.7
0.0014737	115.83
0.0015165	118.96
0.0015596	122.09
0.0016029	125.22
0.0016465	128.35
0.0016903	131.48
0.0017344	134.61
0.0017787	137.74
0.0018233	140.87
0.0018682	144
0.0019133	147.13
0.0019588	150.26
0.0020045	153.39
0.0020506	156.53
0.0020969	159.66
0.0021436	162.79
0.0021906	165.92
0.0022379	169.05
0.0022855	172.18
0.0023335	175.31
0.0023818	178.44
0.0024305	181.57
0.0024795	184.7
0.0025289	187.83
0.0025786	190.96
0.0026287	194.09
0.0026792	197.22
0.0027301	200.35
0.0027813	203.48
0.0028329	206.61
0.002885	209.74
0.0029374	212.87
0.0029902	216
0.0030434	219.14
0.003097	222.27
0.0031511	225.4
0.0032055	228.53
0.0032604	231.66
0.0033157	234.79
0.0033714	237.92
0.0034275	241.05
0.0034841	244.18
0.0035411	247.31
0.0035985	250.44
0.0036564	253.57
0.0037147	256.7
0.0037734	259.83
0.0038326	262.96
0.0038923	266.09
0.0039524	269.22
0.0040129	272.35
0.0040739	275.48
0.0041353	278.61
0.0041972	281.75
0.0042596	284.88
0.0043224	288.01
0.0043857	291.14
0.0044494	294.27
0.0045136	297.4
0.0045783	300.53
0.0046434	303.66
0.004709	306.79
0.004775	309.92
0.0048415	313.05
0.0049085	316.18
0.004976	319.31
0.0050439	322.44
0.0051123	325.57
0.0051811	328.7
0.0052504	331.83
0.0053202	334.96
0.0053905	338.09
0.0054612	341.22
0.0055324	344.36
0.0056041	347.49
0.0056762	350.62
0.0057488	353.75
0.0058219	356.88
0.0058954	360.01
0.0059694	363.14
0.0060438	366.27
0.0061188	369.4
0.0061942	372.53
0.00627	375.66
0.0063463	378.79
0.0064231	381.92
0.0065004	385.05
0.0065781	388.18
0.0066562	391.31
0.0067348	394.44
0.0068139	397.57
0.0068934	400.7
0.0069734	403.84
0.0070538	406.97
0.0071347	410.1
0.007216	413.23
0.0072978	416.36
0.00738	419.49
0.0074627	422.62
0.0075457	425.75
0.0076293	428.88
0.0077132	432.01
0.0077976	435.14
0.0078824	438.27
0.0079677	441.4
0.0080534	444.53
0.0081395	447.66
0.008226	450.79
0.0083129	453.92
0.0084003	457.05
0.008488	460.18
0.0085762	463.31
0.0086648	466.45
0.0087538	469.58
0.0088432	472.71
0.0089329	475.84
0.0090231	478.97
0.0091137	482.1
0.0092046	485.23
0.0092959	488.36
0.0093876	491.49
0.0094797	494.62
0.0095721	497.75
0.0096649	500.88
0.0097581	504.01
0.0098516	507.14
0.0099455	510.27
0.01004	513.4
0.010134	516.53
0.010229	519.66
0.010325	522.79
0.01042	525.92
0.010516	529.06
0.010613	532.19
0.010709	535.32
0.010806	538.45
0.010903	541.58
0.011001	544.71
0.011099	547.84
0.011197	550.97
0.011295	554.1
0.011394	557.23
0.011493	560.36
0.011592	563.49
0.011692	566.62
0.011792	569.75
0.011892	572.88
0.011992	576.01
0.012093	579.14
0.012194	582.27
0.012295	585.4
0.012396	588.53
0.012498	591.67
0.0126	594.8
0.012702	597.93
0.012804	601.06
0.012907	604.19
0.01301	607.32
0.013113	610.45
0.013216	613.58
0.013319	616.71
0.013423	619.84
0.013526	622.97
0.01363	626.1
0.013734	629.23
0.013839	632.36
0.013943	635.49
0.014048	638.62
0.014152	641.75
0.014257	644.88
0.014362	648.01
0.014468	651.14
0.014573	654.28
0.014678	657.41
0.014784	660.54
0.01489	663.67
0.014995	666.8
0.015101	669.93
0.015207	673.06
0.015313	676.19
0.01542	679.32
0.015526	682.45
0.015632	685.58
0.015739	688.71
0.015845	691.84
0.015952	694.97
0.016059	698.1
0.016165	701.23
0.016272	704.36
0.016379	707.49
0.016486	710.62
0.016593	713.76
0.0167	716.89
0.016807	720.02
0.016914	723.15
0.017021	726.28
0.017128	729.41
0.017235	732.54
0.017342	735.67
0.017449	738.8
0.017556	741.93
0.017663	745.06
0.017769	748.19
0.017876	751.32
0.017983	754.45
0.01809	757.58
0.018197	760.71
0.018303	763.84
0.01841	766.97
0.018517	770.1
0.018623	773.23
0.01873	776.37
0.018836	779.5
0.018942	782.63
0.019049	785.76
0.019155	788.89
0.019261	792.02
0.019367	795.15
0.019473	798.28
0.019578	801.41
0.019684	804.54
0.019789	807.67
0.019895	810.8
0.02	813.93
0.020105	817.06
0.02021	820.19
0.020315	823.32
0.020419	826.45
0.020523	829.58
0.020628	832.71
0.020732	835.84
0.020836	838.98
0.020939	842.11
0.021043	845.24
0.021146	848.37
0.021249	851.5
0.021352	854.63
0.021455	857.76
0.021557	860.89
0.021659	864.02
0.021761	867.15
0.021863	870.28
0.021965	873.41
0.022066	876.54
0.022167	879.67
0.022267	882.8
0.022368	885.93
0.022468	889.06
0.022568	892.19
0.022668	895.32
0.022767	898.45
0.022866	901.59
0.022965	904.72
0.023063	907.85
0.023161	910.98
0.023259	914.11
0.023356	917.24
0.023453	920.37
0.02355	923.5
0.023646	926.63
0.023742	929.76
0.023838	932.89
0.023933	936.02
0.024028	939.15
0.024123	942.28
0.024217	945.41
0.024311	948.54
0.024404	951.67
0.024497	954.8
0.02459	957.93
0.024682	961.06
0.024774	964.2
0.024865	967.33
0.024956	970.46
0.025046	973.59
0.025136	976.72
0.025225	979.85
0.025314	982.98
0.025403	986.11
0.025491	989.24
0.025579	992.37
0.025666	995.5
0.025752	998.63
0.025838	1001.8
0.025924	1004.9
0.026009	1008
0.026094	1011.2
0.026178	1014.3
0.026261	1017.4
0.026344	1020.5
0.026426	1023.7
0.026508	1026.8
0.02659	1029.9
0.02667	1033.1
0.02675	1036.2
0.02683	1039.3
0.026909	1042.5
0.026987	1045.6
0.027065	1048.7
0.027142	1051.8
0.027219	1055
0.027295	1058.1
0.02737	1061.2
0.027445	1064.4
0.027519	1067.5
0.027592	1070.6
0.027665	1073.8
0.027737	1076.9
0.027808	1080
0.027879	1083.2
0.027949	1086.3
0.028019	1089.4
0.028087	1092.5
0.028156	1095.7
0.028223	1098.8
0.028289	1101.9
0.028355	1105.1
0.028421	1108.2
0.028485	1111.3
0.028549	1114.5
0.028612	1117.6
0.028674	1120.7
0.028736	1123.9
0.028796	1127
0.028857	1130.1
0.028916	1133.2
0.028974	1136.4
0.029032	1139.5
0.029089	1142.6
0.029145	1145.8
0.029201	1148.9
0.029255	1152
0.029309	1155.2
0.029362	1158.3
0.029415	1161.4
0.029466	1164.5
0.029517	1167.7
0.029567	1170.8
0.029616	1173.9
0.029664	1177.1
0.029711	1180.2
0.029758	1183.3
0.029804	1186.5
0.029848	1189.6
0.029893	1192.7
0.029936	1195.9
0.029978	1199
0.03002	1202.1
0.03006	1205.2
0.0301	1208.4
0.030139	1211.5
0.030177	1214.6
0.030214	1217.8
0.03025	1220.9
0.030286	1224
0.03032	1227.2
0.030354	1230.3
0.030387	1233.4
0.030419	1236.5
0.03045	1239.7
0.03048	1242.8
0.030509	1245.9
0.030538	1249.1
0.030565	1252.2
0.030592	1255.3
0.030617	1258.5
0.030642	1261.6
0.030666	1264.7
0.030689	1267.9
0.030711	1271
0.030732	1274.1
0.030752	1277.2
0.030772	1280.4
0.03079	1283.5
0.030808	1286.6
0.030824	1289.8
0.03084	1292.9
0.030855	1296
0.030869	1299.2
0.030882	1302.3
0.030894	1305.4
0.030905	1308.6
0.030916	1311.7
0.030925	1314.8
0.030933	1317.9
0.030941	1321.1
0.030947	1324.2
0.030953	1327.3
0.030958	1330.5
0.030962	1333.6
0.030965	1336.7
0.030967	1339.9
0.030968	1343
0.030968	1346.1
0.030967	1349.2
0.030966	1352.4
0.030963	1355.5
0.03096	1358.6
0.030956	1361.8
0.03095	1364.9
0.030944	1368
0.030937	1371.2
0.03093	1374.3
0.030921	1377.4
0.030911	1380.6
0.030901	1383.7
0.030889	1386.8
0.030877	1389.9
0.030864	1393.1
0.03085	1396.2
0.030835	1399.3
0.030819	1402.5
0.030803	1405.6
0.030785	1408.7
0.030767	1411.9
0.030747	1415
0.030727	1418.1
0.030706	1421.2
0.030684	1424.4
0.030662	1427.5
0.030638	1430.6
0.030614	1433.8
0.030589	1436.9
0.030563	1440
0.030536	1443.2
0.030508	1446.3
0.03048	1449.4
0.03045	1452.6
0.03042	1455.7
0.030389	1458.8
0.030357	1461.9
0.030325	1465.1
0.030291	1468.2
0.030257	1471.3
0.030222	1474.5
0.030187	1477.6
0.03015	1480.7
0.030113	1483.9
0.030075	1487
0.030036	1490.1
0.029996	1493.3
0.029956	1496.4
0.029915	1499.5
0.029873	1502.6
0.02983	1505.8
0.029787	1508.9
0.029743	1512
0.029698	1515.2
0.029652	1518.3
0.029606	1521.4
0.029559	1524.6
0.029511	1527.7
0.029463	1530.8
0.029413	1533.9
0.029364	1537.1
0.029313	1540.2
0.029262	1543.3
0.02921	1546.5
0.029157	1549.6
0.029104	1552.7
0.02905	1555.9
0.028996	1559
0.02894	1562.1
0.028884	1565.3
0.028828	1568.4
0.028771	1571.5
0.028713	1574.6
0.028654	1577.8
0.028595	1580.9
0.028536	1584
0.028475	1587.2
0.028415	1590.3
0.028353	1593.4
0.028291	1596.6
0.028228	1599.7
0.028165	1602.8
0.028101	1605.9
0.028037	1609.1
0.027972	1612.2
0.027907	1615.3
0.027841	1618.5
0.027774	1621.6
0.027707	1624.7
0.027639	1627.9
0.027571	1631
0.027503	1634.1
0.027433	1637.3
0.027364	1640.4
0.027293	1643.5
0.027223	1646.6
0.027151	1649.8
0.02708	1652.9
0.027008	1656
0.026935	1659.2
0.026862	1662.3
0.026788	1665.4
0.026714	1668.6
0.02664	1671.7
0.026565	1674.8
0.026489	1678
0.026414	1681.1
0.026337	1684.2
0.026261	1687.3
0.026184	1690.5
0.026106	1693.6
0.026029	1696.7
0.02595	1699.9
0.025872	1703
0.025793	1706.1
0.025713	1709.3
0.025634	1712.4
0.025554	1715.5
0.025473	1718.6
0.025393	1721.8
0.025311	1724.9
0.02523	1728
0.025148	1731.2
0.025066	1734.3
0.024984	1737.4
0.024901	1740.6
0.024818	1743.7
0.024735	1746.8
0.024651	1750
0.024567	1753.1
0.024483	1756.2
0.024398	1759.3
0.024314	1762.5
0.024229	1765.6
0.024144	1768.7
0.024058	1771.9
0.023972	1775
0.023886	1778.1
0.0238	1781.3
0.023714	1784.4
0.023627	1787.5
0.02354	1790.6
0.023453	1793.8
0.023366	1796.9
0.023278	1800
0.02319	1803.2
0.023102	1806.3
0.023014	1809.4
0.022926	1812.6
0.022838	1815.7
0.022749	1818.8
0.02266	1822
0.022572	1825.1
0.022482	1828.2
0.022393	1831.3
0.022304	1834.5
0.022215	1837.6
0.022125	1840.7
0.022035	1843.9
0.021945	1847
0.021855	1850.1
0.021765	1853.3
0.021675	1856.4
0.021585	1859.5
0.021495	1862.7
0.021404	1865.8
0.021314	1868.9
0.021223	1872
0.021133	1875.2
0.021042	1878.3
0.020951	1881.4
0.020861	1884.6
0.02077	1887.7
0.020679	1890.8
0.020588	1894
0.020497	1897.1
0.020406	1900.2
0.020315	1903.3
0.020224	1906.5
0.020133	1909.6
0.020042	1912.7
0.019951	1915.9
0.01986	1919
0.019769	1922.1
0.019678	1925.3
0.019586	1928.4
0.019495	1931.5
0.019404	1934.7
0.019313	1937.8
0.019222	1940.9
0.019131	1944
0.019041	1947.2
0.01895	1950.3
0.018859	1953.4
0.018768	1956.6
0.018677	1959.7
0.018587	1962.8
0.018496	1966
0.018406	1969.1
0.018315	1972.2
0.018225	1975.3
0.018135	1978.5
0.018044	1981.6
0.017954	1984.7
0.017864	1987.9
0.017774	1991
0.017685	1994.1
0.017595	1997.3
0.017505	2000.4
0.017416	2003.5
0.017326	2006.7
0.017237	2009.8
0.017148	2012.9
0.017059	2016
0.01697	2019.2
0.016881	2022.3
0.016792	2025.4
0.016704	2028.6
0.016615	2031.7
0.016527	2034.8
0.016439	2038
0.016351	2041.1
0.016263	2044.2
0.016176	2047.3
0.016088	2050.5
0.016001	2053.6
0.015914	2056.7
0.015827	2059.9
0.01574	2063
0.015653	2066.1
0.015567	2069.3
0.015481	2072.4
0.015395	2075.5
0.015309	2078.7
0.015223	2081.8
0.015137	2084.9
0.015052	2088
0.014967	2091.2
0.014882	2094.3
0.014797	2097.4
0.014713	2100.6
0.014628	2103.7
0.014544	2106.8
0.01446	2110
0.014376	2113.1
0.014293	2116.2
0.01421	2119.4
0.014127	2122.5
0.014044	2125.6
0.013961	2128.7
0.013879	2131.9
0.013796	2135
0.013714	2138.1
0.013633	2141.3
0.013551	2144.4
0.01347	2147.5
0.013389	2150.7
0.013308	2153.8
0.013228	2156.9
0.013147	2160
0.013067	2163.2
0.012988	2166.3
0.012908	2169.4
0.012829	2172.6
0.01275	2175.7
0.012671	2178.8
0.012592	2182
0.012514	2185.1
0.012436	2188.2
0.012358	2191.4
0.012281	2194.5
0.012204	2197.6
0.012127	2200.7
0.01205	2203.9
0.011974	2207
0.011898	2210.1
0.011822	2213.3
0.011746	2216.4
0.011671	2219.5
0.011596	2222.7
0.011521	2225.8
0.011446	2228.9
0.011372	2232
0.011298	2235.2
0.011224	2238.3
0.011151	2241.4
0.011078	2244.6
0.011005	2247.7
0.010933	2250.8
0.01086	2254
0.010788	2257.1
0.010717	2260.2
0.010645	2263.4
0.010574	2266.5
0.010503	2269.6
0.010433	2272.7
0.010362	2275.9
0.010292	2279
0.010223	2282.1
0.010153	2285.3
0.010084	2288.4
0.010015	2291.5
0.009947	2294.7
0.0098787	2297.8
0.0098108	2300.9
0.0097432	2304.1
0.0096759	2307.2
0.0096089	2310.3
0.0095421	2313.4
0.0094757	2316.6
0.0094096	2319.7
0.0093437	2322.8
0.0092782	2326
0.009213	2329.1
0.009148	2332.2
0.0090834	2335.4
0.0090191	2338.5
0.008955	2341.6
0.0088913	2344.7
0.0088279	2347.9
0.0087647	2351
0.0087019	2354.1
0.0086394	2357.3
0.0085772	2360.4
0.0085152	2363.5
0.0084536	2366.7
0.0083923	2369.8
0.0083313	2372.9
0.0082706	2376.1
0.0082102	2379.2
0.0081501	2382.3
0.0080903	2385.4
0.0080308	2388.6
0.0079716	2391.7
0.0079127	2394.8
0.0078541	2398
0.0077958	2401.1
0.0077379	2404.2
0.0076802	2407.4
0.0076228	2410.5
0.0075657	2413.6
0.0075089	2416.7
0.0074525	2419.9
0.0073963	2423
0.0073404	2426.1
0.0072848	2429.3
0.0072296	2432.4
0.0071746	2435.5
0.0071199	2438.7
0.0070655	2441.8
0.0070115	2444.9
0.0069577	2448.1
0.0069042	2451.2
0.006851	2454.3
0.0067981	2457.4
0.0067455	2460.6
0.0066932	2463.7
0.0066412	2466.8
0.0065895	2470
0.0065381	2473.1
0.006487	2476.2
0.0064362	2479.4
0.0063856	2482.5
0.0063354	2485.6
0.0062855	2488.8
0.0062358	2491.9
0.0061864	2495
0.0061374	2498.1
0.0060886	2501.3
0.0060401	2504.4
0.0059919	2507.5
0.0059439	2510.7
0.0058963	2513.8
0.0058489	2516.9
0.0058019	2520.1
0.0057551	2523.2
0.0057086	2526.3
0.0056624	2529.4
0.0056165	2532.6
0.0055708	2535.7
0.0055255	2538.8
0.0054804	2542
0.0054356	2545.1
0.0053911	2548.2
0.0053468	2551.4
0.0053029	2554.5
0.0052592	2557.6
0.0052157	2560.8
0.0051726	2563.9
0.0051298	2567
0.0050872	2570.1
0.0050449	2573.3
0.0050028	2576.4
0.004961	2579.5
0.0049195	2582.7
0.0048783	2585.8
0.0048374	2588.9
0.0047967	2592.1
0.0047562	2595.2
0.0047161	2598.3
0.0046762	2601.4
0.0046366	2604.6
0.0045972	2607.7
0.0045581	2610.8
0.0045192	2614
0.0044807	2617.1
0.0044424	2620.2
0.0044043	2623.4
0.0043665	2626.5
0.0043289	2629.6
0.0042917	2632.8
0.0042546	2635.9
0.0042178	2639
0.0041813	2642.1
0.004145	2645.3
0.004109	2648.4
0.0040732	2651.5
0.0040377	2654.7
0.0040024	2657.8
0.0039674	2660.9
0.0039326	2664.1
0.0038981	2667.2
0.0038638	2670.3
0.0038298	2673.5
0.0037959	2676.6
0.0037624	2679.7
0.003729	2682.8
0.003696	2686
0.0036631	2689.1
0.0036305	2692.2
0.0035981	2695.4
0.003566	2698.5
0.003534	2701.6
0.0035024	2704.8
0.0034709	2707.9
0.0034397	2711
0.0034087	2714.1
0.0033779	2717.3
0.0033474	2720.4
0.0033171	2723.5
0.003287	2726.7
0.0032572	2729.8
0.0032275	2732.9
0.0031981	2736.1
0.0031689	2739.2
0.0031399	2742.3
0.0031112	2745.5
0.0030826	2748.6
0.0030543	2751.7
0.0030262	2754.8
0.0029983	2758
0.0029706	2761.1
0.0029431	2764.2
0.0029159	2767.4
0.0028888	2770.5
0.002862	2773.6
0.0028353	2776.8
0.0028089	2779.9
0.0027827	2783
0.0027567	2786.1
0.0027308	2789.3
0.0027052	2792.4
0.0026798	2795.5
0.0026546	2798.7
0.0026296	2801.8
0.0026048	2804.9
0.0025802	2808.1
0.0025557	2811.2
0.0025315	2814.3
0.0025075	2817.5
0.0024836	2820.6
0.00246	2823.7
0.0024365	2826.8
0.0024132	2830
0.0023901	2833.1
0.0023672	2836.2
0.0023445	2839.4
0.002322	2842.5
0.0022996	2845.6
0.0022775	2848.8
0.0022555	2851.9
0.0022337	2855
0.0022121	2858.2
0.0021906	2861.3
0.0021694	2864.4
0.0021483	2867.5
0.0021274	2870.7
0.0021066	2873.8
0.0020861	2876.9
0.0020657	2880.1
0.0020454	2883.2
0.0020254	2886.3
0.0020055	2889.5
0.0019858	2892.6
0.0019662	2895.7
0.0019468	2898.8
0.0019276	2902
0.0019086	2905.1
0.0018897	2908.2
0.0018709	2911.4
0.0018523	2914.5
0.0018339	2917.6
0.0018157	2920.8
0.0017976	2923.9
0.0017796	2927
0.0017618	2930.2
0.0017442	2933.3
0.0017267	2936.4
0.0017094	2939.5
0.0016922	2942.7
0.0016752	2945.8
0.0016583	2948.9
0.0016416	2952.1
0.001625	2955.2
0.0016086	2958.3
0.0015923	2961.5
0.0015761	2964.6
0.0015601	2967.7
0.0015442	2970.8
0.0015285	2974
0.0015129	2977.1
0.0014975	2980.2
0.0014822	2983.4
0.001467	2986.5
0.001452	2989.6
0.0014371	2992.8
0.0014223	2995.9
0.0014077	2999
0.0013932	3002.2
0.0013788	3005.3
0.0013646	3008.4
0.0013505	3011.5
0.0013365	3014.7
0.0013227	3017.8
0.0013089	3020.9
0.0012953	3024.1
0.0012819	3027.2
0.0012685	3030.3
0.0012553	3033.5
0.0012422	3036.6
0.0012292	3039.7
0.0012164	3042.9
0.0012036	3046
0.001191	3049.1
0.0011785	3052.2
0.0011661	3055.4
0.0011538	3058.5
0.0011417	3061.6
0.0011297	3064.8
0.0011177	3067.9
0.0011059	3071
0.0010942	3074.2
0.0010826	3077.3
0.0010711	3080.4
0.0010598	3083.5
0.0010485	3086.7
0.0010373	3089.8
0.0010263	3092.9
0.0010154	3096.1
0.0010045	3099.2
0.00099379	3102.3
0.00098316	3105.5
0.00097263	3108.6
0.00096221	3111.7
0.00095188	3114.9
0.00094166	3118
0.00093154	3121.1
0.00092151	3124.2
0.00091158	3127.4
0.00090175	3130.5
0.00089202	3133.6
0.00088238	3136.8
0.00087284	3139.9
0.00086339	3143
0.00085404	3146.2
0.00084477	3149.3
0.0008356	3152.4
0.00082652	3155.5
0.00081753	3158.7
0.00080864	3161.8
0.00079983	3164.9
0.0007911	3168.1
0.00078247	3171.2
0.00077392	3174.3
0.00076546	3177.5
0.00075708	3180.6
0.00074879	3183.7
0.00074058	3186.9
0.00073246	3190
0.00072442	3193.1
0.00071646	3196.2
0.00070858	3199.4
0.00070078	3202.5
0.00069306	3205.6
0.00068542	3208.8
0.00067786	3211.9
0.00067038	3215
0.00066298	3218.2
0.00065565	3221.3
0.0006484	3224.4
0.00064122	3227.6
0.00063412	3230.7
0.00062709	3233.8
0.00062013	3236.9
0.00061325	3240.1
0.00060644	3243.2
0.0005997	3246.3
0.00059303	3249.5
0.00058643	3252.6
0.00057991	3255.7
0.00057345	3258.9
0.00056706	3262
0.00056073	3265.1
0.00055448	3268.2
0.00054829	3271.4
0.00054217	3274.5
0.00053611	3277.6
0.00053012	3280.8
0.00052419	3283.9
0.00051833	3287
0.00051253	3290.2
0.00050679	3293.3
0.00050112	3296.4
0.00049551	3299.6
0.00048996	3302.7
0.00048446	3305.8
0.00047903	3308.9
0.00047366	3312.1
0.00046835	3315.2
0.0004631	3318.3
0.0004579	3321.5
0.00045276	3324.6
0.00044768	3327.7
0.00044266	3330.9
0.00043769	3334
0.00043278	3337.1
0.00042792	3340.2
0.00042312	3343.4
0.00041837	3346.5
0.00041367	3349.6
0.00040903	3352.8
0.00040444	3355.9
0.0003999	3359
0.00039542	3362.2
0.00039098	3365.3
0.0003866	3368.4
0.00038227	3371.6
0.00037798	3374.7
0.00037375	3377.8
0.00036957	3380.9
0.00036543	3384.1
0.00036134	3387.2
0.0003573	3390.3
0.00035331	3393.5
0.00034937	3396.6
0.00034547	3399.7
0.00034161	3402.9
0.00033781	3406
0.00033405	3409.1
0.00033033	3412.2
0.00032666	3415.4
0.00032303	3418.5
0.00031944	3421.6
0.0003159	3424.8
0.0003124	3427.9
0.00030895	3431
0.00030553	3434.2
0.00030216	3437.3
0.00029883	3440.4
0.00029554	3443.6
0.0002923	3446.7
0.00028909	3449.8
0.00028592	3452.9
0.00028279	3456.1
0.0002797	3459.2
0.00027665	3462.3
0.00027364	3465.5
0.00027067	3468.6
0.00026773	3471.7
0.00026484	3474.9
0.00026198	3478
0.00025915	3481.1
0.00025637	3484.3
0.00025362	3487.4
0.0002509	3490.5
0.00024823	3493.6
0.00024558	3496.8
0.00024298	3499.9
0.0002404	3503
0.00023786	3506.2
0.00023536	3509.3
0.00023289	3512.4
0.00023045	3515.6
0.00022805	3518.7
0.00022568	3521.8
0.00022335	3524.9
0.00022104	3528.1
0.00021877	3531.2
0.00021653	3534.3
0.00021432	3537.5
0.00021215	3540.6
0.00021	3543.7
0.00020789	3546.9
0.0002058	3550
0.00020375	3553.1
0.00020173	3556.3
0.00019974	3559.4
0.00019777	3562.5
0.00019584	3565.6
0.00019394	3568.8
0.00019206	3571.9
0.00019022	3575
0.0001884	3578.2
0.00018661	3581.3
0.00018485	3584.4
0.00018312	3587.6
0.00018141	3590.7
0.00017974	3593.8
0.00017809	3596.9
0.00017647	3600.1
0.00017487	3603.2
0.0001733	3606.3
0.00017176	3609.5
0.00017025	3612.6
0.00016876	3615.7
0.0001673	3618.9
0.00016586	3622
0.00016445	3625.1
0.00016307	3628.3
0.00016171	3631.4
0.00016037	3634.5
0.00015906	3637.6
0.00015778	3640.8
0.00015652	3643.9
0.00015529	3647
0.00015408	3650.2
0.00015289	3653.3
0.00015173	3656.4
0.00015059	3659.6
0.00014948	3662.7
0.00014839	3665.8
0.00014733	3669
0.00014628	3672.1
0.00014527	3675.2
0.00014427	3678.3
0.0001433	3681.5
0.00014235	3684.6
0.00014143	3687.7
0.00014052	3690.9
0.00013964	3694
0.00013879	3697.1
0.00013795	3700.3
0.00013714	3703.4
0.00013635	3706.5
0.00013558	3709.6
0.00013484	3712.8
0.00013412	3715.9
0.00013342	3719
0.00013274	3722.2
0.00013208	3725.3
0.00013145	3728.4
0.00013083	3731.6
0.00013024	3734.7
0.00012967	3737.8
0.00012913	3741
0.0001286	3744.1
0.0001281	3747.2
0.00012761	3750.3
0.00012715	3753.5
0.00012671	3756.6
0.00012629	3759.7
0.0001259	3762.9
0.00012552	3766
0.00012517	3769.1
0.00012483	3772.3
0.00012452	3775.4
0.00012423	3778.5
0.00012396	3781.6
0.00012371	3784.8
0.00012349	3787.9
0.00012328	3791
0.0001231	3794.2
0.00012293	3797.3
0.00012279	3800.4
0.00012267	3803.6
0.00012257	3806.7
0.00012249	3809.8
0.00012244	3813
0.0001224	3816.1
0.00012239	3819.2
0.0001224	3822.3
0.00012243	3825.5
0.00012248	3828.6
0.00012255	3831.7
0.00012264	3834.9
0.00012276	3838
0.0001229	3841.1
0.00012306	3844.3
0.00012324	3847.4
0.00012344	3850.5
0.00012366	3853.7
0.00012391	3856.8
0.00012418	3859.9
0.00012447	3863
0.00012479	3866.2
0.00012512	3869.3
0.00012548	3872.4
0.00012586	3875.6
0.00012627	3878.7
0.00012669	3881.8
0.00012714	3885
0.00012762	3888.1
0.00012811	3891.2
0.00012863	3894.3
0.00012918	3897.5
0.00012974	3900.6
0.00013033	3903.7
0.00013095	3906.9
0.00013159	3910
