4.8048e-12	0
4.5258e-05	6.3971
9.0647e-05	12.794
0.0001363	19.191
0.00018234	25.588
0.00022891	31.986
0.00027613	38.383
0.00032415	44.78
0.00037309	51.177
0.00042309	57.574
0.00047429	63.971
0.00052683	70.368
0.00058084	76.765
0.00063648	83.163
0.00069387	89.56
0.00075318	95.957
0.00081453	102.35
0.00087808	108.75
0.00094396	115.15
0.0010123	121.55
0.0010833	127.94
0.001157	134.34
0.0012335	140.74
0.001313	147.13
0.0013957	153.53
0.0014815	159.93
0.0015707	166.33
0.0016634	172.72
0.0017596	179.12
0.0018595	185.52
0.0019633	191.91
0.002071	198.31
0.0021828	204.71
0.0022988	211.1
0.0024191	217.5
0.0025438	223.9
0.0026731	230.3
0.0028071	236.69
0.0029459	243.09
0.0030895	249.49
0.0032383	255.88
0.0033921	262.28
0.0035513	268.68
0.0037158	275.08
0.0038857	281.47
0.0040612	287.87
0.0042424	294.27
0.0044293	300.66
0.004622	307.06
0.0048206	313.46
0.0050252	319.86
0.0052358	326.25
0.0054524	332.65
0.0056752	339.05
0.0059041	345.44
0.0061391	351.84
0.0063804	358.24
0.0066278	364.64
0.0068813	371.03
0.007141	377.43
0.0074069	383.83
0.0076788	390.22
0.0079568	396.62
0.0082407	403.02
0.0085305	409.42
0.0088261	415.81
0.0091273	422.21
0.0094341	428.61
0.0097464	435
0.010064	441.4
0.010387	447.8
0.010715	454.2
0.011047	460.59
0.011385	466.99
0.011727	473.39
0.012073	479.78
0.012423	486.18
0.012777	492.58
0.013134	498.98
0.013495	505.37
0.013859	511.77
0.014226	518.17
0.014596	524.56
0.014969	530.96
0.015343	537.36
0.015719	543.76
0.016097	550.15
0.016476	556.55
0.016856	562.95
0.017237	569.34
0.017618	575.74
0.018	582.14
0.018382	588.53
0.018763	594.93
0.019144	601.33
0.019524	607.73
0.019903	614.12
0.020281	620.52
0.020658	626.92
0.021032	633.31
0.021405	639.71
0.021775	646.11
0.022142	652.51
0.022507	658.9
0.022868	665.3
0.023227	671.7
0.023582	678.09
0.023934	684.49
0.024283	690.89
0.024627	697.29
0.024968	703.68
0.025304	710.08
0.025636	716.48
0.025963	722.87
0.026285	729.27
0.026603	735.67
0.026915	742.07
0.027222	748.46
0.027524	754.86
0.027821	761.26
0.028113	767.65
0.028399	774.05
0.028679	780.45
0.028953	786.85
0.029222	793.24
0.029485	799.64
0.029742	806.04
0.029993	812.43
0.030237	818.83
0.030476	825.23
0.030708	831.63
0.030934	838.02
0.031153	844.42
0.031366	850.82
0.031573	857.21
0.031773	863.61
0.031966	870.01
0.032153	876.41
0.032334	882.8
0.032507	889.2
0.032674	895.6
0.032835	901.99
0.032989	908.39
0.033136	914.79
0.033276	921.18
0.03341	927.58
0.033536	933.98
0.033657	940.38
0.03377	946.77
0.033877	953.17
0.033977	959.57
0.034071	965.96
0.034157	972.36
0.034238	978.76
0.034311	985.16
0.034378	991.55
0.034439	997.95
0.034492	1004.3
0.03454	1010.7
0.034581	1017.1
0.034615	1023.5
0.034643	1029.9
0.034665	1036.3
0.03468	1042.7
0.034689	1049.1
0.034692	1055.5
0.034689	1061.9
0.03468	1068.3
0.034665	1074.7
0.034643	1081.1
0.034616	1087.5
0.034583	1093.9
0.034544	1100.3
0.0345	1106.7
0.034449	1113.1
0.034393	1119.5
0.034332	1125.9
0.034265	1132.3
0.034192	1138.7
0.034115	1145.1
0.034032	1151.5
0.033944	1157.9
0.033851	1164.3
0.033752	1170.7
0.033649	1177.1
0.033541	1183.5
0.033428	1189.9
0.033311	1196.3
0.033189	1202.7
0.033062	1209.1
0.032931	1215.5
0.032795	1221.8
0.032656	1228.2
0.032512	1234.6
0.032363	1241
0.032211	1247.4
0.032055	1253.8
0.031895	1260.2
0.031731	1266.6
0.031564	1273
0.031393	1279.4
0.031218	1285.8
0.03104	1292.2
0.030859	1298.6
0.030674	1305
0.030486	1311.4
0.030296	1317.8
0.030102	1324.2
0.029905	1330.6
0.029705	1337
0.029503	1343.4
0.029298	1349.8
0.02909	1356.2
0.02888	1362.6
0.028668	1369
0.028453	1375.4
0.028236	1381.8
0.028017	1388.2
0.027795	1394.6
0.027572	1401
0.027347	1407.4
0.02712	1413.8
0.026892	1420.2
0.026661	1426.6
0.02643	1433
0.026196	1439.4
0.025961	1445.7
0.025725	1452.1
0.025488	1458.5
0.02525	1464.9
0.02501	1471.3
0.02477	1477.7
0.024528	1484.1
0.024286	1490.5
0.024043	1496.9
0.0238	1503.3
0.023555	1509.7
0.023311	1516.1
0.023065	1522.5
0.022819	1528.9
0.022573	1535.3
0.022327	1541.7
0.022081	1548.1
0.021834	1554.5
0.021587	1560.9
0.021341	1567.3
0.021094	1573.7
0.020848	1580.1
0.020602	1586.5
0.020356	1592.9
0.020111	1599.3
0.019866	1605.7
0.019621	1612.1
0.019378	1618.5
0.019134	1624.9
0.018891	1631.3
0.01865	1637.7
0.018408	1644.1
0.018168	1650.5
0.017928	1656.9
0.01769	1663.3
0.017452	1669.6
0.017215	1676
0.01698	1682.4
0.016746	1688.8
0.016512	1695.2
0.01628	1701.6
0.01605	1708
0.01582	1714.4
0.015592	1720.8
0.015366	1727.2
0.015141	1733.6
0.014917	1740
0.014695	1746.4
0.014474	1752.8
0.014255	1759.2
0.014038	1765.6
0.013822	1772
0.013608	1778.4
0.013395	1784.8
0.013184	1791.2
0.012975	1797.6
0.012768	1804
0.012563	1810.4
0.012359	1816.8
0.012157	1823.2
0.011957	1829.6
0.011759	1836
0.011563	1842.4
0.011369	1848.8
0.011177	1855.2
0.010987	1861.6
0.010799	1868
0.010612	1874.4
0.010428	1880.8
0.010246	1887.1
0.010066	1893.5
0.0098875	1899.9
0.0097113	1906.3
0.0095372	1912.7
0.0093651	1919.1
0.0091951	1925.5
0.0090271	1931.9
0.0088611	1938.3
0.0086973	1944.7
0.0085355	1951.1
0.0083757	1957.5
0.008218	1963.9
0.0080624	1970.3
0.0079089	1976.7
0.0077574	1983.1
0.0076079	1989.5
0.0074605	1995.9
0.0073152	2002.3
0.0071719	2008.7
0.0070306	2015.1
0.0068914	2021.5
0.0067541	2027.9
0.0066189	2034.3
0.0064857	2040.7
0.0063545	2047.1
0.0062252	2053.5
0.0060979	2059.9
0.0059726	2066.3
0.0058492	2072.7
0.0057278	2079.1
0.0056083	2085.5
0.0054906	2091.9
0.0053749	2098.3
0.005261	2104.7
0.005149	2111
0.0050389	2117.4
0.0049306	2123.8
0.0048241	2130.2
0.0047194	2136.6
0.0046165	2143
0.0045153	2149.4
0.004416	2155.8
0.0043183	2162.2
0.0042224	2168.6
0.0041282	2175
0.0040357	2181.4
0.0039448	2187.8
0.0038556	2194.2
0.003768	2200.6
0.0036821	2207
0.0035977	2213.4
0.0035149	2219.8
0.0034337	2226.2
0.003354	2232.6
0.0032758	2239
0.0031991	2245.4
0.0031239	2251.8
0.0030502	2258.2
0.0029779	2264.6
0.002907	2271
0.0028376	2277.4
0.0027695	2283.8
0.0027028	2290.2
0.0026374	2296.6
0.0025733	2303
0.0025106	2309.4
0.0024492	2315.8
0.002389	2322.2
0.00233	2328.6
0.0022723	2334.9
0.0022159	2341.3
0.0021606	2347.7
0.0021065	2354.1
0.0020535	2360.5
0.0020017	2366.9
0.001951	2373.3
0.0019014	2379.7
0.0018529	2386.1
0.0018054	2392.5
0.001759	2398.9
0.0017137	2405.3
0.0016693	2411.7
0.001626	2418.1
0.0015836	2424.5
0.0015421	2430.9
0.0015017	2437.3
0.0014621	2443.7
0.0014235	2450.1
0.0013857	2456.5
0.0013488	2462.9
0.0013128	2469.3
0.0012776	2475.7
0.0012433	2482.1
0.0012098	2488.5
0.001177	2494.9
0.001145	2501.3
0.0011139	2507.7
0.0010834	2514.1
0.0010537	2520.5
0.0010247	2526.9
0.00099642	2533.3
0.00096883	2539.7
0.00094192	2546.1
0.00091567	2552.4
0.00089008	2558.8
0.00086512	2565.2
0.00084078	2571.6
0.00081706	2578
0.00079394	2584.4
0.0007714	2590.8
0.00074943	2597.2
0.00072803	2603.6
0.00070717	2610
0.00068686	2616.4
0.00066706	2622.8
0.00064778	2629.2
0.000629	2635.6
0.00061072	2642
0.00059291	2648.4
0.00057557	2654.8
0.00055869	2661.2
0.00054226	2667.6
0.00052626	2674
0.0005107	2680.4
0.00049555	2686.8
0.00048081	2693.2
0.00046646	2699.6
0.00045251	2706
0.00043893	2712.4
0.00042573	2718.8
0.00041289	2725.2
0.0004004	2731.6
0.00038825	2738
0.00037645	2744.4
0.00036497	2750.8
0.00035381	2757.2
0.00034296	2763.6
0.00033241	2770
0.00032217	2776.3
0.00031221	2782.7
0.00030253	2789.1
0.00029313	2795.5
0.000284	2801.9
0.00027513	2808.3
0.00026652	2814.7
0.00025815	2821.1
0.00025003	2827.5
0.00024214	2833.9
0.00023448	2840.3
0.00022704	2846.7
0.00021982	2853.1
0.00021282	2859.5
0.00020602	2865.9
0.00019942	2872.3
0.00019301	2878.7
0.0001868	2885.1
0.00018077	2891.5
0.00017493	2897.9
0.00016926	2904.3
0.00016375	2910.7
0.00015842	2917.1
0.00015325	2923.5
0.00014823	2929.9
0.00014337	2936.3
0.00013865	2942.7
0.00013408	2949.1
0.00012965	2955.5
0.00012535	2961.9
0.00012119	2968.3
0.00011716	2974.7
0.00011325	2981.1
0.00010947	2987.5
0.0001058	2993.9
0.00010224	3000.2
9.8803e-05	3006.6
9.547e-05	3013
9.2241e-05	3019.4
8.9115e-05	3025.8
8.6089e-05	3032.2
8.3158e-05	3038.6
8.0321e-05	3045
7.7574e-05	3051.4
7.4916e-05	3057.8
7.2343e-05	3064.2
6.9853e-05	3070.6
6.7444e-05	3077
6.5112e-05	3083.4
6.2857e-05	3089.8
6.0675e-05	3096.2
5.8564e-05	3102.6
5.6522e-05	3109
5.4547e-05	3115.4
5.2637e-05	3121.8
5.0791e-05	3128.2
4.9005e-05	3134.6
4.7278e-05	3141
4.5609e-05	3147.4
4.3995e-05	3153.8
4.2436e-05	3160.2
4.0928e-05	3166.6
3.9471e-05	3173
3.8063e-05	3179.4
3.6703e-05	3185.8
3.5389e-05	3192.2
3.4119e-05	3198.6
3.2892e-05	3205
3.1707e-05	3211.4
3.0562e-05	3217.8
2.9457e-05	3224.1
2.8389e-05	3230.5
2.7358e-05	3236.9
2.6362e-05	3243.3
2.5401e-05	3249.7
2.4473e-05	3256.1
2.3578e-05	3262.5
2.2713e-05	3268.9
2.1878e-05	3275.3
2.1073e-05	3281.7
2.0296e-05	3288.1
1.9545e-05	3294.5
1.8822e-05	3300.9
1.8124e-05	3307.3
1.745e-05	3313.7
1.68e-05	3320.1
1.6173e-05	3326.5
1.5569e-05	3332.9
1.4986e-05	3339.3
1.4423e-05	3345.7
1.3881e-05	3352.1
1.3359e-05	3358.5
1.2855e-05	3364.9
1.2369e-05	3371.3
1.19e-05	3377.7
1.1449e-05	3384.1
1.1014e-05	3390.5
1.0594e-05	3396.9
1.019e-05	3403.3
9.801e-06	3409.7
9.4259e-06	3416.1
9.0644e-06	3422.5
8.7162e-06	3428.9
8.3808e-06	3435.3
8.0577e-06	3441.6
7.7466e-06	3448
7.4469e-06	3454.4
7.1583e-06	3460.8
6.8804e-06	3467.2
6.6129e-06	3473.6
6.3553e-06	3480
6.1073e-06	3486.4
5.8686e-06	3492.8
5.6388e-06	3499.2
5.4176e-06	3505.6
5.2048e-06	3512
4.9999e-06	3518.4
4.8028e-06	3524.8
4.6132e-06	3531.2
4.4307e-06	3537.6
4.2551e-06	3544
4.0863e-06	3550.4
3.9238e-06	3556.8
3.7676e-06	3563.2
3.6173e-06	3569.6
3.4728e-06	3576
3.3338e-06	3582.4
3.2002e-06	3588.8
3.0717e-06	3595.2
2.9481e-06	3601.6
2.8294e-06	3608
2.7152e-06	3614.4
2.6055e-06	3620.8
2.5e-06	3627.2
2.3987e-06	3633.6
2.3012e-06	3640
2.2076e-06	3646.4
2.1177e-06	3652.8
2.0313e-06	3659.2
1.9483e-06	3665.5
1.8685e-06	3671.9
1.7919e-06	3678.3
1.7183e-06	3684.7
1.6477e-06	3691.1
1.5798e-06	3697.5
1.5146e-06	3703.9
1.452e-06	3710.3
1.3919e-06	3716.7
1.3342e-06	3723.1
1.2789e-06	3729.5
1.2257e-06	3735.9
1.1747e-06	3742.3
1.1257e-06	3748.7
1.0787e-06	3755.1
1.0335e-06	3761.5
9.9024e-07	3767.9
9.487e-07	3774.3
9.0884e-07	3780.7
8.7059e-07	3787.1
8.3391e-07	3793.5
7.9871e-07	3799.9
7.6495e-07	3806.3
7.3257e-07	3812.7
7.0152e-07	3819.1
6.7173e-07	3825.5
6.4317e-07	3831.9
6.1579e-07	3838.3
5.8953e-07	3844.7
5.6436e-07	3851.1
5.4022e-07	3857.5
5.1709e-07	3863.9
4.9491e-07	3870.3
4.7366e-07	3876.7
4.5328e-07	3883.1
4.3376e-07	3889.4
4.1505e-07	3895.8
3.9712e-07	3902.2
3.7994e-07	3908.6
3.6349e-07	3915
3.4772e-07	3921.4
3.3261e-07	3927.8
3.1814e-07	3934.2
3.0428e-07	3940.6
2.9101e-07	3947
2.783e-07	3953.4
2.6612e-07	3959.8
2.5447e-07	3966.2
2.433e-07	3972.6
2.3262e-07	3979
2.2238e-07	3985.4
2.1259e-07	3991.8
2.0321e-07	3998.2
1.9424e-07	4004.6
1.8565e-07	4011
1.7742e-07	4017.4
1.6956e-07	4023.8
1.6203e-07	4030.2
1.5482e-07	4036.6
1.4793e-07	4043
1.4133e-07	4049.4
1.3502e-07	4055.8
1.2899e-07	4062.2
1.2321e-07	4068.6
1.1769e-07	4075
1.1241e-07	4081.4
1.0736e-07	4087.8
1.0253e-07	4094.2
9.7906e-08	4100.6
9.3489e-08	4106.9
8.9266e-08	4113.3
8.5228e-08	4119.7
8.1368e-08	4126.1
7.7678e-08	4132.5
7.4151e-08	4138.9
7.078e-08	4145.3
6.7557e-08	4151.7
6.4478e-08	4158.1
6.1535e-08	4164.5
5.8723e-08	4170.9
5.6037e-08	4177.3
5.3469e-08	4183.7
5.1017e-08	4190.1
4.8674e-08	4196.5
4.6436e-08	4202.9
4.4298e-08	4209.3
4.2256e-08	4215.7
4.0305e-08	4222.1
3.8443e-08	4228.5
3.6664e-08	4234.9
3.4965e-08	4241.3
3.3344e-08	4247.7
3.1795e-08	4254.1
3.0317e-08	4260.5
2.8905e-08	4266.9
2.7558e-08	4273.3
2.6272e-08	4279.7
2.5045e-08	4286.1
2.3873e-08	4292.5
2.2755e-08	4298.9
2.1688e-08	4305.3
2.067e-08	4311.7
1.9698e-08	4318.1
1.8771e-08	4324.5
1.7887e-08	4330.8
1.7043e-08	4337.2
1.6238e-08	4343.6
1.547e-08	4350
1.4738e-08	4356.4
1.404e-08	4362.8
1.3374e-08	4369.2
1.2738e-08	4375.6
1.2132e-08	4382
1.1555e-08	4388.4
1.1004e-08	4394.8
1.0479e-08	4401.2
9.9782e-09	4407.6
9.5009e-09	4414
9.0459e-09	4420.4
8.6123e-09	4426.8
8.1989e-09	4433.2
7.8049e-09	4439.6
7.4295e-09	4446
7.0716e-09	4452.4
6.7307e-09	4458.8
6.4058e-09	4465.2
6.0963e-09	4471.6
5.8014e-09	4478
5.5204e-09	4484.4
5.2528e-09	4490.8
4.9978e-09	4497.2
4.7549e-09	4503.6
4.5236e-09	4510
4.3033e-09	4516.4
4.0935e-09	4522.8
3.8938e-09	4529.2
3.7035e-09	4535.6
3.5224e-09	4542
3.3499e-09	4548.4
3.1857e-09	4554.7
3.0293e-09	4561.1
2.8805e-09	4567.5
2.7389e-09	4573.9
2.604e-09	4580.3
2.4757e-09	4586.7
2.3536e-09	4593.1
2.2373e-09	4599.5
2.1267e-09	4605.9
2.0215e-09	4612.3
1.9213e-09	4618.7
1.826e-09	4625.1
1.7353e-09	4631.5
1.6491e-09	4637.9
1.567e-09	4644.3
1.489e-09	4650.7
1.4148e-09	4657.1
1.3442e-09	4663.5
1.277e-09	4669.9
1.2131e-09	4676.3
1.1524e-09	4682.7
1.0946e-09	4689.1
1.0397e-09	4695.5
9.8751e-10	4701.9
9.3787e-10	4708.3
8.9067e-10	4714.7
8.4581e-10	4721.1
8.0316e-10	4727.5
7.6262e-10	4733.9
7.2409e-10	4740.3
6.8747e-10	4746.7
6.5266e-10	4753.1
6.1958e-10	4759.5
5.8815e-10	4765.9
5.5829e-10	4772.2
5.2991e-10	4778.6
5.0295e-10	4785
4.7733e-10	4791.4
4.5299e-10	4797.8
4.2988e-10	4804.2
4.0792e-10	4810.6
3.8706e-10	4817
3.6725e-10	4823.4
3.4843e-10	4829.8
3.3057e-10	4836.2
3.136e-10	4842.6
2.9748e-10	4849
2.8218e-10	4855.4
2.6765e-10	4861.8
2.5386e-10	4868.2
2.4077e-10	4874.6
2.2833e-10	4881
2.1653e-10	4887.4
2.0533e-10	4893.8
1.947e-10	4900.2
1.8461e-10	4906.6
1.7503e-10	4913
1.6594e-10	4919.4
1.5732e-10	4925.8
1.4913e-10	4932.2
1.4137e-10	4938.6
1.34e-10	4945
1.27e-10	4951.4
1.2037e-10	4957.8
1.1408e-10	4964.2
1.0811e-10	4970.6
1.0245e-10	4977
9.7078e-11	4983.4
9.1985e-11	4989.8
8.7154e-11	4996.1
8.2572e-11	5002.5
7.8228e-11	5008.9
7.4108e-11	5015.3
7.0201e-11	5021.7
6.6497e-11	5028.1
6.2985e-11	5034.5
5.9656e-11	5040.9
5.6499e-11	5047.3
5.3507e-11	5053.7
5.0671e-11	5060.1
4.7982e-11	5066.5
4.5434e-11	5072.9
4.3019e-11	5079.3
4.0731e-11	5085.7
3.8562e-11	5092.1
3.6506e-11	5098.5
3.4559e-11	5104.9
3.2713e-11	5111.3
3.0965e-11	5117.7
2.9308e-11	5124.1
2.7739e-11	5130.5
2.6253e-11	5136.9
2.4844e-11	5143.3
2.3511e-11	5149.7
2.2247e-11	5156.1
2.1051e-11	5162.5
1.9918e-11	5168.9
1.8845e-11	5175.3
1.7828e-11	5181.7
1.6866e-11	5188.1
1.5955e-11	5194.5
1.5092e-11	5200.9
1.4275e-11	5207.3
1.3502e-11	5213.7
1.277e-11	5220
1.2077e-11	5226.4
1.1421e-11	5232.8
1.0801e-11	5239.2
1.0213e-11	5245.6
9.657e-12	5252
9.1307e-12	5258.4
8.6327e-12	5264.8
8.1614e-12	5271.2
7.7155e-12	5277.6
7.2936e-12	5284
6.8944e-12	5290.4
6.5167e-12	5296.8
6.1594e-12	5303.2
5.8215e-12	5309.6
5.5017e-12	5316
5.1993e-12	5322.4
4.9133e-12	5328.8
4.6428e-12	5335.2
4.3869e-12	5341.6
4.145e-12	5348
3.9162e-12	5354.4
3.6998e-12	5360.8
3.4953e-12	5367.2
3.3018e-12	5373.6
3.1189e-12	5380
2.9461e-12	5386.4
2.7826e-12	5392.8
2.6281e-12	5399.2
2.482e-12	5405.6
2.344e-12	5412
2.2135e-12	5418.4
2.0902e-12	5424.8
1.9736e-12	5431.2
1.8635e-12	5437.5
1.7594e-12	5443.9
1.6611e-12	5450.3
1.5681e-12	5456.7
1.4803e-12	5463.1
1.3974e-12	5469.5
1.319e-12	5475.9
1.2449e-12	5482.3
1.175e-12	5488.7
1.1089e-12	5495.1
1.0465e-12	5501.5
9.8755e-13	5507.9
9.3187e-13	5514.3
8.7929e-13	5520.7
8.2964e-13	5527.1
7.8275e-13	5533.5
7.3848e-13	5539.9
6.9667e-13	5546.3
6.572e-13	5552.7
6.1993e-13	5559.1
5.8475e-13	5565.5
5.5153e-13	5571.9
5.2018e-13	5578.3
4.9059e-13	5584.7
4.6266e-13	5591.1
4.3629e-13	5597.5
4.1141e-13	5603.9
3.8793e-13	5610.3
3.6577e-13	5616.7
3.4486e-13	5623.1
3.2512e-13	5629.5
3.0651e-13	5635.9
2.8894e-13	5642.3
2.7237e-13	5648.7
2.5673e-13	5655.1
2.4198e-13	5661.4
2.2807e-13	5667.8
2.1495e-13	5674.2
2.0257e-13	5680.6
1.909e-13	5687
1.7989e-13	5693.4
1.695e-13	5699.8
1.5971e-13	5706.2
1.5048e-13	5712.6
1.4177e-13	5719
1.3356e-13	5725.4
1.2582e-13	5731.8
1.1852e-13	5738.2
1.1164e-13	5744.6
1.0516e-13	5751
9.9047e-14	5757.4
9.3284e-14	5763.8
8.7853e-14	5770.2
8.2734e-14	5776.6
7.791e-14	5783
7.3363e-14	5789.4
6.9078e-14	5795.8
6.5041e-14	5802.2
6.1236e-14	5808.6
5.7652e-14	5815
5.4274e-14	5821.4
5.1092e-14	5827.8
4.8095e-14	5834.2
4.5271e-14	5840.6
4.2611e-14	5847
4.0105e-14	5853.4
3.7745e-14	5859.8
3.5522e-14	5866.2
3.3428e-14	5872.6
3.1456e-14	5879
2.9599e-14	5885.3
2.7851e-14	5891.7
2.6204e-14	5898.1
2.4654e-14	5904.5
2.3195e-14	5910.9
2.182e-14	5917.3
2.0526e-14	5923.7
1.9308e-14	5930.1
1.8162e-14	5936.5
1.7083e-14	5942.9
1.6067e-14	5949.3
1.5111e-14	5955.7
1.4211e-14	5962.1
1.3364e-14	5968.5
1.2567e-14	5974.9
1.1816e-14	5981.3
1.1111e-14	5987.7
1.0447e-14	5994.1
9.8216e-15	6000.5
9.2337e-15	6006.9
8.6805e-15	6013.3
8.1601e-15	6019.7
7.6706e-15	6026.1
7.2101e-15	6032.5
6.7769e-15	6038.9
6.3694e-15	6045.3
5.9862e-15	6051.7
5.6258e-15	6058.1
5.2868e-15	6064.5
4.9681e-15	6070.9
4.6683e-15	6077.3
4.3864e-15	6083.7
4.1214e-15	6090.1
3.8722e-15	6096.5
3.6379e-15	6102.9
3.4176e-15	6109.2
3.2105e-15	6115.6
3.0158e-15	6122
2.8328e-15	6128.4
2.6608e-15	6134.8
2.4991e-15	6141.2
2.3471e-15	6147.6
2.2043e-15	6154
2.0701e-15	6160.4
1.9439e-15	6166.8
1.8254e-15	6173.2
1.714e-15	6179.6
1.6094e-15	6186
1.511e-15	6192.4
1.4186e-15	6198.8
1.3318e-15	6205.2
1.2503e-15	6211.6
1.1737e-15	6218
1.1017e-15	6224.4
1.0341e-15	6230.8
9.706e-16	6237.2
9.1096e-16	6243.6
8.5495e-16	6250
8.0235e-16	6256.4
7.5295e-16	6262.8
7.0656e-16	6269.2
6.63e-16	6275.6
6.221e-16	6282
5.837e-16	6288.4
5.4764e-16	6294.8
5.1378e-16	6301.2
4.82e-16	6307.6
4.5217e-16	6314
4.2416e-16	6320.4
3.9787e-16	6326.7
3.7319e-16	6333.1
3.5003e-16	6339.5
3.2829e-16	6345.9
3.0788e-16	6352.3
2.8874e-16	6358.7
2.7077e-16	6365.1
2.5391e-16	6371.5
2.3808e-16	6377.9
2.2324e-16	6384.3
2.0931e-16	6390.7
1.9624e-16	6397.1
1.8398e-16	6403.5
1.7248e-16	6409.9
1.6169e-16	6416.3
1.5157e-16	6422.7
1.4207e-16	6429.1
1.3317e-16	6435.5
1.2481e-16	6441.9
1.1698e-16	6448.3
1.0963e-16	6454.7
1.0274e-16	6461.1
9.6283e-17	6467.5
9.0224e-17	6473.9
8.4543e-17	6480.3
7.9216e-17	6486.7
7.4222e-17	6493.1
6.9539e-17	6499.5
6.515e-17	6505.9
6.1034e-17	6512.3
5.7176e-17	6518.7
5.356e-17	6525.1
5.017e-17	6531.5
4.6993e-17	6537.9
4.4015e-17	6544.3
4.1224e-17	6550.6
3.8609e-17	6557
3.6157e-17	6563.4
3.386e-17	6569.8
3.1708e-17	6576.2
2.9691e-17	6582.6
2.7801e-17	6589
2.603e-17	6595.4
2.4372e-17	6601.8
2.2817e-17	6608.2
2.1362e-17	6614.6
1.9998e-17	6621
1.872e-17	6627.4
1.7523e-17	6633.8
1.6402e-17	6640.2
1.5353e-17	6646.6
1.4369e-17	6653
1.3448e-17	6659.4
1.2586e-17	6665.8
1.1778e-17	6672.2
1.1022e-17	6678.6
1.0314e-17	6685
9.6511e-18	6691.4
9.0304e-18	6697.8
8.4492e-18	6704.2
7.9051e-18	6710.6
7.3956e-18	6717
6.9188e-18	6723.4
6.4724e-18	6729.8
6.0546e-18	6736.2
5.6635e-18	6742.6
5.2974e-18	6749
4.9548e-18	6755.4
4.6342e-18	6761.8
4.3341e-18	6768.2
4.0533e-18	6774.5
3.7905e-18	6780.9
3.5447e-18	6787.3
3.3146e-18	6793.7
3.0993e-18	6800.1
2.8979e-18	6806.5
2.7095e-18	6812.9
2.5332e-18	6819.3
2.3683e-18	6825.7
2.214e-18	6832.1
2.0697e-18	6838.5
1.9347e-18	6844.9
1.8085e-18	6851.3
1.6904e-18	6857.7
1.58e-18	6864.1
1.4767e-18	6870.5
1.3801e-18	6876.9
1.2898e-18	6883.3
1.2053e-18	6889.7
1.1264e-18	6896.1
1.0525e-18	6902.5
9.8347e-19	6908.9
9.1892e-19	6915.3
8.5857e-19	6921.7
8.0215e-19	6928.1
7.4941e-19	6934.5
7.0011e-19	6940.9
6.5402e-19	6947.3
6.1095e-19	6953.7
5.7068e-19	6960.1
5.3305e-19	6966.5
4.9788e-19	6972.9
4.6502e-19	6979.3
4.343e-19	6985.7
4.056e-19	6992
3.7877e-19	6998.4
3.5371e-19	7004.8
3.303e-19	7011.2
3.0842e-19	7017.6
2.8797e-19	7024
2.6888e-19	7030.4
2.5104e-19	7036.8
2.3437e-19	7043.2
2.188e-19	7049.6
2.0426e-19	7056
1.9067e-19	7062.4
1.7799e-19	7068.8
1.6614e-19	7075.2
1.5507e-19	7081.6
1.4473e-19	7088
1.3508e-19	7094.4
1.2607e-19	7100.8
1.1765e-19	7107.2
1.0979e-19	7113.6
1.0245e-19	7120
9.5601e-20	7126.4
8.9204e-20	7132.8
8.3232e-20	7139.2
7.7656e-20	7145.6
7.2452e-20	7152
6.7593e-20	7158.4
6.3058e-20	7164.8
5.8824e-20	7171.2
5.4873e-20	7177.6
5.1185e-20	7184
4.7743e-20	7190.4
4.4531e-20	7196.8
4.1533e-20	7203.2
3.8736e-20	7209.6
3.6125e-20	7215.9
3.3689e-20	7222.3
3.1417e-20	7228.7
2.9296e-20	7235.1
2.7317e-20	7241.5
2.5471e-20	7247.9
2.3749e-20	7254.3
2.2143e-20	7260.7
2.0644e-20	7267.1
1.9246e-20	7273.5
1.7942e-20	7279.9
1.6726e-20	7286.3
1.5591e-20	7292.7
1.4533e-20	7299.1
1.3546e-20	7305.5
1.2626e-20	7311.9
1.1768e-20	7318.3
1.0967e-20	7324.7
1.0221e-20	7331.1
9.5252e-21	7337.5
8.8764e-21	7343.9
8.2714e-21	7350.3
7.7074e-21	7356.7
7.1815e-21	7363.1
6.6913e-21	7369.5
6.2343e-21	7375.9
5.8083e-21	7382.3
5.4112e-21	7388.7
5.041e-21	7395.1
4.696e-21	7401.5
4.3744e-21	7407.9
4.0747e-21	7414.3
3.7954e-21	7420.7
3.5351e-21	7427.1
3.2925e-21	7433.5
3.0665e-21	7439.8
2.8559e-21	7446.2
2.6596e-21	7452.6
2.4767e-21	7459
2.3063e-21	7465.4
2.1476e-21	7471.8
1.9997e-21	7478.2
1.8619e-21	7484.6
1.7335e-21	7491
1.614e-21	7497.4
1.5026e-21	7503.8
1.3989e-21	7510.2
1.3022e-21	7516.6
1.2122e-21	7523
1.1284e-21	7529.4
1.0503e-21	7535.8
9.7765e-22	7542.2
9.0995e-22	7548.6
8.469e-22	7555
7.882e-22	7561.4
7.3354e-22	7567.8
6.8264e-22	7574.2
6.3526e-22	7580.6
5.9114e-22	7587
5.5007e-22	7593.4
5.1183e-22	7599.8
4.7624e-22	7606.2
4.4311e-22	7612.6
4.1227e-22	7619
3.8356e-22	7625.4
3.5684e-22	7631.8
3.3198e-22	7638.2
3.0883e-22	7644.6
2.873e-22	7651
2.6726e-22	7657.3
2.4861e-22	7663.7
2.3126e-22	7670.1
2.1511e-22	7676.5
2.0009e-22	7682.9
1.8612e-22	7689.3
1.7313e-22	7695.7
1.6104e-22	7702.1
1.4979e-22	7708.5
1.3933e-22	7714.9
1.2961e-22	7721.3
1.2057e-22	7727.7
1.1216e-22	7734.1
1.0435e-22	7740.5
9.7083e-23	7746.9
9.0332e-23	7753.3
8.406e-23	7759.7
7.8233e-23	7766.1
7.282e-23	7772.5
6.7794e-23	7778.9
6.3129e-23	7785.3
5.8799e-23	7791.7
5.4782e-23	7798.1
5.1058e-23	7804.5
4.7605e-23	7810.9
4.4407e-23	7817.3
4.1446e-23	7823.7
3.8708e-23	7830.1
3.6176e-23	7836.5
3.3838e-23	7842.9
3.1683e-23	7849.3
2.9697e-23	7855.7
2.7871e-23	7862.1
2.6195e-23	7868.5
2.466e-23	7874.9
2.3258e-23	7881.2
2.1982e-23	7887.6
2.0825e-23	7894
1.978e-23	7900.4
1.8843e-23	7906.8
1.8008e-23	7913.2
1.727e-23	7919.6
1.6626e-23	7926
1.6073e-23	7932.4
1.5607e-23	7938.8
1.5226e-23	7945.2
1.4928e-23	7951.6
1.4712e-23	7958
1.4576e-23	7964.4
1.452e-23	7970.8
1.4543e-23	7977.2
1.4646e-23	7983.6
1.483e-23	7990
