3.43e-11	0
9.6346e-05	4.3155
0.0001927	8.6309
0.00028909	12.946
0.0003855	17.262
0.00048197	21.577
0.00057849	25.893
0.00067509	30.208
0.00077177	34.524
0.00086855	38.839
0.00096543	43.155
0.0010624	47.47
0.0011596	51.785
0.0012568	56.101
0.0013543	60.416
0.0014519	64.732
0.0015496	69.047
0.0016476	73.363
0.0017457	77.678
0.0018441	81.994
0.0019427	86.309
0.0020415	90.625
0.0021405	94.94
0.0022398	99.255
0.0023394	103.57
0.0024392	107.89
0.0025393	112.2
0.0026397	116.52
0.0027403	120.83
0.0028413	125.15
0.0029426	129.46
0.0030442	133.78
0.0031461	138.09
0.0032483	142.41
0.0033508	146.73
0.0034537	151.04
0.0035569	155.36
0.0036605	159.67
0.0037644	163.99
0.0038686	168.3
0.0039731	172.62
0.0040781	176.93
0.0041833	181.25
0.0042889	185.56
0.0043949	189.88
0.0045012	194.2
0.0046079	198.51
0.004715	202.83
0.0048224	207.14
0.0049301	211.46
0.0050383	215.77
0.0051468	220.09
0.0052556	224.4
0.0053648	228.72
0.0054744	233.03
0.0055843	237.35
0.0056946	241.67
0.0058053	245.98
0.0059163	250.3
0.0060277	254.61
0.0061394	258.93
0.0062515	263.24
0.006364	267.56
0.0064768	271.87
0.0065899	276.19
0.0067034	280.5
0.0068172	284.82
0.0069314	289.14
0.0070459	293.45
0.0071607	297.77
0.0072759	302.08
0.0073914	306.4
0.0075072	310.71
0.0076233	315.03
0.0077398	319.34
0.0078565	323.66
0.0079735	327.97
0.0080909	332.29
0.0082085	336.61
0.0083264	340.92
0.0084445	345.24
0.008563	349.55
0.0086816	353.87
0.0088006	358.18
0.0089198	362.5
0.0090392	366.81
0.0091588	371.13
0.0092786	375.44
0.0093987	379.76
0.009519	384.08
0.0096394	388.39
0.00976	392.71
0.0098808	397.02
0.010002	401.34
0.010123	405.65
0.010244	409.97
0.010366	414.28
0.010487	418.6
0.010609	422.91
0.01073	427.23
0.010852	431.55
0.010974	435.86
0.011096	440.18
0.011218	444.49
0.01134	448.81
0.011462	453.12
0.011584	457.44
0.011706	461.75
0.011828	466.07
0.01195	470.38
0.012072	474.7
0.012194	479.02
0.012316	483.33
0.012438	487.65
0.01256	491.96
0.012682	496.28
0.012803	500.59
0.012925	504.91
0.013046	509.22
0.013167	513.54
0.013288	517.85
0.013409	522.17
0.01353	526.49
0.013651	530.8
0.013771	535.12
0.013891	539.43
0.014011	543.75
0.014131	548.06
0.014251	552.38
0.01437	556.69
0.014489	561.01
0.014607	565.32
0.014726	569.64
0.014844	573.96
0.014962	578.27
0.015079	582.59
0.015196	586.9
0.015313	591.22
0.01543	595.53
0.015546	599.85
0.015662	604.16
0.015777	608.48
0.015892	612.79
0.016007	617.11
0.016121	621.43
0.016235	625.74
0.016348	630.06
0.016461	634.37
0.016574	638.69
0.016686	643
0.016797	647.32
0.016909	651.63
0.017019	655.95
0.01713	660.26
0.017239	664.58
0.017349	668.9
0.017457	673.21
0.017566	677.53
0.017673	681.84
0.017781	686.16
0.017887	690.47
0.017993	694.79
0.018099	699.1
0.018204	703.42
0.018309	707.73
0.018413	712.05
0.018516	716.37
0.018619	720.68
0.018722	725
0.018823	729.31
0.018924	733.63
0.019025	737.94
0.019125	742.26
0.019224	746.57
0.019323	750.89
0.019421	755.2
0.019519	759.52
0.019616	763.84
0.019712	768.15
0.019808	772.47
0.019903	776.78
0.019997	781.1
0.020091	785.41
0.020185	789.73
0.020277	794.04
0.020369	798.36
0.02046	802.67
0.020551	806.99
0.020641	811.31
0.02073	815.62
0.020819	819.94
0.020907	824.25
0.020994	828.57
0.021081	832.88
0.021167	837.2
0.021252	841.51
0.021337	845.83
0.021421	850.14
0.021504	854.46
0.021587	858.78
0.021669	863.09
0.02175	867.41
0.02183	871.72
0.02191	876.04
0.021989	880.35
0.022068	884.67
0.022145	888.98
0.022222	893.3
0.022299	897.61
0.022374	901.93
0.022449	906.25
0.022523	910.56
0.022597	914.88
0.022669	919.19
0.022741	923.51
0.022813	927.82
0.022883	932.14
0.022953	936.45
0.023022	940.77
0.023091	945.08
0.023158	949.4
0.023225	953.72
0.023291	958.03
0.023357	962.35
0.023422	966.66
0.023486	970.98
0.023549	975.29
0.023611	979.61
0.023673	983.92
0.023734	988.24
0.023794	992.55
0.023854	996.87
0.023913	1001.2
0.023971	1005.5
0.024028	1009.8
0.024085	1014.1
0.024141	1018.4
0.024196	1022.8
0.02425	1027.1
0.024304	1031.4
0.024357	1035.7
0.024409	1040
0.02446	1044.3
0.024511	1048.7
0.024561	1053
0.02461	1057.3
0.024658	1061.6
0.024706	1065.9
0.024752	1070.2
0.024799	1074.5
0.024844	1078.9
0.024889	1083.2
0.024932	1087.5
0.024976	1091.8
0.025018	1096.1
0.02506	1100.4
0.0251	1104.8
0.025141	1109.1
0.02518	1113.4
0.025219	1117.7
0.025256	1122
0.025294	1126.3
0.02533	1130.6
0.025366	1135
0.0254	1139.3
0.025435	1143.6
0.025468	1147.9
0.025501	1152.2
0.025533	1156.5
0.025564	1160.9
0.025594	1165.2
0.025624	1169.5
0.025653	1173.8
0.025681	1178.1
0.025708	1182.4
0.025735	1186.7
0.025761	1191.1
0.025786	1195.4
0.025811	1199.7
0.025835	1204
0.025858	1208.3
0.02588	1212.6
0.025902	1217
0.025922	1221.3
0.025942	1225.6
0.025962	1229.9
0.025981	1234.2
0.025998	1238.5
0.026016	1242.9
0.026032	1247.2
0.026048	1251.5
0.026063	1255.8
0.026077	1260.1
0.026091	1264.4
0.026104	1268.7
0.026116	1273.1
0.026127	1277.4
0.026138	1281.7
0.026148	1286
0.026158	1290.3
0.026166	1294.6
0.026174	1299
0.026181	1303.3
0.026188	1307.6
0.026194	1311.9
0.026199	1316.2
0.026203	1320.5
0.026207	1324.8
0.02621	1329.2
0.026212	1333.5
0.026214	1337.8
0.026215	1342.1
0.026215	1346.4
0.026215	1350.7
0.026214	1355.1
0.026212	1359.4
0.02621	1363.7
0.026207	1368
0.026203	1372.3
0.026199	1376.6
0.026193	1380.9
0.026188	1385.3
0.026181	1389.6
0.026174	1393.9
0.026167	1398.2
0.026158	1402.5
0.026149	1406.8
0.026139	1411.2
0.026129	1415.5
0.026118	1419.8
0.026106	1424.1
0.026094	1428.4
0.026081	1432.7
0.026068	1437
0.026054	1441.4
0.026039	1445.7
0.026023	1450
0.026007	1454.3
0.025991	1458.6
0.025973	1462.9
0.025955	1467.3
0.025937	1471.6
0.025918	1475.9
0.025898	1480.2
0.025878	1484.5
0.025857	1488.8
0.025835	1493.1
0.025813	1497.5
0.02579	1501.8
0.025767	1506.1
0.025743	1510.4
0.025719	1514.7
0.025694	1519
0.025668	1523.4
0.025642	1527.7
0.025615	1532
0.025588	1536.3
0.02556	1540.6
0.025531	1544.9
0.025502	1549.2
0.025473	1553.6
0.025443	1557.9
0.025412	1562.2
0.025381	1566.5
0.025349	1570.8
0.025317	1575.1
0.025284	1579.5
0.02525	1583.8
0.025217	1588.1
0.025182	1592.4
0.025147	1596.7
0.025112	1601
0.025076	1605.3
0.025039	1609.7
0.025002	1614
0.024965	1618.3
0.024927	1622.6
0.024888	1626.9
0.024849	1631.2
0.02481	1635.6
0.02477	1639.9
0.02473	1644.2
0.024689	1648.5
0.024647	1652.8
0.024606	1657.1
0.024563	1661.4
0.024521	1665.8
0.024477	1670.1
0.024434	1674.4
0.02439	1678.7
0.024345	1683
0.0243	1687.3
0.024255	1691.7
0.024209	1696
0.024162	1700.3
0.024116	1704.6
0.024069	1708.9
0.024021	1713.2
0.023973	1717.6
0.023925	1721.9
0.023876	1726.2
0.023827	1730.5
0.023777	1734.8
0.023727	1739.1
0.023677	1743.4
0.023626	1747.8
0.023575	1752.1
0.023523	1756.4
0.023471	1760.7
0.023419	1765
0.023367	1769.3
0.023314	1773.7
0.02326	1778
0.023207	1782.3
0.023153	1786.6
0.023098	1790.9
0.023043	1795.2
0.022988	1799.5
0.022933	1803.9
0.022877	1808.2
0.022821	1812.5
0.022765	1816.8
0.022708	1821.1
0.022651	1825.4
0.022594	1829.8
0.022536	1834.1
0.022478	1838.4
0.02242	1842.7
0.022361	1847
0.022303	1851.3
0.022244	1855.6
0.022184	1860
0.022125	1864.3
0.022065	1868.6
0.022004	1872.9
0.021944	1877.2
0.021883	1881.5
0.021822	1885.9
0.021761	1890.2
0.0217	1894.5
0.021638	1898.8
0.021576	1903.1
0.021514	1907.4
0.021451	1911.7
0.021389	1916.1
0.021326	1920.4
0.021263	1924.7
0.021199	1929
0.021136	1933.3
0.021072	1937.6
0.021008	1942
0.020944	1946.3
0.02088	1950.6
0.020815	1954.9
0.02075	1959.2
0.020685	1963.5
0.02062	1967.8
0.020555	1972.2
0.02049	1976.5
0.020424	1980.8
0.020358	1985.1
0.020292	1989.4
0.020226	1993.7
0.02016	1998.1
0.020093	2002.4
0.020027	2006.7
0.01996	2011
0.019893	2015.3
0.019826	2019.6
0.019759	2023.9
0.019692	2028.3
0.019625	2032.6
0.019557	2036.9
0.019489	2041.2
0.019422	2045.5
0.019354	2049.8
0.019286	2054.2
0.019218	2058.5
0.01915	2062.8
0.019081	2067.1
0.019013	2071.4
0.018944	2075.7
0.018876	2080
0.018807	2084.4
0.018738	2088.7
0.01867	2093
0.018601	2097.3
0.018532	2101.6
0.018463	2105.9
0.018394	2110.3
0.018325	2114.6
0.018255	2118.9
0.018186	2123.2
0.018117	2127.5
0.018047	2131.8
0.017978	2136.1
0.017909	2140.5
0.017839	2144.8
0.01777	2149.1
0.0177	2153.4
0.01763	2157.7
0.017561	2162
0.017491	2166.4
0.017421	2170.7
0.017352	2175
0.017282	2179.3
0.017212	2183.6
0.017143	2187.9
0.017073	2192.2
0.017003	2196.6
0.016934	2200.9
0.016864	2205.2
0.016794	2209.5
0.016724	2213.8
0.016655	2218.1
0.016585	2222.5
0.016515	2226.8
0.016446	2231.1
0.016376	2235.4
0.016306	2239.7
0.016237	2244
0.016167	2248.4
0.016098	2252.7
0.016028	2257
0.015959	2261.3
0.01589	2265.6
0.01582	2269.9
0.015751	2274.2
0.015682	2278.6
0.015612	2282.9
0.015543	2287.2
0.015474	2291.5
0.015405	2295.8
0.015336	2300.1
0.015267	2304.5
0.015198	2308.8
0.01513	2313.1
0.015061	2317.4
0.014992	2321.7
0.014924	2326
0.014855	2330.3
0.014787	2334.7
0.014718	2339
0.01465	2343.3
0.014582	2347.6
0.014514	2351.9
0.014446	2356.2
0.014378	2360.6
0.01431	2364.9
0.014242	2369.2
0.014175	2373.5
0.014107	2377.8
0.01404	2382.1
0.013973	2386.4
0.013905	2390.8
0.013838	2395.1
0.013771	2399.4
0.013704	2403.7
0.013638	2408
0.013571	2412.3
0.013505	2416.7
0.013438	2421
0.013372	2425.3
0.013306	2429.6
0.01324	2433.9
0.013174	2438.2
0.013108	2442.5
0.013042	2446.9
0.012977	2451.2
0.012911	2455.5
0.012846	2459.8
0.012781	2464.1
0.012716	2468.4
0.012651	2472.8
0.012586	2477.1
0.012522	2481.4
0.012458	2485.7
0.012393	2490
0.012329	2494.3
0.012265	2498.6
0.012201	2503
0.012138	2507.3
0.012074	2511.6
0.012011	2515.9
0.011948	2520.2
0.011884	2524.5
0.011822	2528.9
0.011759	2533.2
0.011696	2537.5
0.011634	2541.8
0.011572	2546.1
0.011509	2550.4
0.011448	2554.7
0.011386	2559.1
0.011324	2563.4
0.011263	2567.7
0.011202	2572
0.01114	2576.3
0.01108	2580.6
0.011019	2585
0.010958	2589.3
0.010898	2593.6
0.010838	2597.9
0.010778	2602.2
0.010718	2606.5
0.010658	2610.8
0.010599	2615.2
0.010539	2619.5
0.01048	2623.8
0.010421	2628.1
0.010362	2632.4
0.010304	2636.7
0.010245	2641.1
0.010187	2645.4
0.010129	2649.7
0.010071	2654
0.010014	2658.3
0.0099563	2662.6
0.009899	2666.9
0.0098419	2671.3
0.009785	2675.6
0.0097284	2679.9
0.0096719	2684.2
0.0096156	2688.5
0.0095594	2692.8
0.0095035	2697.2
0.0094478	2701.5
0.0093923	2705.8
0.0093369	2710.1
0.0092818	2714.4
0.0092269	2718.7
0.0091721	2723.1
0.0091176	2727.4
0.0090633	2731.7
0.0090091	2736
0.0089552	2740.3
0.0089014	2744.6
0.0088479	2748.9
0.0087946	2753.3
0.0087414	2757.6
0.0086885	2761.9
0.0086358	2766.2
0.0085832	2770.5
0.0085309	2774.8
0.0084788	2779.2
0.0084269	2783.5
0.0083752	2787.8
0.0083237	2792.1
0.0082724	2796.4
0.0082213	2800.7
0.0081704	2805
0.0081197	2809.4
0.0080692	2813.7
0.0080189	2818
0.0079689	2822.3
0.007919	2826.6
0.0078693	2830.9
0.0078199	2835.3
0.0077706	2839.6
0.0077216	2843.9
0.0076728	2848.2
0.0076242	2852.5
0.0075758	2856.8
0.0075276	2861.1
0.0074796	2865.5
0.0074318	2869.8
0.0073842	2874.1
0.0073368	2878.4
0.0072897	2882.7
0.0072427	2887
0.007196	2891.4
0.0071494	2895.7
0.0071031	2900
0.007057	2904.3
0.0070111	2908.6
0.0069654	2912.9
0.0069199	2917.2
0.0068746	2921.6
0.0068295	2925.9
0.0067846	2930.2
0.0067399	2934.5
0.0066955	2938.8
0.0066512	2943.1
0.0066072	2947.5
0.0065634	2951.8
0.0065197	2956.1
0.0064763	2960.4
0.0064331	2964.7
0.0063901	2969
0.0063473	2973.3
0.0063047	2977.7
0.0062623	2982
0.0062201	2986.3
0.0061781	2990.6
0.0061363	2994.9
0.0060948	2999.2
0.0060534	3003.6
0.0060122	3007.9
0.0059713	3012.2
0.0059305	3016.5
0.00589	3020.8
0.0058496	3025.1
0.0058095	3029.4
0.0057695	3033.8
0.0057298	3038.1
0.0056903	3042.4
0.0056509	3046.7
0.0056118	3051
0.0055729	3055.3
0.0055341	3059.7
0.0054956	3064
0.0054573	3068.3
0.0054191	3072.6
0.0053812	3076.9
0.0053435	3081.2
0.005306	3085.5
0.0052686	3089.9
0.0052315	3094.2
0.0051945	3098.5
0.0051578	3102.8
0.0051213	3107.1
0.0050849	3111.4
0.0050488	3115.8
0.0050128	3120.1
0.0049771	3124.4
0.0049415	3128.7
0.0049061	3133
0.0048709	3137.3
0.004836	3141.6
0.0048012	3146
0.0047666	3150.3
0.0047322	3154.6
0.0046979	3158.9
0.0046639	3163.2
0.0046301	3167.5
0.0045964	3171.9
0.004563	3176.2
0.0045297	3180.5
0.0044966	3184.8
0.0044638	3189.1
0.0044311	3193.4
0.0043985	3197.8
0.0043662	3202.1
0.0043341	3206.4
0.0043021	3210.7
0.0042703	3215
0.0042387	3219.3
0.0042073	3223.6
0.0041761	3228
0.0041451	3232.3
0.0041142	3236.6
0.0040835	3240.9
0.004053	3245.2
0.0040227	3249.5
0.0039926	3253.9
0.0039626	3258.2
0.0039329	3262.5
0.0039033	3266.8
0.0038738	3271.1
0.0038446	3275.4
0.0038155	3279.7
0.0037866	3284.1
0.0037579	3288.4
0.0037293	3292.7
0.003701	3297
0.0036728	3301.3
0.0036447	3305.6
0.0036169	3310
0.0035892	3314.3
0.0035617	3318.6
0.0035343	3322.9
0.0035072	3327.2
0.0034802	3331.5
0.0034533	3335.8
0.0034266	3340.2
0.0034001	3344.5
0.0033738	3348.8
0.0033476	3353.1
0.0033216	3357.4
0.0032958	3361.7
0.0032701	3366.1
0.0032446	3370.4
0.0032192	3374.7
0.003194	3379
0.003169	3383.3
0.0031441	3387.6
0.0031194	3391.9
0.0030949	3396.3
0.0030705	3400.6
0.0030462	3404.9
0.0030222	3409.2
0.0029982	3413.5
0.0029745	3417.8
0.0029508	3422.2
0.0029274	3426.5
0.0029041	3430.8
0.0028809	3435.1
0.0028579	3439.4
0.0028351	3443.7
0.0028124	3448
0.0027898	3452.4
0.0027675	3456.7
0.0027452	3461
0.0027231	3465.3
0.0027012	3469.6
0.0026794	3473.9
0.0026577	3478.3
0.0026362	3482.6
0.0026148	3486.9
0.0025936	3491.2
0.0025725	3495.5
0.0025516	3499.8
0.0025308	3504.1
0.0025101	3508.5
0.0024896	3512.8
0.0024693	3517.1
0.002449	3521.4
0.002429	3525.7
0.002409	3530
0.0023892	3534.4
0.0023695	3538.7
0.00235	3543
0.0023306	3547.3
0.0023113	3551.6
0.0022922	3555.9
0.0022732	3560.2
0.0022543	3564.6
0.0022356	3568.9
0.002217	3573.2
0.0021985	3577.5
0.0021801	3581.8
0.0021619	3586.1
0.0021438	3590.5
0.0021259	3594.8
0.0021081	3599.1
0.0020904	3603.4
0.0020728	3607.7
0.0020553	3612
0.002038	3616.3
0.0020208	3620.7
0.0020037	3625
0.0019868	3629.3
0.0019699	3633.6
0.0019532	3637.9
0.0019366	3642.2
0.0019202	3646.6
0.0019038	3650.9
0.0018876	3655.2
0.0018715	3659.5
0.0018555	3663.8
0.0018396	3668.1
0.0018239	3672.5
0.0018082	3676.8
0.0017927	3681.1
0.0017773	3685.4
0.001762	3689.7
0.0017468	3694
0.0017317	3698.3
0.0017168	3702.7
0.0017019	3707
0.0016872	3711.3
0.0016726	3715.6
0.001658	3719.9
0.0016436	3724.2
0.0016293	3728.6
0.0016151	3732.9
0.0016011	3737.2
0.0015871	3741.5
0.0015732	3745.8
0.0015594	3750.1
0.0015458	3754.4
0.0015322	3758.8
0.0015188	3763.1
0.0015054	3767.4
0.0014922	3771.7
0.001479	3776
0.001466	3780.3
0.001453	3784.7
0.0014402	3789
0.0014274	3793.3
0.0014148	3797.6
0.0014022	3801.9
0.0013898	3806.2
0.0013774	3810.5
0.0013652	3814.9
0.001353	3819.2
0.0013409	3823.5
0.0013289	3827.8
0.0013171	3832.1
0.0013053	3836.4
0.0012936	3840.8
0.001282	3845.1
0.0012705	3849.4
0.001259	3853.7
0.0012477	3858
0.0012365	3862.3
0.0012253	3866.6
0.0012143	3871
0.0012033	3875.3
0.0011924	3879.6
0.0011816	3883.9
0.0011709	3888.2
0.0011602	3892.5
0.0011497	3896.9
0.0011392	3901.2
0.0011289	3905.5
0.0011186	3909.8
0.0011084	3914.1
0.0010982	3918.4
0.0010882	3922.7
0.0010782	3927.1
0.0010684	3931.4
0.0010586	3935.7
0.0010488	3940
0.0010392	3944.3
0.0010296	3948.6
0.0010202	3953
0.0010108	3957.3
0.0010014	3961.6
0.00099217	3965.9
0.000983	3970.2
0.0009739	3974.5
0.00096488	3978.8
0.00095593	3983.2
0.00094705	3987.5
0.00093825	3991.8
0.00092952	3996.1
0.00092087	4000.4
0.00091229	4004.7
0.00090377	4009.1
0.00089533	4013.4
0.00088697	4017.7
0.00087867	4022
0.00087044	4026.3
0.00086228	4030.6
0.00085419	4034.9
0.00084616	4039.3
0.00083821	4043.6
0.00083032	4047.9
0.0008225	4052.2
0.00081475	4056.5
0.00080706	4060.8
0.00079944	4065.2
0.00079188	4069.5
0.00078439	4073.8
0.00077696	4078.1
0.0007696	4082.4
0.00076229	4086.7
0.00075506	4091
0.00074788	4095.4
0.00074076	4099.7
0.00073371	4104
0.00072672	4108.3
0.00071979	4112.6
0.00071292	4116.9
0.00070611	4121.3
0.00069935	4125.6
0.00069266	4129.9
0.00068603	4134.2
0.00067945	4138.5
0.00067293	4142.8
0.00066647	4147.1
0.00066006	4151.5
0.00065371	4155.8
0.00064742	4160.1
0.00064118	4164.4
0.000635	4168.7
0.00062887	4173
0.0006228	4177.4
0.00061678	4181.7
0.00061081	4186
0.0006049	4190.3
0.00059904	4194.6
0.00059323	4198.9
0.00058747	4203.3
0.00058177	4207.6
0.00057612	4211.9
0.00057051	4216.2
0.00056496	4220.5
0.00055946	4224.8
0.00055401	4229.1
0.0005486	4233.5
0.00054325	4237.8
0.00053794	4242.1
0.00053268	4246.4
0.00052747	4250.7
0.00052231	4255
0.00051719	4259.4
0.00051212	4263.7
0.0005071	4268
0.00050212	4272.3
0.00049719	4276.6
0.0004923	4280.9
0.00048746	4285.2
0.00048266	4289.6
0.00047791	4293.9
0.0004732	4298.2
0.00046854	4302.5
0.00046391	4306.8
0.00045933	4311.1
0.0004548	4315.5
0.0004503	4319.8
0.00044585	4324.1
0.00044144	4328.4
0.00043707	4332.7
0.00043274	4337
0.00042845	4341.3
0.0004242	4345.7
0.00041999	4350
0.00041582	4354.3
0.0004117	4358.6
0.0004076	4362.9
0.00040355	4367.2
0.00039954	4371.6
0.00039556	4375.9
0.00039163	4380.2
0.00038773	4384.5
0.00038386	4388.8
0.00038004	4393.1
0.00037625	4397.4
0.00037249	4401.8
0.00036878	4406.1
0.00036509	4410.4
0.00036145	4414.7
0.00035784	4419
0.00035426	4423.3
0.00035072	4427.7
0.00034721	4432
0.00034374	4436.3
0.0003403	4440.6
0.00033689	4444.9
0.00033352	4449.2
0.00033018	4453.5
0.00032687	4457.9
0.0003236	4462.2
0.00032036	4466.5
0.00031715	4470.8
0.00031397	4475.1
0.00031082	4479.4
0.0003077	4483.8
0.00030462	4488.1
0.00030156	4492.4
0.00029854	4496.7
0.00029554	4501
0.00029258	4505.3
0.00028964	4509.6
0.00028674	4514
0.00028386	4518.3
0.00028101	4522.6
0.0002782	4526.9
0.00027541	4531.2
0.00027264	4535.5
0.00026991	4539.9
0.0002672	4544.2
0.00026452	4548.5
0.00026187	4552.8
0.00025925	4557.1
0.00025665	4561.4
0.00025408	4565.7
0.00025154	4570.1
0.00024902	4574.4
0.00024653	4578.7
0.00024406	4583
0.00024162	4587.3
0.0002392	4591.6
0.00023681	4596
0.00023445	4600.3
0.00023211	4604.6
0.00022979	4608.9
0.0002275	4613.2
0.00022523	4617.5
0.00022299	4621.8
0.00022077	4626.2
0.00021857	4630.5
0.0002164	4634.8
0.00021425	4639.1
0.00021212	4643.4
0.00021002	4647.7
0.00020794	4652.1
0.00020588	4656.4
0.00020384	4660.7
0.00020183	4665
0.00019984	4669.3
0.00019787	4673.6
0.00019592	4678
0.00019399	4682.3
0.00019208	4686.6
0.0001902	4690.9
0.00018833	4695.2
0.00018649	4699.5
0.00018466	4703.8
0.00018286	4708.2
0.00018108	4712.5
0.00017932	4716.8
0.00017757	4721.1
0.00017585	4725.4
0.00017414	4729.7
0.00017246	4734.1
0.0001708	4738.4
0.00016915	4742.7
0.00016752	4747
0.00016591	4751.3
0.00016432	4755.6
0.00016275	4759.9
0.0001612	4764.3
0.00015966	4768.6
0.00015815	4772.9
0.00015665	4777.2
0.00015517	4781.5
0.0001537	4785.8
0.00015226	4790.2
0.00015083	4794.5
0.00014942	4798.8
0.00014803	4803.1
0.00014665	4807.4
0.00014529	4811.7
0.00014394	4816
0.00014262	4820.4
0.00014131	4824.7
0.00014001	4829
0.00013873	4833.3
0.00013747	4837.6
0.00013623	4841.9
0.000135	4846.3
0.00013378	4850.6
0.00013258	4854.9
0.0001314	4859.2
0.00013023	4863.5
0.00012908	4867.8
0.00012794	4872.1
0.00012682	4876.5
0.00012571	4880.8
0.00012462	4885.1
0.00012354	4889.4
0.00012248	4893.7
0.00012143	4898
0.0001204	4902.4
0.00011938	4906.7
0.00011837	4911
0.00011738	4915.3
0.0001164	4919.6
0.00011544	4923.9
0.00011449	4928.2
0.00011355	4932.6
0.00011263	4936.9
0.00011172	4941.2
0.00011083	4945.5
0.00010994	4949.8
0.00010908	4954.1
0.00010822	4958.5
0.00010738	4962.8
0.00010655	4967.1
0.00010573	4971.4
0.00010493	4975.7
0.00010414	4980
0.00010336	4984.3
0.0001026	4988.7
0.00010185	4993
0.00010111	4997.3
0.00010038	5001.6
9.9664e-05	5005.9
9.8962e-05	5010.2
9.8272e-05	5014.6
9.7594e-05	5018.9
9.6928e-05	5023.2
9.6274e-05	5027.5
9.5632e-05	5031.8
9.5002e-05	5036.1
9.4384e-05	5040.4
9.3777e-05	5044.8
9.3183e-05	5049.1
9.26e-05	5053.4
9.2029e-05	5057.7
9.1469e-05	5062
9.0921e-05	5066.3
9.0385e-05	5070.7
8.9859e-05	5075
8.9346e-05	5079.3
8.8843e-05	5083.6
8.8352e-05	5087.9
8.7872e-05	5092.2
8.7403e-05	5096.5
8.6946e-05	5100.9
8.6499e-05	5105.2
8.6064e-05	5109.5
8.564e-05	5113.8
8.5226e-05	5118.1
8.4824e-05	5122.4
8.4433e-05	5126.8
8.4052e-05	5131.1
8.3682e-05	5135.4
8.3324e-05	5139.7
8.2976e-05	5144
8.2638e-05	5148.3
8.2312e-05	5152.7
8.1996e-05	5157
8.1691e-05	5161.3
8.1396e-05	5165.6
8.1113e-05	5169.9
8.0839e-05	5174.2
8.0577e-05	5178.5
8.0325e-05	5182.9
8.0083e-05	5187.2
7.9852e-05	5191.5
7.9632e-05	5195.8
7.9422e-05	5200.1
7.9223e-05	5204.4
7.9034e-05	5208.8
7.8856e-05	5213.1
7.8688e-05	5217.4
7.853e-05	5221.7
7.8383e-05	5226
7.8247e-05	5230.3
7.8121e-05	5234.6
7.8005e-05	5239
7.79e-05	5243.3
7.7805e-05	5247.6
7.7721e-05	5251.9
7.7647e-05	5256.2
7.7584e-05	5260.5
7.7531e-05	5264.9
7.7489e-05	5269.2
7.7457e-05	5273.5
7.7436e-05	5277.8
7.7425e-05	5282.1
7.7425e-05	5286.4
7.7435e-05	5290.7
7.7456e-05	5295.1
7.7487e-05	5299.4
7.7529e-05	5303.7
7.7582e-05	5308
7.7645e-05	5312.3
7.7719e-05	5316.6
7.7803e-05	5321
7.7899e-05	5325.3
7.8005e-05	5329.6
7.8122e-05	5333.9
7.8249e-05	5338.2
7.8388e-05	5342.5
7.8537e-05	5346.8
7.8697e-05	5351.2
7.8868e-05	5355.5
7.905e-05	5359.8
7.9244e-05	5364.1
7.9448e-05	5368.4
7.9663e-05	5372.7
7.989e-05	5377.1
8.0127e-05	5381.4
8.0376e-05	5385.7
0.0001291	5390
