2.2034e-16	0
0.00041208	20.05
0.00082493	40.1
0.0012392	60.15
0.0016557	80.201
0.0020747	100.25
0.002497	120.3
0.0029228	140.35
0.0033528	160.4
0.0037874	180.45
0.0042271	200.5
0.0046723	220.55
0.0051233	240.6
0.0055803	260.65
0.0060435	280.7
0.0065128	300.75
0.0069883	320.8
0.0074697	340.85
0.0079568	360.9
0.0084489	380.95
0.0089457	401
0.0094464	421.05
0.0099504	441.1
0.010457	461.15
0.010965	481.2
0.011442	500
0.011474	501.25
0.011983	521.3
0.012492	541.35
0.012999	561.4
0.013504	581.45
0.014007	601.5
0.014506	621.55
0.015002	641.6
0.015493	661.65
0.015978	681.7
0.016459	701.75
0.016933	721.8
0.0174	741.85
0.017861	761.9
0.018314	781.95
0.018759	802.01
0.019195	822.06
0.019623	842.11
0.020041	862.16
0.020449	882.21
0.020847	902.26
0.021235	922.31
0.021611	942.36
0.021975	962.41
0.022327	982.46
0.022667	1002.5
0.022993	1022.6
0.023306	1042.6
0.023606	1062.7
0.02389	1082.7
0.024161	1102.8
0.024416	1122.8
0.024655	1142.9
0.024879	1162.9
0.025088	1183
0.025279	1203
0.025455	1223.1
0.025614	1243.1
0.025756	1263.2
0.025881	1283.2
0.02599	1303.3
0.026082	1323.3
0.026157	1343.4
0.026215	1363.4
0.026256	1383.5
0.026281	1403.5
0.02629	1423.6
0.026283	1443.6
0.026259	1463.7
0.026221	1483.7
0.026166	1503.8
0.026097	1523.8
0.026013	1543.9
0.025915	1563.9
0.025803	1584
0.025678	1604
0.025539	1624.1
0.025388	1644.1
0.025225	1664.2
0.025049	1684.2
0.024863	1704.3
0.024665	1724.3
0.024457	1744.4
0.024239	1764.4
0.024012	1784.5
0.023775	1804.5
0.02353	1824.6
0.023277	1844.6
0.023016	1864.7
0.022748	1884.7
0.022473	1904.8
0.022192	1924.8
0.021905	1944.9
0.021613	1964.9
0.021315	1985
0.021013	2005
0.020707	2025.1
0.020398	2045.1
0.020085	2065.2
0.019768	2085.2
0.01945	2105.3
0.019129	2125.3
0.018806	2145.4
0.018482	2165.4
0.018157	2185.5
0.01783	2205.5
0.017504	2225.6
0.017177	2245.6
0.01685	2265.7
0.016524	2285.7
0.016198	2305.8
0.015873	2325.8
0.015549	2345.9
0.015227	2365.9
0.014907	2386
0.014588	2406
0.014272	2426.1
0.013957	2446.1
0.013646	2466.2
0.013337	2486.2
0.01303	2506.3
0.012727	2526.3
0.012427	2546.4
0.01213	2566.4
0.011837	2586.5
0.011547	2606.5
0.011261	2626.6
0.010979	2646.6
0.010701	2666.7
0.010427	2686.7
0.010156	2706.8
0.0098901	2726.8
0.0096282	2746.9
0.0093705	2766.9
0.0091171	2787
0.0088681	2807
0.0086235	2827.1
0.0083833	2847.1
0.0081476	2867.2
0.0079164	2887.2
0.0076896	2907.3
0.0074674	2927.3
0.0072496	2947.4
0.0070363	2967.4
0.0068276	2987.5
0.0066233	3007.5
0.0064234	3027.6
0.006228	3047.6
0.006037	3067.7
0.0058504	3087.7
0.0056682	3107.8
0.0054902	3127.8
0.0053165	3147.9
0.0051471	3167.9
0.0049818	3188
0.0048206	3208
0.0046636	3228.1
0.0045106	3248.1
0.0043615	3268.2
0.0042164	3288.2
0.0040752	3308.3
0.0039377	3328.3
0.003804	3348.4
0.003674	3368.4
0.0035477	3388.5
0.0034248	3408.5
0.0033055	3428.6
0.0031896	3448.6
0.0030771	3468.7
0.0029679	3488.7
0.0028619	3508.8
0.0027591	3528.8
0.0026593	3548.9
0.0025627	3568.9
0.0024689	3589
0.0023781	3609
0.0022901	3629.1
0.0022049	3649.1
0.0021224	3669.2
0.0020426	3689.2
0.0019653	3709.3
0.0018905	3729.3
0.0018182	3749.4
0.0017483	3769.4
0.0016807	3789.5
0.0016154	3809.5
0.0015522	3829.6
0.0014913	3849.6
0.0014324	3869.7
0.0013755	3889.7
0.0013207	3909.8
0.0012677	3929.8
0.0012166	3949.9
0.0011674	3969.9
0.0011199	3990
0.001074	4010
0.0010299	4030.1
0.00098736	4050.1
0.00094638	4070.2
0.00090692	4090.2
0.00086892	4110.3
0.00083234	4130.3
0.00079714	4150.4
0.00076327	4170.4
0.00073069	4190.5
0.00069936	4210.5
0.00066923	4230.6
0.00064026	4250.6
0.00061243	4270.7
0.00058568	4290.7
0.00055999	4310.8
0.00053531	4330.8
0.00051162	4350.9
0.00048887	4370.9
0.00046704	4391
0.0004461	4411
0.000426	4431.1
0.00040674	4451.1
0.00038826	4471.2
0.00037054	4491.2
0.00035357	4511.3
0.0003373	4531.3
0.00032171	4551.4
0.00030679	4571.4
0.00029249	4591.5
0.0002788	4611.5
0.0002657	4631.6
0.00025316	4651.6
0.00024117	4671.7
0.00022969	4691.7
0.00021871	4711.8
0.00020822	4731.8
0.00019818	4751.9
0.00018859	4771.9
0.00017943	4792
0.00017067	4812
0.0001623	4832.1
0.00015432	4852.1
0.00014669	4872.2
0.0001394	4892.2
0.00013245	4912.3
0.00012581	4932.3
0.00011948	4952.4
0.00011344	4972.4
0.00010767	4992.5
0.00010218	5012.5
9.6933e-05	5032.6
9.1933e-05	5052.6
8.7166e-05	5072.7
8.2621e-05	5092.7
7.8289e-05	5112.8
7.4159e-05	5132.8
7.0224e-05	5152.9
6.6473e-05	5172.9
6.2899e-05	5193
5.9492e-05	5213
5.6246e-05	5233.1
5.3153e-05	5253.1
5.0204e-05	5273.2
4.7394e-05	5293.2
4.4716e-05	5313.3
4.2162e-05	5333.3
3.9727e-05	5353.4
3.7405e-05	5373.4
3.5189e-05	5393.5
3.3074e-05	5413.5
3.1056e-05	5433.6
2.9128e-05	5453.6
2.8533e-05	5460
