1.4697e-10	0
9.5015e-05	3.1305
0.00019003	6.261
0.00028505	9.3915
0.00038008	12.522
0.00047512	15.653
0.00057018	18.783
0.00066525	21.914
0.00076033	25.044
0.00085544	28.175
0.00095057	31.305
0.0010457	34.436
0.0011409	37.566
0.0012361	40.697
0.0013314	43.827
0.0014266	46.958
0.0015219	50.088
0.0016173	53.219
0.0017127	56.349
0.0018081	59.48
0.0019036	62.61
0.001999	65.741
0.0020946	68.871
0.0021902	72.002
0.0022858	75.132
0.0023814	78.263
0.0024771	81.393
0.0025729	84.524
0.0026687	87.654
0.0027645	90.785
0.0028604	93.915
0.0029563	97.046
0.0030522	100.18
0.0031482	103.31
0.0032442	106.44
0.0033403	109.57
0.0034364	112.7
0.0035326	115.83
0.0036288	118.96
0.003725	122.09
0.0038213	125.22
0.0039176	128.35
0.0040139	131.48
0.0041103	134.61
0.0042067	137.74
0.0043032	140.87
0.0043997	144
0.0044962	147.13
0.0045927	150.26
0.0046893	153.39
0.0047859	156.53
0.0048826	159.66
0.0049792	162.79
0.0050759	165.92
0.0051726	169.05
0.0052694	172.18
0.0053661	175.31
0.0054629	178.44
0.0055597	181.57
0.0056565	184.7
0.0057533	187.83
0.0058502	190.96
0.005947	194.09
0.0060439	197.22
0.0061408	200.35
0.0062376	203.48
0.0063345	206.61
0.0064314	209.74
0.0065283	212.87
0.0066252	216
0.0067221	219.14
0.006819	222.27
0.0069159	225.4
0.0070128	228.53
0.0071097	231.66
0.0072065	234.79
0.0073034	237.92
0.0074003	241.05
0.0074971	244.18
0.007594	247.31
0.0076908	250.44
0.0077876	253.57
0.0078844	256.7
0.0079812	259.83
0.0080779	262.96
0.0081746	266.09
0.0082713	269.22
0.008368	272.35
0.0084647	275.48
0.0085613	278.61
0.0086579	281.75
0.0087544	284.88
0.0088509	288.01
0.0089474	291.14
0.0090438	294.27
0.0091402	297.4
0.0092366	300.53
0.0093329	303.66
0.0094291	306.79
0.0095253	309.92
0.0096214	313.05
0.0097175	316.18
0.0098135	319.31
0.0099095	322.44
0.010005	325.57
0.010101	328.7
0.010197	331.83
0.010293	334.96
0.010388	338.09
0.010484	341.22
0.010579	344.36
0.010674	347.49
0.01077	350.62
0.010865	353.75
0.01096	356.88
0.011055	360.01
0.01115	363.14
0.011244	366.27
0.011339	369.4
0.011434	372.53
0.011528	375.66
0.011622	378.79
0.011716	381.92
0.011811	385.05
0.011904	388.18
0.011998	391.31
0.012092	394.44
0.012185	397.57
0.012279	400.7
0.012372	403.84
0.012465	406.97
0.012558	410.1
0.012651	413.23
0.012743	416.36
0.012836	419.49
0.012928	422.62
0.01302	425.75
0.013112	428.88
0.013204	432.01
0.013296	435.14
0.013387	438.27
0.013478	441.4
0.013569	444.53
0.01366	447.66
0.013751	450.79
0.013842	453.92
0.013932	457.05
0.014022	460.18
0.014112	463.31
0.014202	466.45
0.014291	469.58
0.01438	472.71
0.01447	475.84
0.014558	478.97
0.014647	482.1
0.014736	485.23
0.014824	488.36
0.014912	491.49
0.015	494.62
0.015087	497.75
0.015174	500.88
0.015261	504.01
0.015348	507.14
0.015435	510.27
0.015521	513.4
0.015607	516.53
0.015693	519.66
0.015779	522.79
0.015864	525.92
0.015949	529.06
0.016034	532.19
0.016119	535.32
0.016203	538.45
0.016287	541.58
0.016371	544.71
0.016455	547.84
0.016538	550.97
0.016621	554.1
0.016704	557.23
0.016786	560.36
0.016868	563.49
0.01695	566.62
0.017032	569.75
0.017113	572.88
0.017194	576.01
0.017275	579.14
0.017356	582.27
0.017436	585.4
0.017516	588.53
0.017596	591.67
0.017675	594.8
0.017754	597.93
0.017833	601.06
0.017911	604.19
0.01799	607.32
0.018068	610.45
0.018145	613.58
0.018222	616.71
0.018299	619.84
0.018376	622.97
0.018452	626.1
0.018528	629.23
0.018604	632.36
0.01868	635.49
0.018755	638.62
0.01883	641.75
0.018904	644.88
0.018978	648.01
0.019052	651.14
0.019126	654.28
0.019199	657.41
0.019272	660.54
0.019344	663.67
0.019416	666.8
0.019488	669.93
0.01956	673.06
0.019631	676.19
0.019702	679.32
0.019773	682.45
0.019843	685.58
0.019913	688.71
0.019982	691.84
0.020052	694.97
0.02012	698.1
0.020189	701.23
0.020257	704.36
0.020325	707.49
0.020392	710.62
0.02046	713.76
0.020526	716.89
0.020593	720.02
0.020659	723.15
0.020725	726.28
0.02079	729.41
0.020855	732.54
0.02092	735.67
0.020984	738.8
0.021048	741.93
0.021112	745.06
0.021175	748.19
0.021238	751.32
0.0213	754.45
0.021362	757.58
0.021424	760.71
0.021486	763.84
0.021547	766.97
0.021607	770.1
0.021668	773.23
0.021727	776.37
0.021787	779.5
0.021846	782.63
0.021905	785.76
0.021963	788.89
0.022021	792.02
0.022079	795.15
0.022136	798.28
0.022193	801.41
0.02225	804.54
0.022306	807.67
0.022362	810.8
0.022417	813.93
0.022472	817.06
0.022527	820.19
0.022581	823.32
0.022635	826.45
0.022688	829.58
0.022741	832.71
0.022794	835.84
0.022846	838.98
0.022898	842.11
0.022949	845.24
0.023	848.37
0.023051	851.5
0.023101	854.63
0.023151	857.76
0.023201	860.89
0.02325	864.02
0.023298	867.15
0.023347	870.28
0.023395	873.41
0.023442	876.54
0.023489	879.67
0.023536	882.8
0.023582	885.93
0.023628	889.06
0.023673	892.19
0.023718	895.32
0.023763	898.45
0.023807	901.59
0.023851	904.72
0.023894	907.85
0.023937	910.98
0.02398	914.11
0.024022	917.24
0.024064	920.37
0.024105	923.5
0.024146	926.63
0.024187	929.76
0.024227	932.89
0.024266	936.02
0.024306	939.15
0.024344	942.28
0.024383	945.41
0.024421	948.54
0.024459	951.67
0.024496	954.8
0.024533	957.93
0.024569	961.06
0.024605	964.2
0.02464	967.33
0.024676	970.46
0.02471	973.59
0.024745	976.72
0.024778	979.85
0.024812	982.98
0.024845	986.11
0.024878	989.24
0.02491	992.37
0.024942	995.5
0.024973	998.63
0.025004	1001.8
0.025034	1004.9
0.025065	1008
0.025094	1011.2
0.025124	1014.3
0.025152	1017.4
0.025181	1020.5
0.025209	1023.7
0.025237	1026.8
0.025264	1029.9
0.025291	1033.1
0.025317	1036.2
0.025343	1039.3
0.025369	1042.5
0.025394	1045.6
0.025419	1048.7
0.025443	1051.8
0.025467	1055
0.02549	1058.1
0.025513	1061.2
0.025536	1064.4
0.025558	1067.5
0.02558	1070.6
0.025602	1073.8
0.025623	1076.9
0.025643	1080
0.025664	1083.2
0.025683	1086.3
0.025703	1089.4
0.025722	1092.5
0.02574	1095.7
0.025759	1098.8
0.025776	1101.9
0.025794	1105.1
0.025811	1108.2
0.025827	1111.3
0.025844	1114.5
0.025859	1117.6
0.025875	1120.7
0.02589	1123.9
0.025904	1127
0.025918	1130.1
0.025932	1133.2
0.025946	1136.4
0.025959	1139.5
0.025971	1142.6
0.025983	1145.8
0.025995	1148.9
0.026007	1152
0.026018	1155.2
0.026028	1158.3
0.026038	1161.4
0.026048	1164.5
0.026058	1167.7
0.026067	1170.8
0.026075	1173.9
0.026084	1177.1
0.026092	1180.2
0.026099	1183.3
0.026106	1186.5
0.026113	1189.6
0.026119	1192.7
0.026125	1195.9
0.026131	1199
0.026136	1202.1
0.026141	1205.2
0.026146	1208.4
0.02615	1211.5
0.026153	1214.6
0.026157	1217.8
0.02616	1220.9
0.026162	1224
0.026165	1227.2
0.026167	1230.3
0.026168	1233.4
0.026169	1236.5
0.02617	1239.7
0.02617	1242.8
0.02617	1245.9
0.02617	1249.1
0.026169	1252.2
0.026168	1255.3
0.026167	1258.5
0.026165	1261.6
0.026163	1264.7
0.02616	1267.9
0.026158	1271
0.026154	1274.1
0.026151	1277.2
0.026147	1280.4
0.026143	1283.5
0.026138	1286.6
0.026133	1289.8
0.026128	1292.9
0.026122	1296
0.026116	1299.2
0.02611	1302.3
0.026103	1305.4
0.026096	1308.6
0.026089	1311.7
0.026081	1314.8
0.026073	1317.9
0.026064	1321.1
0.026056	1324.2
0.026047	1327.3
0.026037	1330.5
0.026028	1333.6
0.026017	1336.7
0.026007	1339.9
0.025996	1343
0.025985	1346.1
0.025974	1349.2
0.025962	1352.4
0.02595	1355.5
0.025938	1358.6
0.025925	1361.8
0.025912	1364.9
0.025899	1368
0.025885	1371.2
0.025871	1374.3
0.025857	1377.4
0.025843	1380.6
0.025828	1383.7
0.025813	1386.8
0.025797	1389.9
0.025781	1393.1
0.025765	1396.2
0.025749	1399.3
0.025732	1402.5
0.025715	1405.6
0.025698	1408.7
0.02568	1411.9
0.025662	1415
0.025644	1418.1
0.025625	1421.2
0.025607	1424.4
0.025588	1427.5
0.025568	1430.6
0.025549	1433.8
0.025529	1436.9
0.025508	1440
0.025488	1443.2
0.025467	1446.3
0.025446	1449.4
0.025424	1452.6
0.025403	1455.7
0.025381	1458.8
0.025359	1461.9
0.025336	1465.1
0.025313	1468.2
0.02529	1471.3
0.025267	1474.5
0.025243	1477.6
0.02522	1480.7
0.025195	1483.9
0.025171	1487
0.025146	1490.1
0.025121	1493.3
0.025096	1496.4
0.025071	1499.5
0.025045	1502.6
0.025019	1505.8
0.024993	1508.9
0.024966	1512
0.02494	1515.2
0.024913	1518.3
0.024885	1521.4
0.024858	1524.6
0.02483	1527.7
0.024802	1530.8
0.024774	1533.9
0.024746	1537.1
0.024717	1540.2
0.024688	1543.3
0.024659	1546.5
0.024629	1549.6
0.0246	1552.7
0.02457	1555.9
0.02454	1559
0.024509	1562.1
0.024479	1565.3
0.024448	1568.4
0.024417	1571.5
0.024385	1574.6
0.024354	1577.8
0.024322	1580.9
0.02429	1584
0.024258	1587.2
0.024226	1590.3
0.024193	1593.4
0.02416	1596.6
0.024127	1599.7
0.024094	1602.8
0.024061	1605.9
0.024027	1609.1
0.023993	1612.2
0.023959	1615.3
0.023925	1618.5
0.02389	1621.6
0.023855	1624.7
0.023821	1627.9
0.023785	1631
0.02375	1634.1
0.023715	1637.3
0.023679	1640.4
0.023643	1643.5
0.023607	1646.6
0.023571	1649.8
0.023534	1652.9
0.023498	1656
0.023461	1659.2
0.023424	1662.3
0.023387	1665.4
0.023349	1668.6
0.023312	1671.7
0.023274	1674.8
0.023236	1678
0.023198	1681.1
0.02316	1684.2
0.023121	1687.3
0.023083	1690.5
0.023044	1693.6
0.023005	1696.7
0.022966	1699.9
0.022926	1703
0.022887	1706.1
0.022847	1709.3
0.022807	1712.4
0.022768	1715.5
0.022727	1718.6
0.022687	1721.8
0.022647	1724.9
0.022606	1728
0.022565	1731.2
0.022525	1734.3
0.022484	1737.4
0.022442	1740.6
0.022401	1743.7
0.02236	1746.8
0.022318	1750
0.022276	1753.1
0.022234	1756.2
0.022192	1759.3
0.02215	1762.5
0.022108	1765.6
0.022065	1768.7
0.022023	1771.9
0.02198	1775
0.021937	1778.1
0.021894	1781.3
0.021851	1784.4
0.021808	1787.5
0.021764	1790.6
0.021721	1793.8
0.021677	1796.9
0.021634	1800
0.02159	1803.2
0.021546	1806.3
0.021502	1809.4
0.021457	1812.6
0.021413	1815.7
0.021369	1818.8
0.021324	1822
0.021279	1825.1
0.021235	1828.2
0.02119	1831.3
0.021145	1834.5
0.0211	1837.6
0.021055	1840.7
0.021009	1843.9
0.020964	1847
0.020918	1850.1
0.020873	1853.3
0.020827	1856.4
0.020781	1859.5
0.020735	1862.7
0.02069	1865.8
0.020643	1868.9
0.020597	1872
0.020551	1875.2
0.020505	1878.3
0.020458	1881.4
0.020412	1884.6
0.020365	1887.7
0.020319	1890.8
0.020272	1894
0.020225	1897.1
0.020178	1900.2
0.020131	1903.3
0.020084	1906.5
0.020037	1909.6
0.01999	1912.7
0.019943	1915.9
0.019895	1919
0.019848	1922.1
0.0198	1925.3
0.019753	1928.4
0.019705	1931.5
0.019658	1934.7
0.01961	1937.8
0.019562	1940.9
0.019514	1944
0.019466	1947.2
0.019418	1950.3
0.01937	1953.4
0.019322	1956.6
0.019274	1959.7
0.019226	1962.8
0.019178	1966
0.01913	1969.1
0.019081	1972.2
0.019033	1975.3
0.018984	1978.5
0.018936	1981.6
0.018887	1984.7
0.018839	1987.9
0.01879	1991
0.018742	1994.1
0.018693	1997.3
0.018644	2000.4
0.018596	2003.5
0.018547	2006.7
0.018498	2009.8
0.018449	2012.9
0.0184	2016
0.018352	2019.2
0.018303	2022.3
0.018254	2025.4
0.018205	2028.6
0.018156	2031.7
0.018107	2034.8
0.018058	2038
0.018009	2041.1
0.017959	2044.2
0.01791	2047.3
0.017861	2050.5
0.017812	2053.6
0.017763	2056.7
0.017714	2059.9
0.017665	2063
0.017615	2066.1
0.017566	2069.3
0.017517	2072.4
0.017468	2075.5
0.017419	2078.7
0.017369	2081.8
0.01732	2084.9
0.017271	2088
0.017222	2091.2
0.017172	2094.3
0.017123	2097.4
0.017074	2100.6
0.017025	2103.7
0.016975	2106.8
0.016926	2110
0.016877	2113.1
0.016828	2116.2
0.016778	2119.4
0.016729	2122.5
0.01668	2125.6
0.016631	2128.7
0.016582	2131.9
0.016532	2135
0.016483	2138.1
0.016434	2141.3
0.016385	2144.4
0.016336	2147.5
0.016287	2150.7
0.016238	2153.8
0.016189	2156.9
0.016139	2160
0.01609	2163.2
0.016041	2166.3
0.015992	2169.4
0.015943	2172.6
0.015894	2175.7
0.015846	2178.8
0.015797	2182
0.015748	2185.1
0.015699	2188.2
0.01565	2191.4
0.015601	2194.5
0.015553	2197.6
0.015504	2200.7
0.015455	2203.9
0.015407	2207
0.015358	2210.1
0.015309	2213.3
0.015261	2216.4
0.015212	2219.5
0.015164	2222.7
0.015115	2225.8
0.015067	2228.9
0.015019	2232
0.01497	2235.2
0.014922	2238.3
0.014874	2241.4
0.014826	2244.6
0.014778	2247.7
0.014729	2250.8
0.014681	2254
0.014633	2257.1
0.014586	2260.2
0.014538	2263.4
0.01449	2266.5
0.014442	2269.6
0.014394	2272.7
0.014347	2275.9
0.014299	2279
0.014251	2282.1
0.014204	2285.3
0.014156	2288.4
0.014109	2291.5
0.014061	2294.7
0.014014	2297.8
0.013967	2300.9
0.01392	2304.1
0.013873	2307.2
0.013825	2310.3
0.013778	2313.4
0.013731	2316.6
0.013685	2319.7
0.013638	2322.8
0.013591	2326
0.013544	2329.1
0.013498	2332.2
0.013451	2335.4
0.013405	2338.5
0.013358	2341.6
0.013312	2344.7
0.013265	2347.9
0.013219	2351
0.013173	2354.1
0.013127	2357.3
0.013081	2360.4
0.013035	2363.5
0.012989	2366.7
0.012943	2369.8
0.012898	2372.9
0.012852	2376.1
0.012806	2379.2
0.012761	2382.3
0.012715	2385.4
0.01267	2388.6
0.012625	2391.7
0.01258	2394.8
0.012534	2398
0.012489	2401.1
0.012445	2404.2
0.0124	2407.4
0.012355	2410.5
0.01231	2413.6
0.012265	2416.7
0.012221	2419.9
0.012176	2423
0.012132	2426.1
0.012088	2429.3
0.012044	2432.4
0.011999	2435.5
0.011955	2438.7
0.011911	2441.8
0.011868	2444.9
0.011824	2448.1
0.01178	2451.2
0.011736	2454.3
0.011693	2457.4
0.01165	2460.6
0.011606	2463.7
0.011563	2466.8
0.01152	2470
0.011477	2473.1
0.011434	2476.2
0.011391	2479.4
0.011348	2482.5
0.011305	2485.6
0.011263	2488.8
0.01122	2491.9
0.011178	2495
0.011135	2498.1
0.011093	2501.3
0.011051	2504.4
0.011009	2507.5
0.010967	2510.7
0.010925	2513.8
0.010883	2516.9
0.010842	2520.1
0.0108	2523.2
0.010759	2526.3
0.010717	2529.4
0.010676	2532.6
0.010635	2535.7
0.010594	2538.8
0.010553	2542
0.010512	2545.1
0.010471	2548.2
0.010431	2551.4
0.01039	2554.5
0.01035	2557.6
0.010309	2560.8
0.010269	2563.9
0.010229	2567
0.010189	2570.1
0.010149	2573.3
0.010109	2576.4
0.010069	2579.5
0.01003	2582.7
0.0099901	2585.8
0.0099507	2588.9
0.0099113	2592.1
0.0098721	2595.2
0.009833	2598.3
0.009794	2601.4
0.0097551	2604.6
0.0097163	2607.7
0.0096776	2610.8
0.0096391	2614
0.0096006	2617.1
0.0095622	2620.2
0.009524	2623.4
0.0094858	2626.5
0.0094478	2629.6
0.0094099	2632.8
0.009372	2635.9
0.0093343	2639
0.0092967	2642.1
0.0092592	2645.3
0.0092218	2648.4
0.0091846	2651.5
0.0091474	2654.7
0.0091104	2657.8
0.0090734	2660.9
0.0090366	2664.1
0.0089999	2667.2
0.0089633	2670.3
0.0089268	2673.5
0.0088904	2676.6
0.0088541	2679.7
0.0088179	2682.8
0.0087819	2686
0.0087459	2689.1
0.0087101	2692.2
0.0086744	2695.4
0.0086388	2698.5
0.0086033	2701.6
0.0085679	2704.8
0.0085327	2707.9
0.0084975	2711
0.0084625	2714.1
0.0084276	2717.3
0.0083927	2720.4
0.008358	2723.5
0.0083235	2726.7
0.008289	2729.8
0.0082546	2732.9
0.0082204	2736.1
0.0081863	2739.2
0.0081523	2742.3
0.0081184	2745.5
0.0080846	2748.6
0.0080509	2751.7
0.0080174	2754.8
0.0079839	2758
0.0079506	2761.1
0.0079174	2764.2
0.0078843	2767.4
0.0078513	2770.5
0.0078185	2773.6
0.0077857	2776.8
0.0077531	2779.9
0.0077206	2783
0.0076882	2786.1
0.0076559	2789.3
0.0076237	2792.4
0.0075917	2795.5
0.0075598	2798.7
0.0075279	2801.8
0.0074962	2804.9
0.0074647	2808.1
0.0074332	2811.2
0.0074018	2814.3
0.0073706	2817.5
0.0073395	2820.6
0.0073085	2823.7
0.0072776	2826.8
0.0072468	2830
0.0072162	2833.1
0.0071856	2836.2
0.0071552	2839.4
0.0071249	2842.5
0.0070947	2845.6
0.0070647	2848.8
0.0070347	2851.9
0.0070049	2855
0.0069752	2858.2
0.0069456	2861.3
0.0069161	2864.4
0.0068867	2867.5
0.0068575	2870.7
0.0068283	2873.8
0.0067993	2876.9
0.0067704	2880.1
0.0067416	2883.2
0.006713	2886.3
0.0066844	2889.5
0.006656	2892.6
0.0066277	2895.7
0.0065995	2898.8
0.0065714	2902
0.0065435	2905.1
0.0065156	2908.2
0.0064879	2911.4
0.0064603	2914.5
0.0064328	2917.6
0.0064054	2920.8
0.0063781	2923.9
0.006351	2927
0.006324	2930.2
0.006297	2933.3
0.0062703	2936.4
0.0062436	2939.5
0.006217	2942.7
0.0061906	2945.8
0.0061642	2948.9
0.006138	2952.1
0.0061119	2955.2
0.0060859	2958.3
0.0060601	2961.5
0.0060343	2964.6
0.0060087	2967.7
0.0059832	2970.8
0.0059578	2974
0.0059325	2977.1
0.0059073	2980.2
0.0058823	2983.4
0.0058574	2986.5
0.0058325	2989.6
0.0058078	2992.8
0.0057832	2995.9
0.0057588	2999
0.0057344	3002.2
0.0057102	3005.3
0.005686	3008.4
0.005662	3011.5
0.0056381	3014.7
0.0056144	3017.8
0.0055907	3020.9
0.0055671	3024.1
0.0055437	3027.2
0.0055204	3030.3
0.0054972	3033.5
0.0054741	3036.6
0.0054511	3039.7
0.0054282	3042.9
0.0054055	3046
0.0053829	3049.1
0.0053603	3052.2
0.0053379	3055.4
0.0053156	3058.5
0.0052935	3061.6
0.0052714	3064.8
0.0052495	3067.9
0.0052276	3071
0.0052059	3074.2
0.0051843	3077.3
0.0051628	3080.4
0.0051414	3083.5
0.0051201	3086.7
0.005099	3089.8
0.005078	3092.9
0.005057	3096.1
0.0050362	3099.2
0.0050155	3102.3
0.0049949	3105.5
0.0049744	3108.6
0.0049541	3111.7
0.0049338	3114.9
0.0049137	3118
0.0048937	3121.1
0.0048738	3124.2
0.004854	3127.4
0.0048343	3130.5
0.0048147	3133.6
0.0047952	3136.8
0.0047759	3139.9
0.0047566	3143
0.0047375	3146.2
0.0047185	3149.3
0.0046996	3152.4
0.0046808	3155.5
0.0046621	3158.7
0.0046435	3161.8
0.0046251	3164.9
0.0046067	3168.1
0.0045885	3171.2
0.0045703	3174.3
0.0045523	3177.5
0.0045344	3180.6
0.0045166	3183.7
0.0044989	3186.9
0.0044814	3190
0.0044639	3193.1
0.0044465	3196.2
0.0044293	3199.4
0.0044122	3202.5
0.0043951	3205.6
0.0043782	3208.8
0.0043614	3211.9
0.0043447	3215
0.0043281	3218.2
0.0043116	3221.3
0.0042953	3224.4
0.004279	3227.6
0.0042628	3230.7
0.0042468	3233.8
0.0042309	3236.9
0.004215	3240.1
0.0041993	3243.2
0.0041837	3246.3
0.0041682	3249.5
0.0041528	3252.6
0.0041375	3255.7
0.0041224	3258.9
0.0041073	3262
0.0040923	3265.1
0.0040775	3268.2
0.0040627	3271.4
0.0040481	3274.5
0.0040336	3277.6
0.0040191	3280.8
0.0040048	3283.9
0.0039906	3287
0.0039765	3290.2
0.0039625	3293.3
0.0039486	3296.4
0.0039349	3299.6
0.0039212	3302.7
0.0039076	3305.8
0.0038942	3308.9
0.0038808	3312.1
0.0038676	3315.2
0.0038544	3318.3
0.0038414	3321.5
0.0038285	3324.6
0.0038157	3327.7
0.003803	3330.9
0.0037904	3334
0.0037779	3337.1
0.0037655	3340.2
0.0037532	3343.4
0.003741	3346.5
0.0037289	3349.6
0.0037169	3352.8
0.0037051	3355.9
0.0036933	3359
0.0036817	3362.2
0.0036701	3365.3
0.0036587	3368.4
0.0036473	3371.6
0.0036361	3374.7
0.003625	3377.8
0.003614	3380.9
0.0036031	3384.1
0.0035922	3387.2
0.0035815	3390.3
0.0035709	3393.5
0.0035604	3396.6
0.0035501	3399.7
0.0035398	3402.9
0.0035296	3406
0.0035195	3409.1
0.0035096	3412.2
0.0034997	3415.4
0.0034899	3418.5
0.0034803	3421.6
0.0034707	3424.8
0.0034613	3427.9
0.0034519	3431
0.0034427	3434.2
0.0034336	3437.3
0.0034245	3440.4
0.0034156	3443.6
0.0034068	3446.7
0.0033981	3449.8
0.0033895	3452.9
0.003381	3456.1
0.0033726	3459.2
0.0033643	3462.3
0.0033561	3465.5
0.003348	3468.6
0.00334	3471.7
0.0033322	3474.9
0.0033244	3478
0.0033167	3481.1
0.0033092	3484.3
0.0033017	3487.4
0.0032944	3490.5
0.0032871	3493.6
0.00328	3496.8
0.0032729	3499.9
0.003266	3503
0.0032592	3506.2
0.0032525	3509.3
0.0032458	3512.4
0.0032393	3515.6
0.0032329	3518.7
0.0032266	3521.8
0.0032204	3524.9
0.0032143	3528.1
0.0032083	3531.2
0.0032024	3534.3
0.0031967	3537.5
0.003191	3540.6
0.0031854	3543.7
0.00318	3546.9
0.0031746	3550
0.0031693	3553.1
0.0031642	3556.3
0.0031592	3559.4
0.0031542	3562.5
0.0031494	3565.6
0.0031447	3568.8
0.00314	3571.9
0.0031355	3575
0.0031311	3578.2
0.0031268	3581.3
0.0031226	3584.4
0.0031185	3587.6
0.0031146	3590.7
0.0031107	3593.8
0.0031069	3596.9
0.0031032	3600.1
0.0030997	3603.2
0.0030962	3606.3
0.0030929	3609.5
0.0030897	3612.6
0.0030865	3615.7
0.0030835	3618.9
0.0030806	3622
0.0030778	3625.1
0.0030751	3628.3
0.0030725	3631.4
0.00307	3634.5
0.0030677	3637.6
0.0030654	3640.8
0.0030632	3643.9
0.0030612	3647
0.0030592	3650.2
0.0030574	3653.3
0.0030557	3656.4
0.0030541	3659.6
0.0030526	3662.7
0.0030512	3665.8
0.0030499	3669
0.0030487	3672.1
0.0030477	3675.2
0.0030467	3678.3
0.0030459	3681.5
0.0030452	3684.6
0.0030445	3687.7
0.003044	3690.9
0.0030436	3694
0.0030434	3697.1
0.0030432	3700.3
0.0030431	3703.4
0.0030432	3706.5
0.0030433	3709.6
0.0030436	3712.8
0.003044	3715.9
0.0030445	3719
0.0030451	3722.2
0.0030459	3725.3
0.0030467	3728.4
0.0030477	3731.6
0.0030488	3734.7
0.00305	3737.8
0.0030513	3741
0.0030527	3744.1
0.0030542	3747.2
0.0030559	3750.3
0.0030577	3753.5
0.0030596	3756.6
0.0030616	3759.7
0.0030637	3762.9
0.0030659	3766
0.0030683	3769.1
0.0030708	3772.3
0.0030734	3775.4
0.0030761	3778.5
0.0030789	3781.6
0.0030819	3784.8
0.003085	3787.9
0.0030882	3791
0.0030915	3794.2
0.0030949	3797.3
0.0030985	3800.4
0.0031022	3803.6
0.003106	3806.7
0.0031099	3809.8
0.003114	3813
0.0031181	3816.1
0.0031224	3819.2
0.0031269	3822.3
0.0031314	3825.5
0.0031361	3828.6
0.0031409	3831.7
0.0031458	3834.9
0.0031509	3838
0.003156	3841.1
0.0031614	3844.3
0.0031668	3847.4
0.0031724	3850.5
0.0031781	3853.7
0.0031839	3856.8
0.0031898	3859.9
0.0031959	3863
0.0032021	3866.2
0.0032085	3869.3
0.0032149	3872.4
0.0032216	3875.6
0.0032283	3878.7
0.0032352	3881.8
0.0032422	3885
0.0032493	3888.1
0.0032566	3891.2
0.003264	3894.3
0.0032716	3897.5
0.0032793	3900.6
0.0032871	3903.7
0.003295	3906.9
0.0033032	3910
