5.0551e-16	0
0.00026858	20.05
0.00054046	40.1
0.00081893	60.15
0.0011073	80.201
0.0014088	100.25
0.0017268	120.3
0.0020642	140.35
0.0024243	160.4
0.0028105	180.45
0.0032259	200.5
0.0036737	220.55
0.0041565	240.6
0.0046765	260.65
0.0052349	280.7
0.0058322	300.75
0.006468	320.8
0.0071413	340.85
0.00785	360.9
0.0085916	380.95
0.009363	401
0.01016	421.05
0.010979	441.1
0.011816	461.15
0.012665	481.2
0.01347	500
0.013524	501.25
0.014387	521.3
0.015252	541.35
0.016114	561.4
0.01697	581.45
0.017816	601.5
0.018652	621.55
0.019473	641.6
0.020277	661.65
0.021063	681.7
0.021828	701.75
0.022571	721.8
0.02329	741.85
0.023983	761.9
0.02465	781.95
0.025289	802.01
0.025898	822.06
0.026476	842.11
0.027024	862.16
0.027539	882.21
0.028021	902.26
0.02847	922.31
0.028884	942.36
0.029264	962.41
0.029608	982.46
0.029917	1002.5
0.03019	1022.6
0.030427	1042.6
0.030628	1062.7
0.030794	1082.7
0.030923	1102.8
0.031017	1122.8
0.031076	1142.9
0.031099	1162.9
0.031088	1183
0.031044	1203
0.030965	1223.1
0.030854	1243.1
0.030711	1263.2
0.030537	1283.2
0.030332	1303.3
0.030098	1323.3
0.029836	1343.4
0.029546	1363.4
0.02923	1383.5
0.028889	1403.5
0.028525	1423.6
0.028137	1443.6
0.027728	1463.7
0.027299	1483.7
0.026852	1503.8
0.026386	1523.8
0.025905	1543.9
0.025409	1563.9
0.024899	1584
0.024378	1604
0.023845	1624.1
0.023303	1644.1
0.022754	1664.2
0.022197	1684.2
0.021635	1704.3
0.021068	1724.3
0.020499	1744.4
0.019928	1764.4
0.019356	1784.5
0.018785	1804.5
0.018215	1824.6
0.017648	1844.6
0.017084	1864.7
0.016524	1884.7
0.01597	1904.8
0.015422	1924.8
0.014881	1944.9
0.014347	1964.9
0.013821	1985
0.013305	2005
0.012797	2025.1
0.012299	2045.1
0.011812	2065.2
0.011335	2085.2
0.010869	2105.3
0.010414	2125.3
0.0099708	2145.4
0.0095392	2165.4
0.0091194	2185.5
0.0087116	2205.5
0.0083158	2225.6
0.007932	2245.6
0.0075603	2265.7
0.0072005	2285.7
0.0068527	2305.8
0.0065168	2325.8
0.0061926	2345.9
0.0058801	2365.9
0.005579	2386
0.0052893	2406
0.0050106	2426.1
0.0047429	2446.1
0.0044858	2466.2
0.0042391	2486.2
0.0040026	2506.3
0.0037759	2526.3
0.0035588	2546.4
0.003351	2566.4
0.0031524	2586.5
0.0029625	2606.5
0.0027811	2626.6
0.002608	2646.6
0.0024428	2666.7
0.0022852	2686.7
0.002135	2706.8
0.0019917	2726.8
0.0018552	2746.9
0.001725	2766.9
0.0016008	2787
0.0014823	2807
0.0013691	2827.1
0.001261	2847.1
0.0011576	2867.2
0.0010587	2887.2
0.00096383	2907.3
0.00087277	2927.3
0.00078522	2947.4
0.00070087	2967.4
0.00061941	2987.5
0.00060932	2990
