-7.5685e-16	0
4.5351e-05	20.05
9.3047e-05	40.1
0.00014554	60.15
0.00020548	80.201
0.00027574	100.25
0.00035959	120.3
0.00046064	140.35
0.00058322	160.4
0.00073237	180.45
0.00091401	200.5
0.0011348	220.55
0.0014019	240.6
0.0017227	260.65
0.0021047	280.7
0.0025546	300.75
0.0030788	320.8
0.003682	340.85
0.0043679	360.9
0.005138	380.95
0.0059926	401
0.0069282	421.05
0.0079409	441.1
0.0090256	461.15
0.010174	481.2
0.011299	500
0.011375	501.25
0.012623	521.3
0.013907	541.35
0.015217	561.4
0.016542	581.45
0.017875	601.5
0.019208	621.55
0.020532	641.6
0.021838	661.65
0.02312	681.7
0.024371	701.75
0.025586	721.8
0.026758	741.85
0.027881	761.9
0.028951	781.95
0.029963	802.01
0.030914	822.06
0.031798	842.11
0.032614	862.16
0.033358	882.21
0.034028	902.26
0.034622	922.31
0.035138	942.36
0.035575	962.41
0.035933	982.46
0.03621	1002.5
0.036408	1022.6
0.036526	1042.6
0.036566	1062.7
0.036528	1082.7
0.036415	1102.8
0.036227	1122.8
0.035967	1142.9
0.035637	1162.9
0.035241	1183
0.034782	1203
0.034262	1223.1
0.033684	1243.1
0.033054	1263.2
0.032375	1283.2
0.031651	1303.3
0.030885	1323.3
0.030081	1343.4
0.029246	1363.4
0.028381	1383.5
0.027493	1403.5
0.026583	1423.6
0.025658	1443.6
0.02472	1463.7
0.023775	1483.7
0.022825	1503.8
0.021874	1523.8
0.020926	1543.9
0.019984	1563.9
0.019052	1584
0.018131	1604
0.017225	1624.1
0.016336	1644.1
0.015466	1664.2
0.014618	1684.2
0.013793	1704.3
0.012992	1724.3
0.012218	1744.4
0.01147	1764.4
0.010751	1784.5
0.01006	1804.5
0.0093981	1824.6
0.0087657	1844.6
0.0081628	1864.7
0.0075893	1884.7
0.007045	1904.8
0.0065294	1924.8
0.0060421	1944.9
0.0055825	1964.9
0.00515	1985
0.0047438	2005
0.0043631	2025.1
0.004007	2045.1
0.0036746	2065.2
0.0033648	2085.2
0.0030766	2105.3
0.002809	2125.3
0.0025611	2145.4
0.0023317	2165.4
0.0021199	2185.5
0.0019246	2205.5
0.0017449	2225.6
0.0015798	2245.6
0.0014284	2265.7
0.0012897	2285.7
0.0011629	2305.8
0.0010472	2325.8
0.00094167	2345.9
0.00084568	2365.9
0.00075846	2386
0.00067935	2406
0.0006077	2426.1
0.00054289	2446.1
0.00048436	2466.2
0.00043157	2486.2
0.00038403	2506.3
0.00034125	2526.3
0.00030284	2546.4
0.00026838	2566.4
0.00023752	2586.5
0.00020993	2606.5
0.00018529	2626.6
0.00016333	2646.6
0.00014377	2666.7
0.00012637	2686.7
0.00011093	2706.8
9.7221e-05	2726.8
8.5075e-05	2746.9
7.4313e-05	2766.9
6.478e-05	2787
5.6336e-05	2807
4.8853e-05	2827.1
4.2216e-05	2847.1
3.6321e-05	2867.2
3.1074e-05	2887.2
2.639e-05	2907.3
2.219e-05	2927.3
1.8404e-05	2947.4
1.4965e-05	2967.4
1.1813e-05	2987.5
1.1432e-05	2990
