5.5988e-11	0
8.277e-05	3.4107
0.00016555	6.8215
0.00024833	10.232
0.00033113	13.643
0.00041396	17.054
0.0004968	20.464
0.00057968	23.875
0.0006626	27.286
0.00074556	30.697
0.00082856	34.107
0.00091162	37.518
0.00099473	40.929
0.0010779	44.339
0.0011612	47.75
0.0012445	51.161
0.0013279	54.572
0.0014113	57.982
0.0014949	61.393
0.0015785	64.804
0.0016623	68.215
0.0017461	71.625
0.0018301	75.036
0.0019141	78.447
0.0019983	81.857
0.0020826	85.268
0.002167	88.679
0.0022516	92.09
0.0023362	95.5
0.0024211	98.911
0.002506	102.32
0.0025911	105.73
0.0026763	109.14
0.0027617	112.55
0.0028473	115.96
0.002933	119.38
0.0030189	122.79
0.003105	126.2
0.0031912	129.61
0.0032776	133.02
0.0033642	136.43
0.003451	139.84
0.0035379	143.25
0.0036251	146.66
0.0037125	150.07
0.0038001	153.48
0.0038878	156.89
0.0039758	160.3
0.004064	163.71
0.0041525	167.13
0.0042411	170.54
0.00433	173.95
0.0044191	177.36
0.0045085	180.77
0.0045981	184.18
0.0046879	187.59
0.0047779	191
0.0048683	194.41
0.0049588	197.82
0.0050496	201.23
0.0051407	204.64
0.005232	208.05
0.0053235	211.47
0.0054153	214.88
0.0055074	218.29
0.0055997	221.7
0.0056922	225.11
0.005785	228.52
0.0058781	231.93
0.0059714	235.34
0.0060649	238.75
0.0061587	242.16
0.0062527	245.57
0.0063469	248.98
0.0064414	252.39
0.0065361	255.8
0.0066311	259.22
0.0067262	262.63
0.0068216	266.04
0.0069171	269.45
0.0070129	272.86
0.0071089	276.27
0.0072051	279.68
0.0073014	283.09
0.007398	286.5
0.0074947	289.91
0.0075916	293.32
0.0076887	296.73
0.0077859	300.14
0.0078833	303.55
0.0079808	306.97
0.0080785	310.38
0.0081763	313.79
0.0082742	317.2
0.0083723	320.61
0.0084705	324.02
0.0085688	327.43
0.0086672	330.84
0.0087657	334.25
0.0088644	337.66
0.0089631	341.07
0.0090618	344.48
0.0091607	347.89
0.0092596	351.31
0.0093586	354.72
0.0094576	358.13
0.0095567	361.54
0.0096558	364.95
0.009755	368.36
0.0098542	371.77
0.0099534	375.18
0.010053	378.59
0.010152	382
0.010251	385.41
0.01035	388.82
0.01045	392.23
0.010549	395.64
0.010648	399.06
0.010747	402.47
0.010847	405.88
0.010946	409.29
0.011045	412.7
0.011144	416.11
0.011243	419.52
0.011342	422.93
0.011441	426.34
0.01154	429.75
0.011638	433.16
0.011737	436.57
0.011836	439.98
0.011934	443.39
0.012033	446.81
0.012131	450.22
0.012229	453.63
0.012327	457.04
0.012425	460.45
0.012523	463.86
0.012621	467.27
0.012719	470.68
0.012816	474.09
0.012913	477.5
0.013011	480.91
0.013108	484.32
0.013205	487.73
0.013301	491.14
0.013398	494.56
0.013494	497.97
0.013591	501.38
0.013687	504.79
0.013783	508.2
0.013879	511.61
0.013974	515.02
0.014069	518.43
0.014165	521.84
0.01426	525.25
0.014354	528.66
0.014449	532.07
0.014543	535.48
0.014637	538.9
0.014731	542.31
0.014825	545.72
0.014919	549.13
0.015012	552.54
0.015105	555.95
0.015198	559.36
0.01529	562.77
0.015382	566.18
0.015474	569.59
0.015566	573
0.015658	576.41
0.015749	579.82
0.01584	583.23
0.01593	586.65
0.016021	590.06
0.016111	593.47
0.016201	596.88
0.01629	600.29
0.01638	603.7
0.016469	607.11
0.016557	610.52
0.016646	613.93
0.016734	617.34
0.016822	620.75
0.016909	624.16
0.016997	627.57
0.017083	630.98
0.01717	634.4
0.017256	637.81
0.017342	641.22
0.017428	644.63
0.017513	648.04
0.017598	651.45
0.017683	654.86
0.017767	658.27
0.017851	661.68
0.017934	665.09
0.018018	668.5
0.018101	671.91
0.018183	675.32
0.018265	678.73
0.018347	682.15
0.018429	685.56
0.01851	688.97
0.018591	692.38
0.018671	695.79
0.018751	699.2
0.018831	702.61
0.01891	706.02
0.018989	709.43
0.019067	712.84
0.019146	716.25
0.019223	719.66
0.019301	723.07
0.019378	726.49
0.019454	729.9
0.019531	733.31
0.019607	736.72
0.019682	740.13
0.019757	743.54
0.019832	746.95
0.019906	750.36
0.01998	753.77
0.020053	757.18
0.020126	760.59
0.020199	764
0.020271	767.41
0.020343	770.82
0.020415	774.24
0.020486	777.65
0.020556	781.06
0.020626	784.47
0.020696	787.88
0.020766	791.29
0.020835	794.7
0.020903	798.11
0.020971	801.52
0.021039	804.93
0.021106	808.34
0.021173	811.75
0.02124	815.16
0.021306	818.57
0.021371	821.99
0.021436	825.4
0.021501	828.81
0.021565	832.22
0.021629	835.63
0.021693	839.04
0.021756	842.45
0.021818	845.86
0.02188	849.27
0.021942	852.68
0.022003	856.09
0.022064	859.5
0.022124	862.91
0.022184	866.33
0.022243	869.74
0.022302	873.15
0.022361	876.56
0.022419	879.97
0.022477	883.38
0.022534	886.79
0.022591	890.2
0.022647	893.61
0.022703	897.02
0.022758	900.43
0.022813	903.84
0.022868	907.25
0.022922	910.66
0.022976	914.08
0.023029	917.49
0.023081	920.9
0.023134	924.31
0.023186	927.72
0.023237	931.13
0.023288	934.54
0.023338	937.95
0.023388	941.36
0.023438	944.77
0.023487	948.18
0.023536	951.59
0.023584	955
0.023631	958.41
0.023679	961.83
0.023725	965.24
0.023772	968.65
0.023818	972.06
0.023863	975.47
0.023908	978.88
0.023953	982.29
0.023997	985.7
0.02404	989.11
0.024083	992.52
0.024126	995.93
0.024168	999.34
0.02421	1002.8
0.024251	1006.2
0.024292	1009.6
0.024332	1013
0.024372	1016.4
0.024412	1019.8
0.024451	1023.2
0.024489	1026.6
0.024527	1030
0.024565	1033.5
0.024602	1036.9
0.024639	1040.3
0.024675	1043.7
0.024711	1047.1
0.024746	1050.5
0.024781	1053.9
0.024815	1057.3
0.024849	1060.7
0.024882	1064.1
0.024915	1067.6
0.024948	1071
0.02498	1074.4
0.025011	1077.8
0.025043	1081.2
0.025073	1084.6
0.025103	1088
0.025133	1091.4
0.025163	1094.8
0.025191	1098.3
0.02522	1101.7
0.025248	1105.1
0.025275	1108.5
0.025302	1111.9
0.025329	1115.3
0.025355	1118.7
0.02538	1122.1
0.025406	1125.5
0.02543	1129
0.025455	1132.4
0.025478	1135.8
0.025502	1139.2
0.025525	1142.6
0.025547	1146
0.025569	1149.4
0.025591	1152.8
0.025612	1156.2
0.025632	1159.6
0.025653	1163.1
0.025672	1166.5
0.025692	1169.9
0.02571	1173.3
0.025729	1176.7
0.025747	1180.1
0.025764	1183.5
0.025781	1186.9
0.025798	1190.3
0.025814	1193.8
0.02583	1197.2
0.025845	1200.6
0.02586	1204
0.025874	1207.4
0.025888	1210.8
0.025902	1214.2
0.025915	1217.6
0.025927	1221
0.025939	1224.5
0.025951	1227.9
0.025962	1231.3
0.025973	1234.7
0.025984	1238.1
0.025994	1241.5
0.026003	1244.9
0.026012	1248.3
0.026021	1251.7
0.026029	1255.1
0.026037	1258.6
0.026045	1262
0.026052	1265.4
0.026058	1268.8
0.026064	1272.2
0.02607	1275.6
0.026075	1279
0.02608	1282.4
0.026084	1285.8
0.026088	1289.3
0.026092	1292.7
0.026095	1296.1
0.026098	1299.5
0.0261	1302.9
0.026102	1306.3
0.026104	1309.7
0.026105	1313.1
0.026105	1316.5
0.026106	1320
0.026105	1323.4
0.026105	1326.8
0.026104	1330.2
0.026102	1333.6
0.026101	1337
0.026098	1340.4
0.026096	1343.8
0.026093	1347.2
0.026089	1350.6
0.026086	1354.1
0.026081	1357.5
0.026077	1360.9
0.026072	1364.3
0.026066	1367.7
0.02606	1371.1
0.026054	1374.5
0.026048	1377.9
0.026041	1381.3
0.026033	1384.8
0.026025	1388.2
0.026017	1391.6
0.026009	1395
0.026	1398.4
0.02599	1401.8
0.025981	1405.2
0.025971	1408.6
0.02596	1412
0.025949	1415.5
0.025938	1418.9
0.025926	1422.3
0.025914	1425.7
0.025902	1429.1
0.025889	1432.5
0.025876	1435.9
0.025863	1439.3
0.025849	1442.7
0.025835	1446.1
0.02582	1449.6
0.025805	1453
0.02579	1456.4
0.025774	1459.8
0.025758	1463.2
0.025742	1466.6
0.025725	1470
0.025708	1473.4
0.025691	1476.8
0.025673	1480.3
0.025655	1483.7
0.025636	1487.1
0.025617	1490.5
0.025598	1493.9
0.025578	1497.3
0.025558	1500.7
0.025538	1504.1
0.025518	1507.5
0.025497	1511
0.025475	1514.4
0.025454	1517.8
0.025432	1521.2
0.02541	1524.6
0.025387	1528
0.025364	1531.4
0.025341	1534.8
0.025317	1538.2
0.025293	1541.6
0.025269	1545.1
0.025244	1548.5
0.025219	1551.9
0.025194	1555.3
0.025169	1558.7
0.025143	1562.1
0.025116	1565.5
0.02509	1568.9
0.025063	1572.3
0.025036	1575.8
0.025009	1579.2
0.024981	1582.6
0.024953	1586
0.024924	1589.4
0.024896	1592.8
0.024867	1596.2
0.024837	1599.6
0.024808	1603
0.024778	1606.5
0.024748	1609.9
0.024717	1613.3
0.024687	1616.7
0.024656	1620.1
0.024624	1623.5
0.024593	1626.9
0.024561	1630.3
0.024528	1633.7
0.024496	1637.1
0.024463	1640.6
0.02443	1644
0.024397	1647.4
0.024363	1650.8
0.024329	1654.2
0.024295	1657.6
0.024261	1661
0.024226	1664.4
0.024191	1667.8
0.024156	1671.3
0.02412	1674.7
0.024085	1678.1
0.024049	1681.5
0.024012	1684.9
0.023976	1688.3
0.023939	1691.7
0.023902	1695.1
0.023865	1698.5
0.023827	1702
0.023789	1705.4
0.023751	1708.8
0.023713	1712.2
0.023675	1715.6
0.023636	1719
0.023597	1722.4
0.023557	1725.8
0.023518	1729.2
0.023478	1732.7
0.023438	1736.1
0.023398	1739.5
0.023358	1742.9
0.023317	1746.3
0.023276	1749.7
0.023235	1753.1
0.023194	1756.5
0.023152	1759.9
0.02311	1763.3
0.023069	1766.8
0.023026	1770.2
0.022984	1773.6
0.022941	1777
0.022898	1780.4
0.022855	1783.8
0.022812	1787.2
0.022769	1790.6
0.022725	1794
0.022681	1797.5
0.022637	1800.9
0.022593	1804.3
0.022549	1807.7
0.022504	1811.1
0.022459	1814.5
0.022414	1817.9
0.022369	1821.3
0.022324	1824.7
0.022278	1828.2
0.022232	1831.6
0.022186	1835
0.02214	1838.4
0.022094	1841.8
0.022047	1845.2
0.022001	1848.6
0.021954	1852
0.021907	1855.4
0.02186	1858.8
0.021813	1862.3
0.021765	1865.7
0.021718	1869.1
0.02167	1872.5
0.021622	1875.9
0.021574	1879.3
0.021526	1882.7
0.021477	1886.1
0.021429	1889.5
0.02138	1893
0.021331	1896.4
0.021282	1899.8
0.021233	1903.2
0.021184	1906.6
0.021134	1910
0.021085	1913.4
0.021035	1916.8
0.020985	1920.2
0.020935	1923.7
0.020885	1927.1
0.020835	1930.5
0.020785	1933.9
0.020734	1937.3
0.020684	1940.7
0.020633	1944.1
0.020582	1947.5
0.020531	1950.9
0.02048	1954.3
0.020429	1957.8
0.020378	1961.2
0.020326	1964.6
0.020275	1968
0.020223	1971.4
0.020171	1974.8
0.02012	1978.2
0.020068	1981.6
0.020016	1985
0.019964	1988.5
0.019911	1991.9
0.019859	1995.3
0.019807	1998.7
0.019754	2002.1
0.019702	2005.5
0.019649	2008.9
0.019596	2012.3
0.019544	2015.7
0.019491	2019.2
0.019438	2022.6
0.019385	2026
0.019332	2029.4
0.019278	2032.8
0.019225	2036.2
0.019172	2039.6
0.019118	2043
0.019065	2046.4
0.019011	2049.8
0.018958	2053.3
0.018904	2056.7
0.01885	2060.1
0.018796	2063.5
0.018743	2066.9
0.018689	2070.3
0.018635	2073.7
0.018581	2077.1
0.018527	2080.5
0.018473	2084
0.018418	2087.4
0.018364	2090.8
0.01831	2094.2
0.018256	2097.6
0.018201	2101
0.018147	2104.4
0.018093	2107.8
0.018038	2111.2
0.017984	2114.7
0.017929	2118.1
0.017875	2121.5
0.01782	2124.9
0.017765	2128.3
0.017711	2131.7
0.017656	2135.1
0.017601	2138.5
0.017547	2141.9
0.017492	2145.3
0.017437	2148.8
0.017383	2152.2
0.017328	2155.6
0.017273	2159
0.017218	2162.4
0.017163	2165.8
0.017109	2169.2
0.017054	2172.6
0.016999	2176
0.016944	2179.5
0.016889	2182.9
0.016835	2186.3
0.01678	2189.7
0.016725	2193.1
0.01667	2196.5
0.016615	2199.9
0.01656	2203.3
0.016506	2206.7
0.016451	2210.2
0.016396	2213.6
0.016341	2217
0.016286	2220.4
0.016232	2223.8
0.016177	2227.2
0.016122	2230.6
0.016067	2234
0.016013	2237.4
0.015958	2240.8
0.015903	2244.3
0.015849	2247.7
0.015794	2251.1
0.01574	2254.5
0.015685	2257.9
0.015631	2261.3
0.015576	2264.7
0.015522	2268.1
0.015467	2271.5
0.015413	2275
0.015358	2278.4
0.015304	2281.8
0.01525	2285.2
0.015195	2288.6
0.015141	2292
0.015087	2295.4
0.015033	2298.8
0.014979	2302.2
0.014925	2305.7
0.014871	2309.1
0.014817	2312.5
0.014763	2315.9
0.014709	2319.3
0.014655	2322.7
0.014601	2326.1
0.014548	2329.5
0.014494	2332.9
0.01444	2336.3
0.014387	2339.8
0.014333	2343.2
0.01428	2346.6
0.014227	2350
0.014173	2353.4
0.01412	2356.8
0.014067	2360.2
0.014014	2363.6
0.013961	2367
0.013908	2370.5
0.013855	2373.9
0.013802	2377.3
0.013749	2380.7
0.013696	2384.1
0.013644	2387.5
0.013591	2390.9
0.013538	2394.3
0.013486	2397.7
0.013434	2401.2
0.013381	2404.6
0.013329	2408
0.013277	2411.4
0.013225	2414.8
0.013173	2418.2
0.013121	2421.6
0.013069	2425
0.013017	2428.4
0.012966	2431.8
0.012914	2435.3
0.012863	2438.7
0.012811	2442.1
0.01276	2445.5
0.012709	2448.9
0.012657	2452.3
0.012606	2455.7
0.012555	2459.1
0.012504	2462.5
0.012454	2466
0.012403	2469.4
0.012352	2472.8
0.012302	2476.2
0.012251	2479.6
0.012201	2483
0.012151	2486.4
0.012101	2489.8
0.012051	2493.2
0.012001	2496.7
0.011951	2500.1
0.011901	2503.5
0.011851	2506.9
0.011802	2510.3
0.011752	2513.7
0.011703	2517.1
0.011654	2520.5
0.011604	2523.9
0.011555	2527.3
0.011506	2530.8
0.011457	2534.2
0.011409	2537.6
0.01136	2541
0.011311	2544.4
0.011263	2547.8
0.011215	2551.2
0.011166	2554.6
0.011118	2558
0.01107	2561.5
0.011022	2564.9
0.010975	2568.3
0.010927	2571.7
0.010879	2575.1
0.010832	2578.5
0.010785	2581.9
0.010737	2585.3
0.01069	2588.7
0.010643	2592.2
0.010596	2595.6
0.01055	2599
0.010503	2602.4
0.010456	2605.8
0.01041	2609.2
0.010364	2612.6
0.010318	2616
0.010271	2619.4
0.010226	2622.9
0.01018	2626.3
0.010134	2629.7
0.010088	2633.1
0.010043	2636.5
0.0099975	2639.9
0.0099523	2643.3
0.0099072	2646.7
0.0098622	2650.1
0.0098173	2653.5
0.0097726	2657
0.009728	2660.4
0.0096835	2663.8
0.0096391	2667.2
0.0095948	2670.6
0.0095507	2674
0.0095067	2677.4
0.0094628	2680.8
0.009419	2684.2
0.0093754	2687.7
0.0093319	2691.1
0.0092885	2694.5
0.0092453	2697.9
0.0092021	2701.3
0.0091591	2704.7
0.0091163	2708.1
0.0090735	2711.5
0.0090309	2714.9
0.0089884	2718.4
0.008946	2721.8
0.0089038	2725.2
0.0088617	2728.6
0.0088197	2732
0.0087779	2735.4
0.0087362	2738.8
0.0086946	2742.2
0.0086531	2745.6
0.0086118	2749
0.0085706	2752.5
0.0085295	2755.9
0.0084886	2759.3
0.0084478	2762.7
0.0084071	2766.1
0.0083665	2769.5
0.0083261	2772.9
0.0082858	2776.3
0.0082457	2779.7
0.0082057	2783.2
0.0081658	2786.6
0.008126	2790
0.0080864	2793.4
0.0080469	2796.8
0.0080076	2800.2
0.0079683	2803.6
0.0079292	2807
0.0078903	2810.4
0.0078515	2813.9
0.0078128	2817.3
0.0077742	2820.7
0.0077358	2824.1
0.0076975	2827.5
0.0076593	2830.9
0.0076213	2834.3
0.0075834	2837.7
0.0075457	2841.1
0.0075081	2844.5
0.0074706	2848
0.0074332	2851.4
0.007396	2854.8
0.0073589	2858.2
0.007322	2861.6
0.0072851	2865
0.0072485	2868.4
0.0072119	2871.8
0.0071755	2875.2
0.0071392	2878.7
0.0071031	2882.1
0.0070671	2885.5
0.0070312	2888.9
0.0069955	2892.3
0.0069599	2895.7
0.0069244	2899.1
0.0068891	2902.5
0.0068539	2905.9
0.0068188	2909.4
0.0067839	2912.8
0.0067491	2916.2
0.0067144	2919.6
0.0066799	2923
0.0066455	2926.4
0.0066112	2929.8
0.0065771	2933.2
0.0065431	2936.6
0.0065092	2940
0.0064755	2943.5
0.0064419	2946.9
0.0064085	2950.3
0.0063751	2953.7
0.006342	2957.1
0.0063089	2960.5
0.006276	2963.9
0.0062432	2967.3
0.0062105	2970.7
0.006178	2974.2
0.0061456	2977.6
0.0061134	2981
0.0060813	2984.4
0.0060493	2987.8
0.0060174	2991.2
0.0059857	2994.6
0.0059541	2998
0.0059227	3001.4
0.0058913	3004.9
0.0058601	3008.3
0.0058291	3011.7
0.0057982	3015.1
0.0057674	3018.5
0.0057367	3021.9
0.0057062	3025.3
0.0056758	3028.7
0.0056455	3032.1
0.0056154	3035.5
0.0055853	3039
0.0055555	3042.4
0.0055257	3045.8
0.0054961	3049.2
0.0054666	3052.6
0.0054373	3056
0.0054081	3059.4
0.005379	3062.8
0.00535	3066.2
0.0053212	3069.7
0.0052925	3073.1
0.0052639	3076.5
0.0052355	3079.9
0.0052071	3083.3
0.005179	3086.7
0.0051509	3090.1
0.005123	3093.5
0.0050952	3096.9
0.0050675	3100.4
0.00504	3103.8
0.0050125	3107.2
0.0049853	3110.6
0.0049581	3114
0.0049311	3117.4
0.0049042	3120.8
0.0048774	3124.2
0.0048507	3127.6
0.0048242	3131
0.0047978	3134.5
0.0047715	3137.9
0.0047454	3141.3
0.0047194	3144.7
0.0046935	3148.1
0.0046677	3151.5
0.004642	3154.9
0.0046165	3158.3
0.0045911	3161.7
0.0045658	3165.2
0.0045407	3168.6
0.0045157	3172
0.0044908	3175.4
0.004466	3178.8
0.0044413	3182.2
0.0044168	3185.6
0.0043924	3189
0.0043681	3192.4
0.0043439	3195.9
0.0043199	3199.3
0.004296	3202.7
0.0042722	3206.1
0.0042485	3209.5
0.0042249	3212.9
0.0042015	3216.3
0.0041782	3219.7
0.004155	3223.1
0.0041319	3226.5
0.0041089	3230
0.0040861	3233.4
0.0040634	3236.8
0.0040408	3240.2
0.0040183	3243.6
0.0039959	3247
0.0039737	3250.4
0.0039516	3253.8
0.0039295	3257.2
0.0039077	3260.7
0.0038859	3264.1
0.0038642	3267.5
0.0038427	3270.9
0.0038212	3274.3
0.0037999	3277.7
0.0037787	3281.1
0.0037577	3284.5
0.0037367	3287.9
0.0037158	3291.4
0.0036951	3294.8
0.0036745	3298.2
0.003654	3301.6
0.0036336	3305
0.0036133	3308.4
0.0035931	3311.8
0.0035731	3315.2
0.0035532	3318.6
0.0035333	3322
0.0035136	3325.5
0.003494	3328.9
0.0034745	3332.3
0.0034551	3335.7
0.0034359	3339.1
0.0034167	3342.5
0.0033977	3345.9
0.0033787	3349.3
0.0033599	3352.7
0.0033412	3356.2
0.0033226	3359.6
0.0033041	3363
0.0032857	3366.4
0.0032674	3369.8
0.0032492	3373.2
0.0032311	3376.6
0.0032132	3380
0.0031953	3383.4
0.0031776	3386.9
0.0031599	3390.3
0.0031424	3393.7
0.003125	3397.1
0.0031077	3400.5
0.0030905	3403.9
0.0030734	3407.3
0.0030564	3410.7
0.0030395	3414.1
0.0030227	3417.6
0.003006	3421
0.0029894	3424.4
0.0029729	3427.8
0.0029565	3431.2
0.0029403	3434.6
0.0029241	3438
0.002908	3441.4
0.0028921	3444.8
0.0028762	3448.2
0.0028604	3451.7
0.0028448	3455.1
0.0028292	3458.5
0.0028138	3461.9
0.0027984	3465.3
0.0027831	3468.7
0.002768	3472.1
0.0027529	3475.5
0.002738	3478.9
0.0027231	3482.4
0.0027084	3485.8
0.0026937	3489.2
0.0026792	3492.6
0.0026647	3496
0.0026503	3499.4
0.0026361	3502.8
0.0026219	3506.2
0.0026078	3509.6
0.0025939	3513.1
0.00258	3516.5
0.0025662	3519.9
0.0025525	3523.3
0.0025389	3526.7
0.0025254	3530.1
0.002512	3533.5
0.0024987	3536.9
0.0024855	3540.3
0.0024724	3543.7
0.0024594	3547.2
0.0024465	3550.6
0.0024336	3554
0.0024209	3557.4
0.0024083	3560.8
0.0023957	3564.2
0.0023833	3567.6
0.0023709	3571
0.0023586	3574.4
0.0023465	3577.9
0.0023344	3581.3
0.0023224	3584.7
0.0023105	3588.1
0.0022987	3591.5
0.0022869	3594.9
0.0022753	3598.3
0.0022638	3601.7
0.0022523	3605.1
0.002241	3608.6
0.0022297	3612
0.0022185	3615.4
0.0022074	3618.8
0.0021964	3622.2
0.0021855	3625.6
0.0021747	3629
0.002164	3632.4
0.0021533	3635.8
0.0021428	3639.2
0.0021323	3642.7
0.0021219	3646.1
0.0021116	3649.5
0.0021014	3652.9
0.0020913	3656.3
0.0020812	3659.7
0.0020713	3663.1
0.0020614	3666.5
0.0020517	3669.9
0.002042	3673.4
0.0020324	3676.8
0.0020228	3680.2
0.0020134	3683.6
0.0020041	3687
0.0019948	3690.4
0.0019856	3693.8
0.0019765	3697.2
0.0019675	3700.6
0.0019586	3704.1
0.0019498	3707.5
0.001941	3710.9
0.0019323	3714.3
0.0019237	3717.7
0.0019152	3721.1
0.0019068	3724.5
0.0018985	3727.9
0.0018902	3731.3
0.001882	3734.7
0.0018739	3738.2
0.0018659	3741.6
0.001858	3745
0.0018502	3748.4
0.0018424	3751.8
0.0018347	3755.2
0.0018271	3758.6
0.0018196	3762
0.0018121	3765.4
0.0018048	3768.9
0.0017975	3772.3
0.0017903	3775.7
0.0017832	3779.1
0.0017762	3782.5
0.0017692	3785.9
0.0017623	3789.3
0.0017555	3792.7
0.0017488	3796.1
0.0017422	3799.6
0.0017356	3803
0.0017291	3806.4
0.0017227	3809.8
0.0017164	3813.2
0.0017102	3816.6
0.001704	3820
0.0016979	3823.4
0.0016919	3826.8
0.001686	3830.2
0.0016802	3833.7
0.0016744	3837.1
0.0016687	3840.5
0.0016631	3843.9
0.0016576	3847.3
0.0016521	3850.7
0.0016467	3854.1
0.0016414	3857.5
0.0016362	3860.9
0.001631	3864.4
0.001626	3867.8
0.001621	3871.2
0.0016161	3874.6
0.0016112	3878
0.0016065	3881.4
0.0016018	3884.8
0.0015972	3888.2
0.0015927	3891.6
0.0015882	3895.1
0.0015838	3898.5
0.0015796	3901.9
0.0015753	3905.3
0.0015712	3908.7
0.0015671	3912.1
0.0015631	3915.5
0.0015592	3918.9
0.0015554	3922.3
0.0015516	3925.7
0.0015479	3929.2
0.0015443	3932.6
0.0015408	3936
0.0015374	3939.4
0.001534	3942.8
0.0015307	3946.2
0.0015275	3949.6
0.0015243	3953
0.0015212	3956.4
0.0015182	3959.9
0.0015153	3963.3
0.0015125	3966.7
0.0015097	3970.1
0.001507	3973.5
0.0015044	3976.9
0.0015019	3980.3
0.0014994	3983.7
0.001497	3987.1
0.0014947	3990.6
0.0014925	3994
0.0014903	3997.4
0.0014883	4000.8
0.0014863	4004.2
0.0014843	4007.6
0.0014825	4011
0.0014807	4014.4
0.001479	4017.8
0.0014774	4021.2
0.0014759	4024.7
0.0014744	4028.1
0.001473	4031.5
0.0014717	4034.9
0.0014705	4038.3
0.0014693	4041.7
0.0014683	4045.1
0.0014673	4048.5
0.0014664	4051.9
0.0014655	4055.4
0.0014647	4058.8
0.0014641	4062.2
0.0014635	4065.6
0.0014629	4069
0.0014625	4072.4
0.0014621	4075.8
0.0014618	4079.2
0.0014616	4082.6
0.0014615	4086.1
0.0014614	4089.5
0.0014614	4092.9
0.0014615	4096.3
0.0014617	4099.7
0.001462	4103.1
0.0014623	4106.5
0.0014627	4109.9
0.0014632	4113.3
0.0014638	4116.7
0.0014645	4120.2
0.0014652	4123.6
0.001466	4127
0.0014669	4130.4
0.0014679	4133.8
0.001469	4137.2
0.0014701	4140.6
0.0014713	4144
0.0014727	4147.4
0.001474	4150.9
0.0014755	4154.3
0.0014771	4157.7
0.0014787	4161.1
0.0014804	4164.5
0.0014823	4167.9
0.0014841	4171.3
0.0014861	4174.7
0.0014882	4178.1
0.0014903	4181.6
0.0014926	4185
0.0014949	4188.4
0.0014973	4191.8
0.0014998	4195.2
0.0015023	4198.6
0.001505	4202
0.0015077	4205.4
0.0015106	4208.8
0.0015135	4212.2
0.0015165	4215.7
0.0015196	4219.1
0.0015227	4222.5
0.001526	4225.9
0.0015294	4229.3
0.0015328	4232.7
0.0015364	4236.1
0.00154	4239.5
0.0015437	4242.9
0.0015475	4246.4
0.0015514	4249.8
0.0015554	4253.2
0.0015595	4256.6
0.0015636	4260
