1.2654e-11	0
9.431e-05	3.1305
0.00018865	6.261
0.00028306	9.3915
0.00037758	12.522
0.00047222	15.653
0.00056704	18.783
0.00066205	21.914
0.0007573	25.044
0.00085282	28.175
0.00094863	31.305
0.0010448	34.436
0.0011413	37.566
0.0012382	40.697
0.0013355	43.827
0.0014332	46.958
0.0015315	50.088
0.0016302	53.219
0.0017294	56.349
0.0018291	59.48
0.0019294	62.61
0.0020303	65.741
0.0021318	68.871
0.0022339	72.002
0.0023365	75.132
0.0024399	78.263
0.0025438	81.393
0.0026485	84.524
0.0027538	87.654
0.0028598	90.785
0.0029665	93.915
0.0030739	97.046
0.0031821	100.18
0.003291	103.31
0.0034006	106.44
0.003511	109.57
0.0036222	112.7
0.0037342	115.83
0.0038469	118.96
0.0039605	122.09
0.0040748	125.22
0.00419	128.35
0.004306	131.48
0.0044229	134.61
0.0045406	137.74
0.0046591	140.87
0.0047784	144
0.0048987	147.13
0.0050197	150.26
0.0051417	153.39
0.0052644	156.53
0.0053881	159.66
0.0055126	162.79
0.0056379	165.92
0.0057641	169.05
0.0058912	172.18
0.0060191	175.31
0.0061479	178.44
0.0062776	181.57
0.0064081	184.7
0.0065394	187.83
0.0066716	190.96
0.0068047	194.09
0.0069387	197.22
0.0070735	200.35
0.0072091	203.48
0.0073456	206.61
0.007483	209.74
0.0076213	212.87
0.0077604	216
0.0079004	219.14
0.0080412	222.27
0.0081829	225.4
0.0083255	228.53
0.0084689	231.66
0.0086132	234.79
0.0087584	237.92
0.0089044	241.05
0.0090513	244.18
0.0091991	247.31
0.0093477	250.44
0.0094972	253.57
0.0096475	256.7
0.0097987	259.83
0.0099507	262.96
0.010104	266.09
0.010257	269.22
0.010412	272.35
0.010567	275.48
0.010723	278.61
0.01088	281.75
0.011038	284.88
0.011197	288.01
0.011356	291.14
0.011516	294.27
0.011677	297.4
0.011839	300.53
0.012001	303.66
0.012164	306.79
0.012328	309.92
0.012493	313.05
0.012658	316.18
0.012824	319.31
0.01299	322.44
0.013158	325.57
0.013325	328.7
0.013494	331.83
0.013663	334.96
0.013833	338.09
0.014003	341.22
0.014173	344.36
0.014345	347.49
0.014516	350.62
0.014688	353.75
0.014861	356.88
0.015034	360.01
0.015207	363.14
0.015381	366.27
0.015555	369.4
0.01573	372.53
0.015905	375.66
0.01608	378.79
0.016255	381.92
0.016431	385.05
0.016606	388.18
0.016782	391.31
0.016958	394.44
0.017135	397.57
0.017311	400.7
0.017488	403.84
0.017664	406.97
0.01784	410.1
0.018017	413.23
0.018193	416.36
0.01837	419.49
0.018546	422.62
0.018722	425.75
0.018898	428.88
0.019074	432.01
0.01925	435.14
0.019426	438.27
0.019601	441.4
0.019776	444.53
0.019951	447.66
0.020125	450.79
0.0203	453.92
0.020474	457.05
0.020647	460.18
0.02082	463.31
0.020993	466.45
0.021166	469.58
0.021337	472.71
0.021509	475.84
0.02168	478.97
0.02185	482.1
0.02202	485.23
0.022189	488.36
0.022358	491.49
0.022526	494.62
0.022693	497.75
0.02286	500.88
0.023026	504.01
0.023191	507.14
0.023356	510.27
0.02352	513.4
0.023684	516.53
0.023846	519.66
0.024008	522.79
0.024169	525.92
0.024329	529.06
0.024489	532.19
0.024648	535.32
0.024805	538.45
0.024962	541.58
0.025118	544.71
0.025274	547.84
0.025428	550.97
0.025581	554.1
0.025734	557.23
0.025885	560.36
0.026036	563.49
0.026185	566.62
0.026334	569.75
0.026482	572.88
0.026628	576.01
0.026774	579.14
0.026918	582.27
0.027062	585.4
0.027204	588.53
0.027346	591.67
0.027486	594.8
0.027625	597.93
0.027764	601.06
0.027901	604.19
0.028037	607.32
0.028171	610.45
0.028305	613.58
0.028438	616.71
0.028569	619.84
0.028699	622.97
0.028828	626.1
0.028956	629.23
0.029083	632.36
0.029209	635.49
0.029333	638.62
0.029456	641.75
0.029578	644.88
0.029698	648.01
0.029818	651.14
0.029936	654.28
0.030053	657.41
0.030168	660.54
0.030283	663.67
0.030396	666.8
0.030507	669.93
0.030618	673.06
0.030727	676.19
0.030835	679.32
0.030941	682.45
0.031046	685.58
0.03115	688.71
0.031253	691.84
0.031354	694.97
0.031454	698.1
0.031552	701.23
0.031649	704.36
0.031745	707.49
0.031839	710.62
0.031932	713.76
0.032024	716.89
0.032114	720.02
0.032202	723.15
0.03229	726.28
0.032376	729.41
0.03246	732.54
0.032543	735.67
0.032625	738.8
0.032705	741.93
0.032783	745.06
0.032861	748.19
0.032936	751.32
0.033011	754.45
0.033084	757.58
0.033155	760.71
0.033225	763.84
0.033293	766.97
0.03336	770.1
0.033426	773.23
0.033489	776.37
0.033552	779.5
0.033613	782.63
0.033672	785.76
0.03373	788.89
0.033786	792.02
0.033841	795.15
0.033895	798.28
0.033946	801.41
0.033997	804.54
0.034045	807.67
0.034093	810.8
0.034138	813.93
0.034182	817.06
0.034225	820.19
0.034266	823.32
0.034306	826.45
0.034344	829.58
0.03438	832.71
0.034415	835.84
0.034448	838.98
0.03448	842.11
0.03451	845.24
0.034538	848.37
0.034565	851.5
0.034591	854.63
0.034614	857.76
0.034637	860.89
0.034657	864.02
0.034677	867.15
0.034694	870.28
0.03471	873.41
0.034725	876.54
0.034738	879.67
0.034749	882.8
0.034759	885.93
0.034767	889.06
0.034774	892.19
0.034779	895.32
0.034783	898.45
0.034785	901.59
0.034785	904.72
0.034784	907.85
0.034781	910.98
0.034777	914.11
0.034771	917.24
0.034764	920.37
0.034755	923.5
0.034745	926.63
0.034733	929.76
0.03472	932.89
0.034705	936.02
0.034689	939.15
0.034671	942.28
0.034651	945.41
0.034631	948.54
0.034608	951.67
0.034585	954.8
0.034559	957.93
0.034533	961.06
0.034504	964.2
0.034475	967.33
0.034444	970.46
0.034411	973.59
0.034377	976.72
0.034342	979.85
0.034305	982.98
0.034267	986.11
0.034228	989.24
0.034187	992.37
0.034145	995.5
0.034101	998.63
0.034056	1001.8
0.03401	1004.9
0.033962	1008
0.033913	1011.2
0.033862	1014.3
0.033811	1017.4
0.033757	1020.5
0.033703	1023.7
0.033647	1026.8
0.033591	1029.9
0.033532	1033.1
0.033473	1036.2
0.033412	1039.3
0.03335	1042.5
0.033287	1045.6
0.033223	1048.7
0.033157	1051.8
0.033091	1055
0.033023	1058.1
0.032954	1061.2
0.032884	1064.4
0.032812	1067.5
0.03274	1070.6
0.032666	1073.8
0.032592	1076.9
0.032516	1080
0.032439	1083.2
0.032361	1086.3
0.032282	1089.4
0.032202	1092.5
0.032121	1095.7
0.032039	1098.8
0.031956	1101.9
0.031872	1105.1
0.031787	1108.2
0.031701	1111.3
0.031614	1114.5
0.031526	1117.6
0.031437	1120.7
0.031347	1123.9
0.031257	1127
0.031165	1130.1
0.031073	1133.2
0.030979	1136.4
0.030885	1139.5
0.03079	1142.6
0.030694	1145.8
0.030598	1148.9
0.0305	1152
0.030402	1155.2
0.030303	1158.3
0.030203	1161.4
0.030103	1164.5
0.030001	1167.7
0.029899	1170.8
0.029797	1173.9
0.029693	1177.1
0.029589	1180.2
0.029484	1183.3
0.029379	1186.5
0.029273	1189.6
0.029166	1192.7
0.029059	1195.9
0.028951	1199
0.028843	1202.1
0.028733	1205.2
0.028624	1208.4
0.028513	1211.5
0.028403	1214.6
0.028291	1217.8
0.02818	1220.9
0.028067	1224
0.027954	1227.2
0.027841	1230.3
0.027727	1233.4
0.027613	1236.5
0.027498	1239.7
0.027383	1242.8
0.027267	1245.9
0.027151	1249.1
0.027035	1252.2
0.026918	1255.3
0.026801	1258.5
0.026684	1261.6
0.026566	1264.7
0.026448	1267.9
0.026329	1271
0.02621	1274.1
0.026091	1277.2
0.025971	1280.4
0.025852	1283.5
0.025732	1286.6
0.025611	1289.8
0.025491	1292.9
0.02537	1296
0.025249	1299.2
0.025128	1302.3
0.025006	1305.4
0.024885	1308.6
0.024763	1311.7
0.024641	1314.8
0.024519	1317.9
0.024396	1321.1
0.024274	1324.2
0.024151	1327.3
0.024028	1330.5
0.023906	1333.6
0.023783	1336.7
0.02366	1339.9
0.023536	1343
0.023413	1346.1
0.02329	1349.2
0.023167	1352.4
0.023043	1355.5
0.02292	1358.6
0.022796	1361.8
0.022673	1364.9
0.022549	1368
0.022426	1371.2
0.022302	1374.3
0.022179	1377.4
0.022055	1380.6
0.021932	1383.7
0.021808	1386.8
0.021685	1389.9
0.021562	1393.1
0.021438	1396.2
0.021315	1399.3
0.021192	1402.5
0.021069	1405.6
0.020946	1408.7
0.020824	1411.9
0.020701	1415
0.020578	1418.1
0.020456	1421.2
0.020334	1424.4
0.020211	1427.5
0.020089	1430.6
0.019968	1433.8
0.019846	1436.9
0.019724	1440
0.019603	1443.2
0.019482	1446.3
0.019361	1449.4
0.01924	1452.6
0.01912	1455.7
0.018999	1458.8
0.018879	1461.9
0.018759	1465.1
0.01864	1468.2
0.01852	1471.3
0.018401	1474.5
0.018282	1477.6
0.018164	1480.7
0.018045	1483.9
0.017927	1487
0.017809	1490.1
0.017692	1493.3
0.017574	1496.4
0.017457	1499.5
0.017341	1502.6
0.017224	1505.8
0.017108	1508.9
0.016992	1512
0.016877	1515.2
0.016762	1518.3
0.016647	1521.4
0.016532	1524.6
0.016418	1527.7
0.016304	1530.8
0.016191	1533.9
0.016078	1537.1
0.015965	1540.2
0.015852	1543.3
0.01574	1546.5
0.015629	1549.6
0.015517	1552.7
0.015406	1555.9
0.015296	1559
0.015185	1562.1
0.015076	1565.3
0.014966	1568.4
0.014857	1571.5
0.014748	1574.6
0.01464	1577.8
0.014532	1580.9
0.014425	1584
0.014318	1587.2
0.014211	1590.3
0.014105	1593.4
0.013999	1596.6
0.013894	1599.7
0.013789	1602.8
0.013684	1605.9
0.01358	1609.1
0.013477	1612.2
0.013373	1615.3
0.01327	1618.5
0.013168	1621.6
0.013066	1624.7
0.012965	1627.9
0.012864	1631
0.012763	1634.1
0.012663	1637.3
0.012563	1640.4
0.012464	1643.5
0.012365	1646.6
0.012267	1649.8
0.012169	1652.9
0.012072	1656
0.011975	1659.2
0.011878	1662.3
0.011782	1665.4
0.011687	1668.6
0.011592	1671.7
0.011497	1674.8
0.011403	1678
0.01131	1681.1
0.011216	1684.2
0.011124	1687.3
0.011032	1690.5
0.01094	1693.6
0.010849	1696.7
0.010758	1699.9
0.010668	1703
0.010578	1706.1
0.010489	1709.3
0.0104	1712.4
0.010311	1715.5
0.010224	1718.6
0.010136	1721.8
0.010049	1724.9
0.0099629	1728
0.009877	1731.2
0.0097916	1734.3
0.0097067	1737.4
0.0096223	1740.6
0.0095383	1743.7
0.0094549	1746.8
0.0093719	1750
0.0092895	1753.1
0.0092075	1756.2
0.009126	1759.3
0.009045	1762.5
0.0089645	1765.6
0.0088844	1768.7
0.0088049	1771.9
0.0087259	1775
0.0086473	1778.1
0.0085692	1781.3
0.0084917	1784.4
0.0084146	1787.5
0.0083379	1790.6
0.0082618	1793.8
0.0081862	1796.9
0.0081111	1800
0.0080364	1803.2
0.0079622	1806.3
0.0078885	1809.4
0.0078153	1812.6
0.0077426	1815.7
0.0076704	1818.8
0.0075986	1822
0.0075274	1825.1
0.0074566	1828.2
0.0073863	1831.3
0.0073164	1834.5
0.0072471	1837.6
0.0071782	1840.7
0.0071098	1843.9
0.0070419	1847
0.0069745	1850.1
0.0069075	1853.3
0.006841	1856.4
0.006775	1859.5
0.0067094	1862.7
0.0066444	1865.8
0.0065797	1868.9
0.0065156	1872
0.0064519	1875.2
0.0063887	1878.3
0.0063259	1881.4
0.0062636	1884.6
0.0062018	1887.7
0.0061404	1890.8
0.0060795	1894
0.006019	1897.1
0.005959	1900.2
0.0058994	1903.3
0.0058403	1906.5
0.0057817	1909.6
0.0057234	1912.7
0.0056657	1915.9
0.0056084	1919
0.0055515	1922.1
0.005495	1925.3
0.005439	1928.4
0.0053835	1931.5
0.0053283	1934.7
0.0052736	1937.8
0.0052194	1940.9
0.0051656	1944
0.0051122	1947.2
0.0050592	1950.3
0.0050066	1953.4
0.0049545	1956.6
0.0049028	1959.7
0.0048516	1962.8
0.0048007	1966
0.0047503	1969.1
0.0047002	1972.2
0.0046506	1975.3
0.0046014	1978.5
0.0045527	1981.6
0.0045043	1984.7
0.0044563	1987.9
0.0044088	1991
0.0043616	1994.1
0.0043148	1997.3
0.0042685	2000.4
0.0042225	2003.5
0.0041769	2006.7
0.0041318	2009.8
0.004087	2012.9
0.0040426	2016
0.0039986	2019.2
0.0039549	2022.3
0.0039117	2025.4
0.0038688	2028.6
0.0038263	2031.7
0.0037842	2034.8
0.0037425	2038
0.0037011	2041.1
0.0036601	2044.2
0.0036195	2047.3
0.0035792	2050.5
0.0035393	2053.6
0.0034998	2056.7
0.0034606	2059.9
0.0034218	2063
0.0033833	2066.1
0.0033452	2069.3
0.0033075	2072.4
0.0032701	2075.5
0.003233	2078.7
0.0031963	2081.8
0.0031599	2084.9
0.0031238	2088
0.0030881	2091.2
0.0030528	2094.3
0.0030177	2097.4
0.002983	2100.6
0.0029487	2103.7
0.0029146	2106.8
0.0028809	2110
0.0028475	2113.1
0.0028144	2116.2
0.0027817	2119.4
0.0027492	2122.5
0.0027171	2125.6
0.0026853	2128.7
0.0026538	2131.9
0.0026226	2135
0.0025917	2138.1
0.0025611	2141.3
0.0025308	2144.4
0.0025008	2147.5
0.0024712	2150.7
0.0024418	2153.8
0.0024127	2156.9
0.0023839	2160
0.0023554	2163.2
0.0023271	2166.3
0.0022992	2169.4
0.0022715	2172.6
0.0022441	2175.7
0.002217	2178.8
0.0021902	2182
0.0021637	2185.1
0.0021374	2188.2
0.0021114	2191.4
0.0020857	2194.5
0.0020602	2197.6
0.002035	2200.7
0.0020101	2203.9
0.0019854	2207
0.001961	2210.1
0.0019368	2213.3
0.0019129	2216.4
0.0018892	2219.5
0.0018658	2222.7
0.0018426	2225.8
0.0018197	2228.9
0.0017971	2232
0.0017746	2235.2
0.0017524	2238.3
0.0017305	2241.4
0.0017088	2244.6
0.0016873	2247.7
0.001666	2250.8
0.001645	2254
0.0016242	2257.1
0.0016037	2260.2
0.0015833	2263.4
0.0015632	2266.5
0.0015433	2269.6
0.0015236	2272.7
0.0015042	2275.9
0.0014849	2279
0.0014659	2282.1
0.0014471	2285.3
0.0014285	2288.4
0.0014101	2291.5
0.0013919	2294.7
0.0013739	2297.8
0.0013561	2300.9
0.0013385	2304.1
0.0013211	2307.2
0.0013039	2310.3
0.0012869	2313.4
0.0012701	2316.6
0.0012535	2319.7
0.001237	2322.8
0.0012208	2326
0.0012048	2329.1
0.0011889	2332.2
0.0011732	2335.4
0.0011577	2338.5
0.0011424	2341.6
0.0011272	2344.7
0.0011123	2347.9
0.0010975	2351
0.0010828	2354.1
0.0010684	2357.3
0.0010541	2360.4
0.00104	2363.5
0.001026	2366.7
0.0010123	2369.8
0.00099865	2372.9
0.00098519	2376.1
0.0009719	2379.2
0.00095876	2382.3
0.00094578	2385.4
0.00093295	2388.6
0.00092028	2391.7
0.00090776	2394.8
0.00089539	2398
0.00088318	2401.1
0.00087111	2404.2
0.00085918	2407.4
0.0008474	2410.5
0.00083576	2413.6
0.00082427	2416.7
0.00081292	2419.9
0.0008017	2423
0.00079063	2426.1
0.00077969	2429.3
0.00076888	2432.4
0.00075821	2435.5
0.00074767	2438.7
0.00073726	2441.8
0.00072698	2444.9
0.00071683	2448.1
0.0007068	2451.2
0.0006969	2454.3
0.00068712	2457.4
0.00067747	2460.6
0.00066794	2463.7
0.00065853	2466.8
0.00064923	2470
0.00064006	2473.1
0.000631	2476.2
0.00062205	2479.4
0.00061322	2482.5
0.0006045	2485.6
0.0005959	2488.8
0.0005874	2491.9
0.00057901	2495
0.00057073	2498.1
0.00056255	2501.3
0.00055448	2504.4
0.00054652	2507.5
0.00053866	2510.7
0.0005309	2513.8
0.00052324	2516.9
0.00051568	2520.1
0.00050822	2523.2
0.00050085	2526.3
0.00049358	2529.4
0.00048641	2532.6
0.00047933	2535.7
0.00047235	2538.8
0.00046545	2542
0.00045865	2545.1
0.00045194	2548.2
0.00044532	2551.4
0.00043878	2554.5
0.00043233	2557.6
0.00042597	2560.8
0.00041969	2563.9
0.0004135	2567
0.00040739	2570.1
0.00040136	2573.3
0.00039541	2576.4
0.00038954	2579.5
0.00038376	2582.7
0.00037804	2585.8
0.00037241	2588.9
0.00036686	2592.1
0.00036137	2595.2
0.00035597	2598.3
0.00035063	2601.4
0.00034537	2604.6
0.00034019	2607.7
0.00033507	2610.8
0.00033002	2614
0.00032505	2617.1
0.00032014	2620.2
0.0003153	2623.4
0.00031052	2626.5
0.00030581	2629.6
0.00030117	2632.8
0.00029659	2635.9
0.00029208	2639
0.00028762	2642.1
0.00028323	2645.3
0.00027891	2648.4
0.00027464	2651.5
0.00027043	2654.7
0.00026628	2657.8
0.00026219	2660.9
0.00025816	2664.1
0.00025418	2667.2
0.00025026	2670.3
0.0002464	2673.5
0.00024259	2676.6
0.00023883	2679.7
0.00023513	2682.8
0.00023148	2686
0.00022788	2689.1
0.00022434	2692.2
0.00022084	2695.4
0.0002174	2698.5
0.000214	2701.6
0.00021066	2704.8
0.00020736	2707.9
0.00020411	2711
0.0002009	2714.1
0.00019775	2717.3
0.00019463	2720.4
0.00019157	2723.5
0.00018854	2726.7
0.00018557	2729.8
0.00018263	2732.9
0.00017974	2736.1
0.00017689	2739.2
0.00017408	2742.3
0.00017131	2745.5
0.00016859	2748.6
0.0001659	2751.7
0.00016326	2754.8
0.00016065	2758
0.00015808	2761.1
0.00015555	2764.2
0.00015305	2767.4
0.0001506	2770.5
0.00014818	2773.6
0.00014579	2776.8
0.00014345	2779.9
0.00014113	2783
0.00013885	2786.1
0.00013661	2789.3
0.0001344	2792.4
0.00013222	2795.5
0.00013007	2798.7
0.00012796	2801.8
0.00012588	2804.9
0.00012383	2808.1
0.00012181	2811.2
0.00011983	2814.3
0.00011787	2817.5
0.00011594	2820.6
0.00011404	2823.7
0.00011217	2826.8
0.00011033	2830
0.00010852	2833.1
0.00010673	2836.2
0.00010497	2839.4
0.00010324	2842.5
0.00010154	2845.6
9.986e-05	2848.8
9.8208e-05	2851.9
9.6581e-05	2855
9.498e-05	2858.2
9.3403e-05	2861.3
9.185e-05	2864.4
9.0322e-05	2867.5
8.8817e-05	2870.7
8.7336e-05	2873.8
8.5878e-05	2876.9
8.4442e-05	2880.1
8.3029e-05	2883.2
8.1638e-05	2886.3
8.0269e-05	2889.5
7.8921e-05	2892.6
7.7595e-05	2895.7
7.6289e-05	2898.8
7.5004e-05	2902
7.3739e-05	2905.1
7.2494e-05	2908.2
7.1269e-05	2911.4
7.0063e-05	2914.5
6.8876e-05	2917.6
6.7709e-05	2920.8
6.6559e-05	2923.9
6.5428e-05	2927
6.4315e-05	2930.2
6.322e-05	2933.3
6.2142e-05	2936.4
6.1081e-05	2939.5
6.0038e-05	2942.7
5.9011e-05	2945.8
5.8001e-05	2948.9
5.7006e-05	2952.1
5.6028e-05	2955.2
5.5066e-05	2958.3
5.4119e-05	2961.5
5.3188e-05	2964.6
5.2271e-05	2967.7
5.1369e-05	2970.8
5.0482e-05	2974
4.961e-05	2977.1
4.8751e-05	2980.2
4.7907e-05	2983.4
4.7076e-05	2986.5
4.6259e-05	2989.6
4.5455e-05	2992.8
4.4664e-05	2995.9
4.3886e-05	2999
4.3121e-05	3002.2
4.2369e-05	3005.3
4.1629e-05	3008.4
4.0901e-05	3011.5
4.0185e-05	3014.7
3.9481e-05	3017.8
3.8788e-05	3020.9
3.8107e-05	3024.1
3.7437e-05	3027.2
3.6778e-05	3030.3
3.6131e-05	3033.5
3.5494e-05	3036.6
3.4867e-05	3039.7
3.4251e-05	3042.9
3.3646e-05	3046
3.305e-05	3049.1
3.2464e-05	3052.2
3.1888e-05	3055.4
3.1322e-05	3058.5
3.0765e-05	3061.6
3.0218e-05	3064.8
2.968e-05	3067.9
2.9151e-05	3071
2.8631e-05	3074.2
2.8119e-05	3077.3
2.7617e-05	3080.4
2.7122e-05	3083.5
2.6636e-05	3086.7
2.6159e-05	3089.8
2.5689e-05	3092.9
2.5228e-05	3096.1
2.4774e-05	3099.2
2.4328e-05	3102.3
2.3889e-05	3105.5
2.3458e-05	3108.6
2.3035e-05	3111.7
2.2619e-05	3114.9
2.2209e-05	3118
2.1807e-05	3121.1
2.1412e-05	3124.2
2.1024e-05	3127.4
2.0642e-05	3130.5
2.0267e-05	3133.6
1.9898e-05	3136.8
1.9535e-05	3139.9
1.9179e-05	3143
1.8829e-05	3146.2
1.8485e-05	3149.3
1.8148e-05	3152.4
1.7815e-05	3155.5
1.7489e-05	3158.7
1.7169e-05	3161.8
1.6854e-05	3164.9
1.6544e-05	3168.1
1.624e-05	3171.2
1.5941e-05	3174.3
1.5647e-05	3177.5
1.5359e-05	3180.6
1.5076e-05	3183.7
1.4797e-05	3186.9
1.4524e-05	3190
1.4255e-05	3193.1
1.3991e-05	3196.2
1.3732e-05	3199.4
1.3477e-05	3202.5
1.3227e-05	3205.6
1.2981e-05	3208.8
1.2739e-05	3211.9
1.2502e-05	3215
1.2269e-05	3218.2
1.204e-05	3221.3
1.1815e-05	3224.4
1.1595e-05	3227.6
1.1378e-05	3230.7
1.1165e-05	3233.8
1.0955e-05	3236.9
1.075e-05	3240.1
1.0548e-05	3243.2
1.035e-05	3246.3
1.0155e-05	3249.5
9.9643e-06	3252.6
9.7766e-06	3255.7
9.5923e-06	3258.9
9.4113e-06	3262
9.2335e-06	3265.1
9.059e-06	3268.2
8.8876e-06	3271.4
8.7193e-06	3274.5
8.5541e-06	3277.6
8.3918e-06	3280.8
8.2325e-06	3283.9
8.0761e-06	3287
7.9225e-06	3290.2
7.7718e-06	3293.3
7.6237e-06	3296.4
7.4784e-06	3299.6
7.3357e-06	3302.7
7.1956e-06	3305.8
7.0581e-06	3308.9
6.9231e-06	3312.1
6.7906e-06	3315.2
6.6605e-06	3318.3
6.5328e-06	3321.5
6.4074e-06	3324.6
6.2844e-06	3327.7
6.1636e-06	3330.9
6.045e-06	3334
5.9287e-06	3337.1
5.8145e-06	3340.2
5.7023e-06	3343.4
5.5923e-06	3346.5
5.4843e-06	3349.6
5.3783e-06	3352.8
5.2743e-06	3355.9
5.1723e-06	3359
5.0721e-06	3362.2
4.9738e-06	3365.3
4.8773e-06	3368.4
4.7826e-06	3371.6
4.6897e-06	3374.7
4.5985e-06	3377.8
4.5091e-06	3380.9
4.4213e-06	3384.1
4.3352e-06	3387.2
4.2507e-06	3390.3
4.1678e-06	3393.5
4.0864e-06	3396.6
4.0066e-06	3399.7
3.9283e-06	3402.9
3.8514e-06	3406
3.7761e-06	3409.1
3.7021e-06	3412.2
3.6296e-06	3415.4
3.5584e-06	3418.5
3.4886e-06	3421.6
3.4201e-06	3424.8
3.3529e-06	3427.9
3.287e-06	3431
3.2224e-06	3434.2
3.159e-06	3437.3
3.0968e-06	3440.4
3.0358e-06	3443.6
2.976e-06	3446.7
2.9173e-06	3449.8
2.8598e-06	3452.9
2.8033e-06	3456.1
2.748e-06	3459.2
2.6937e-06	3462.3
2.6405e-06	3465.5
2.5883e-06	3468.6
2.5371e-06	3471.7
2.4869e-06	3474.9
2.4377e-06	3478
2.3894e-06	3481.1
2.3421e-06	3484.3
2.2957e-06	3487.4
2.2503e-06	3490.5
2.2057e-06	3493.6
2.162e-06	3496.8
2.1191e-06	3499.9
2.0771e-06	3503
2.0359e-06	3506.2
1.9955e-06	3509.3
1.956e-06	3512.4
1.9172e-06	3515.6
1.8791e-06	3518.7
1.8419e-06	3521.8
1.8053e-06	3524.9
1.7696e-06	3528.1
1.7345e-06	3531.2
1.7001e-06	3534.3
1.6664e-06	3537.5
1.6334e-06	3540.6
1.601e-06	3543.7
1.5693e-06	3546.9
1.5383e-06	3550
1.5078e-06	3553.1
1.478e-06	3556.3
1.4488e-06	3559.4
1.4202e-06	3562.5
1.3922e-06	3565.6
1.3647e-06	3568.8
1.3379e-06	3571.9
1.3115e-06	3575
1.2857e-06	3578.2
1.2605e-06	3581.3
1.2357e-06	3584.4
1.2115e-06	3587.6
1.1878e-06	3590.7
1.1646e-06	3593.8
1.1418e-06	3596.9
1.1196e-06	3600.1
1.0978e-06	3603.2
1.0765e-06	3606.3
1.0556e-06	3609.5
1.0352e-06	3612.6
1.0152e-06	3615.7
9.9563e-07	3618.9
9.7649e-07	3622
9.5777e-07	3625.1
9.3945e-07	3628.3
9.2154e-07	3631.4
9.0402e-07	3634.5
8.8689e-07	3637.6
8.7013e-07	3640.8
8.5375e-07	3643.9
8.3773e-07	3647
8.2208e-07	3650.2
8.0678e-07	3653.3
7.9182e-07	3656.4
7.7721e-07	3659.6
7.6294e-07	3662.7
7.49e-07	3665.8
7.3538e-07	3669
7.2208e-07	3672.1
7.091e-07	3675.2
6.9643e-07	3678.3
6.8406e-07	3681.5
6.7199e-07	3684.6
6.6021e-07	3687.7
6.4873e-07	3690.9
6.3753e-07	3694
6.2661e-07	3697.1
6.1597e-07	3700.3
6.056e-07	3703.4
5.955e-07	3706.5
5.8567e-07	3709.6
5.7609e-07	3712.8
5.6677e-07	3715.9
5.577e-07	3719
5.4889e-07	3722.2
5.4031e-07	3725.3
5.3198e-07	3728.4
5.2389e-07	3731.6
5.1603e-07	3734.7
5.0841e-07	3737.8
5.0101e-07	3741
4.9384e-07	3744.1
4.8689e-07	3747.2
4.8017e-07	3750.3
4.7366e-07	3753.5
4.6737e-07	3756.6
4.6128e-07	3759.7
4.5541e-07	3762.9
4.4975e-07	3766
4.4429e-07	3769.1
4.3904e-07	3772.3
4.3399e-07	3775.4
4.2913e-07	3778.5
4.2448e-07	3781.6
4.2001e-07	3784.8
4.1575e-07	3787.9
4.1167e-07	3791
4.0779e-07	3794.2
4.0409e-07	3797.3
4.0058e-07	3800.4
3.9726e-07	3803.6
3.9412e-07	3806.7
3.9117e-07	3809.8
3.8839e-07	3813
3.858e-07	3816.1
3.8339e-07	3819.2
3.8116e-07	3822.3
3.7911e-07	3825.5
3.7724e-07	3828.6
3.7554e-07	3831.7
3.7403e-07	3834.9
3.7268e-07	3838
3.7152e-07	3841.1
3.7053e-07	3844.3
3.6972e-07	3847.4
3.6908e-07	3850.5
3.6862e-07	3853.7
3.6833e-07	3856.8
3.6822e-07	3859.9
3.6828e-07	3863
3.6853e-07	3866.2
3.6894e-07	3869.3
3.6954e-07	3872.4
3.7031e-07	3875.6
3.7126e-07	3878.7
3.7239e-07	3881.8
3.737e-07	3885
3.7519e-07	3888.1
3.7686e-07	3891.2
3.7872e-07	3894.3
3.8076e-07	3897.5
3.8298e-07	3900.6
3.8539e-07	3903.7
3.8799e-07	3906.9
3.9078e-07	3910
