1.4699e-10	0
9.4999e-05	3.1305
0.00019	6.261
0.00028501	9.3915
0.00038002	12.522
0.00047505	15.653
0.00057009	18.783
0.00066514	21.914
0.00076021	25.044
0.0008553	28.175
0.00095042	31.305
0.0010456	34.436
0.0011407	37.566
0.0012359	40.697
0.0013311	43.827
0.0014264	46.958
0.0015217	50.088
0.001617	53.219
0.0017124	56.349
0.0018078	59.48
0.0019032	62.61
0.0019987	65.741
0.0020943	68.871
0.0021898	72.002
0.0022854	75.132
0.0023811	78.263
0.0024767	81.393
0.0025725	84.524
0.0026682	87.654
0.0027641	90.785
0.0028599	93.915
0.0029558	97.046
0.0030517	100.18
0.0031477	103.31
0.0032437	106.44
0.0033398	109.57
0.0034359	112.7
0.003532	115.83
0.0036282	118.96
0.0037244	122.09
0.0038207	125.22
0.003917	128.35
0.0040133	131.48
0.0041097	134.61
0.0042061	137.74
0.0043026	140.87
0.004399	144
0.0044955	147.13
0.0045921	150.26
0.0046887	153.39
0.0047853	156.53
0.0048819	159.66
0.0049786	162.79
0.0050753	165.92
0.005172	169.05
0.0052687	172.18
0.0053654	175.31
0.0054622	178.44
0.005559	181.57
0.0056558	184.7
0.0057526	187.83
0.0058495	190.96
0.0059463	194.09
0.0060432	197.22
0.00614	200.35
0.0062369	203.48
0.0063338	206.61
0.0064307	209.74
0.0065276	212.87
0.0066245	216
0.0067214	219.14
0.0068182	222.27
0.0069151	225.4
0.007012	228.53
0.0071089	231.66
0.0072058	234.79
0.0073027	237.92
0.0073995	241.05
0.0074964	244.18
0.0075932	247.31
0.00769	250.44
0.0077868	253.57
0.0078836	256.7
0.0079804	259.83
0.0080771	262.96
0.0081739	266.09
0.0082706	269.22
0.0083673	272.35
0.0084639	275.48
0.0085605	278.61
0.0086571	281.75
0.0087537	284.88
0.0088502	288.01
0.0089466	291.14
0.0090431	294.27
0.0091395	297.4
0.0092358	300.53
0.0093321	303.66
0.0094283	306.79
0.0095245	309.92
0.0096207	313.05
0.0097167	316.18
0.0098127	319.31
0.0099087	322.44
0.010005	325.57
0.0101	328.7
0.010196	331.83
0.010292	334.96
0.010387	338.09
0.010483	341.22
0.010578	344.36
0.010674	347.49
0.010769	350.62
0.010864	353.75
0.010959	356.88
0.011054	360.01
0.011149	363.14
0.011244	366.27
0.011338	369.4
0.011433	372.53
0.011527	375.66
0.011622	378.79
0.011716	381.92
0.01181	385.05
0.011904	388.18
0.011997	391.31
0.012091	394.44
0.012185	397.57
0.012278	400.7
0.012371	403.84
0.012464	406.97
0.012557	410.1
0.01265	413.23
0.012743	416.36
0.012835	419.49
0.012927	422.62
0.01302	425.75
0.013112	428.88
0.013203	432.01
0.013295	435.14
0.013386	438.27
0.013478	441.4
0.013569	444.53
0.01366	447.66
0.01375	450.79
0.013841	453.92
0.013931	457.05
0.014021	460.18
0.014111	463.31
0.014201	466.45
0.01429	469.58
0.01438	472.71
0.014469	475.84
0.014558	478.97
0.014646	482.1
0.014735	485.23
0.014823	488.36
0.014911	491.49
0.014999	494.62
0.015086	497.75
0.015174	500.88
0.015261	504.01
0.015348	507.14
0.015434	510.27
0.01552	513.4
0.015607	516.53
0.015692	519.66
0.015778	522.79
0.015863	525.92
0.015949	529.06
0.016033	532.19
0.016118	535.32
0.016202	538.45
0.016287	541.58
0.01637	544.71
0.016454	547.84
0.016537	550.97
0.01662	554.1
0.016703	557.23
0.016785	560.36
0.016868	563.49
0.01695	566.62
0.017031	569.75
0.017113	572.88
0.017194	576.01
0.017275	579.14
0.017355	582.27
0.017435	585.4
0.017515	588.53
0.017595	591.67
0.017674	594.8
0.017753	597.93
0.017832	601.06
0.017911	604.19
0.017989	607.32
0.018067	610.45
0.018144	613.58
0.018222	616.71
0.018299	619.84
0.018375	622.97
0.018452	626.1
0.018528	629.23
0.018604	632.36
0.018679	635.49
0.018754	638.62
0.018829	641.75
0.018903	644.88
0.018978	648.01
0.019051	651.14
0.019125	654.28
0.019198	657.41
0.019271	660.54
0.019344	663.67
0.019416	666.8
0.019488	669.93
0.019559	673.06
0.019631	676.19
0.019701	679.32
0.019772	682.45
0.019842	685.58
0.019912	688.71
0.019982	691.84
0.020051	694.97
0.02012	698.1
0.020188	701.23
0.020256	704.36
0.020324	707.49
0.020392	710.62
0.020459	713.76
0.020526	716.89
0.020592	720.02
0.020658	723.15
0.020724	726.28
0.020789	729.41
0.020854	732.54
0.020919	735.67
0.020983	738.8
0.021047	741.93
0.021111	745.06
0.021174	748.19
0.021237	751.32
0.0213	754.45
0.021362	757.58
0.021424	760.71
0.021485	763.84
0.021546	766.97
0.021607	770.1
0.021667	773.23
0.021727	776.37
0.021786	779.5
0.021846	782.63
0.021904	785.76
0.021963	788.89
0.022021	792.02
0.022079	795.15
0.022136	798.28
0.022193	801.41
0.022249	804.54
0.022305	807.67
0.022361	810.8
0.022417	813.93
0.022471	817.06
0.022526	820.19
0.02258	823.32
0.022634	826.45
0.022688	829.58
0.022741	832.71
0.022793	835.84
0.022846	838.98
0.022897	842.11
0.022949	845.24
0.023	848.37
0.023051	851.5
0.023101	854.63
0.023151	857.76
0.0232	860.89
0.023249	864.02
0.023298	867.15
0.023346	870.28
0.023394	873.41
0.023442	876.54
0.023489	879.67
0.023535	882.8
0.023582	885.93
0.023627	889.06
0.023673	892.19
0.023718	895.32
0.023762	898.45
0.023807	901.59
0.02385	904.72
0.023894	907.85
0.023937	910.98
0.023979	914.11
0.024022	917.24
0.024063	920.37
0.024105	923.5
0.024146	926.63
0.024186	929.76
0.024226	932.89
0.024266	936.02
0.024305	939.15
0.024344	942.28
0.024382	945.41
0.024421	948.54
0.024458	951.67
0.024495	954.8
0.024532	957.93
0.024569	961.06
0.024604	964.2
0.02464	967.33
0.024675	970.46
0.02471	973.59
0.024744	976.72
0.024778	979.85
0.024812	982.98
0.024845	986.11
0.024877	989.24
0.024909	992.37
0.024941	995.5
0.024973	998.63
0.025004	1001.8
0.025034	1004.9
0.025064	1008
0.025094	1011.2
0.025123	1014.3
0.025152	1017.4
0.025181	1020.5
0.025209	1023.7
0.025236	1026.8
0.025264	1029.9
0.02529	1033.1
0.025317	1036.2
0.025343	1039.3
0.025368	1042.5
0.025393	1045.6
0.025418	1048.7
0.025443	1051.8
0.025466	1055
0.02549	1058.1
0.025513	1061.2
0.025536	1064.4
0.025558	1067.5
0.02558	1070.6
0.025601	1073.8
0.025622	1076.9
0.025643	1080
0.025663	1083.2
0.025683	1086.3
0.025703	1089.4
0.025722	1092.5
0.02574	1095.7
0.025758	1098.8
0.025776	1101.9
0.025794	1105.1
0.025811	1108.2
0.025827	1111.3
0.025843	1114.5
0.025859	1117.6
0.025874	1120.7
0.025889	1123.9
0.025904	1127
0.025918	1130.1
0.025932	1133.2
0.025945	1136.4
0.025958	1139.5
0.025971	1142.6
0.025983	1145.8
0.025995	1148.9
0.026006	1152
0.026017	1155.2
0.026028	1158.3
0.026038	1161.4
0.026048	1164.5
0.026058	1167.7
0.026067	1170.8
0.026075	1173.9
0.026084	1177.1
0.026092	1180.2
0.026099	1183.3
0.026106	1186.5
0.026113	1189.6
0.026119	1192.7
0.026125	1195.9
0.026131	1199
0.026136	1202.1
0.026141	1205.2
0.026146	1208.4
0.02615	1211.5
0.026153	1214.6
0.026157	1217.8
0.02616	1220.9
0.026162	1224
0.026165	1227.2
0.026166	1230.3
0.026168	1233.4
0.026169	1236.5
0.02617	1239.7
0.02617	1242.8
0.02617	1245.9
0.02617	1249.1
0.026169	1252.2
0.026168	1255.3
0.026167	1258.5
0.026165	1261.6
0.026163	1264.7
0.02616	1267.9
0.026157	1271
0.026154	1274.1
0.026151	1277.2
0.026147	1280.4
0.026143	1283.5
0.026138	1286.6
0.026133	1289.8
0.026128	1292.9
0.026122	1296
0.026116	1299.2
0.02611	1302.3
0.026103	1305.4
0.026096	1308.6
0.026089	1311.7
0.026081	1314.8
0.026073	1317.9
0.026064	1321.1
0.026056	1324.2
0.026047	1327.3
0.026037	1330.5
0.026028	1333.6
0.026017	1336.7
0.026007	1339.9
0.025996	1343
0.025985	1346.1
0.025974	1349.2
0.025962	1352.4
0.02595	1355.5
0.025938	1358.6
0.025925	1361.8
0.025912	1364.9
0.025899	1368
0.025885	1371.2
0.025871	1374.3
0.025857	1377.4
0.025843	1380.6
0.025828	1383.7
0.025813	1386.8
0.025797	1389.9
0.025781	1393.1
0.025765	1396.2
0.025749	1399.3
0.025732	1402.5
0.025715	1405.6
0.025698	1408.7
0.02568	1411.9
0.025662	1415
0.025644	1418.1
0.025626	1421.2
0.025607	1424.4
0.025588	1427.5
0.025568	1430.6
0.025549	1433.8
0.025529	1436.9
0.025508	1440
0.025488	1443.2
0.025467	1446.3
0.025446	1449.4
0.025425	1452.6
0.025403	1455.7
0.025381	1458.8
0.025359	1461.9
0.025336	1465.1
0.025313	1468.2
0.02529	1471.3
0.025267	1474.5
0.025244	1477.6
0.02522	1480.7
0.025196	1483.9
0.025171	1487
0.025146	1490.1
0.025122	1493.3
0.025096	1496.4
0.025071	1499.5
0.025045	1502.6
0.025019	1505.8
0.024993	1508.9
0.024967	1512
0.02494	1515.2
0.024913	1518.3
0.024886	1521.4
0.024858	1524.6
0.02483	1527.7
0.024802	1530.8
0.024774	1533.9
0.024746	1537.1
0.024717	1540.2
0.024688	1543.3
0.024659	1546.5
0.024629	1549.6
0.0246	1552.7
0.02457	1555.9
0.02454	1559
0.024509	1562.1
0.024479	1565.3
0.024448	1568.4
0.024417	1571.5
0.024386	1574.6
0.024354	1577.8
0.024322	1580.9
0.024291	1584
0.024258	1587.2
0.024226	1590.3
0.024193	1593.4
0.024161	1596.6
0.024128	1599.7
0.024094	1602.8
0.024061	1605.9
0.024027	1609.1
0.023993	1612.2
0.023959	1615.3
0.023925	1618.5
0.02389	1621.6
0.023856	1624.7
0.023821	1627.9
0.023786	1631
0.02375	1634.1
0.023715	1637.3
0.023679	1640.4
0.023643	1643.5
0.023607	1646.6
0.023571	1649.8
0.023535	1652.9
0.023498	1656
0.023461	1659.2
0.023424	1662.3
0.023387	1665.4
0.023349	1668.6
0.023312	1671.7
0.023274	1674.8
0.023236	1678
0.023198	1681.1
0.02316	1684.2
0.023121	1687.3
0.023083	1690.5
0.023044	1693.6
0.023005	1696.7
0.022966	1699.9
0.022927	1703
0.022887	1706.1
0.022848	1709.3
0.022808	1712.4
0.022768	1715.5
0.022728	1718.6
0.022687	1721.8
0.022647	1724.9
0.022606	1728
0.022566	1731.2
0.022525	1734.3
0.022484	1737.4
0.022443	1740.6
0.022401	1743.7
0.02236	1746.8
0.022318	1750
0.022277	1753.1
0.022235	1756.2
0.022193	1759.3
0.02215	1762.5
0.022108	1765.6
0.022066	1768.7
0.022023	1771.9
0.02198	1775
0.021937	1778.1
0.021894	1781.3
0.021851	1784.4
0.021808	1787.5
0.021765	1790.6
0.021721	1793.8
0.021678	1796.9
0.021634	1800
0.02159	1803.2
0.021546	1806.3
0.021502	1809.4
0.021458	1812.6
0.021413	1815.7
0.021369	1818.8
0.021324	1822
0.02128	1825.1
0.021235	1828.2
0.02119	1831.3
0.021145	1834.5
0.0211	1837.6
0.021055	1840.7
0.02101	1843.9
0.020964	1847
0.020919	1850.1
0.020873	1853.3
0.020828	1856.4
0.020782	1859.5
0.020736	1862.7
0.02069	1865.8
0.020644	1868.9
0.020598	1872
0.020551	1875.2
0.020505	1878.3
0.020459	1881.4
0.020412	1884.6
0.020366	1887.7
0.020319	1890.8
0.020272	1894
0.020225	1897.1
0.020179	1900.2
0.020132	1903.3
0.020085	1906.5
0.020037	1909.6
0.01999	1912.7
0.019943	1915.9
0.019896	1919
0.019848	1922.1
0.019801	1925.3
0.019753	1928.4
0.019706	1931.5
0.019658	1934.7
0.01961	1937.8
0.019563	1940.9
0.019515	1944
0.019467	1947.2
0.019419	1950.3
0.019371	1953.4
0.019323	1956.6
0.019275	1959.7
0.019226	1962.8
0.019178	1966
0.01913	1969.1
0.019082	1972.2
0.019033	1975.3
0.018985	1978.5
0.018936	1981.6
0.018888	1984.7
0.018839	1987.9
0.018791	1991
0.018742	1994.1
0.018694	1997.3
0.018645	2000.4
0.018596	2003.5
0.018547	2006.7
0.018499	2009.8
0.01845	2012.9
0.018401	2016
0.018352	2019.2
0.018303	2022.3
0.018254	2025.4
0.018205	2028.6
0.018156	2031.7
0.018107	2034.8
0.018058	2038
0.018009	2041.1
0.01796	2044.2
0.017911	2047.3
0.017862	2050.5
0.017813	2053.6
0.017763	2056.7
0.017714	2059.9
0.017665	2063
0.017616	2066.1
0.017567	2069.3
0.017518	2072.4
0.017468	2075.5
0.017419	2078.7
0.01737	2081.8
0.017321	2084.9
0.017271	2088
0.017222	2091.2
0.017173	2094.3
0.017124	2097.4
0.017074	2100.6
0.017025	2103.7
0.016976	2106.8
0.016927	2110
0.016877	2113.1
0.016828	2116.2
0.016779	2119.4
0.01673	2122.5
0.01668	2125.6
0.016631	2128.7
0.016582	2131.9
0.016533	2135
0.016484	2138.1
0.016435	2141.3
0.016385	2144.4
0.016336	2147.5
0.016287	2150.7
0.016238	2153.8
0.016189	2156.9
0.01614	2160
0.016091	2163.2
0.016042	2166.3
0.015993	2169.4
0.015944	2172.6
0.015895	2175.7
0.015846	2178.8
0.015797	2182
0.015748	2185.1
0.015699	2188.2
0.015651	2191.4
0.015602	2194.5
0.015553	2197.6
0.015504	2200.7
0.015456	2203.9
0.015407	2207
0.015358	2210.1
0.01531	2213.3
0.015261	2216.4
0.015213	2219.5
0.015164	2222.7
0.015116	2225.8
0.015068	2228.9
0.015019	2232
0.014971	2235.2
0.014923	2238.3
0.014874	2241.4
0.014826	2244.6
0.014778	2247.7
0.01473	2250.8
0.014682	2254
0.014634	2257.1
0.014586	2260.2
0.014538	2263.4
0.01449	2266.5
0.014442	2269.6
0.014395	2272.7
0.014347	2275.9
0.014299	2279
0.014252	2282.1
0.014204	2285.3
0.014157	2288.4
0.014109	2291.5
0.014062	2294.7
0.014015	2297.8
0.013967	2300.9
0.01392	2304.1
0.013873	2307.2
0.013826	2310.3
0.013779	2313.4
0.013732	2316.6
0.013685	2319.7
0.013638	2322.8
0.013591	2326
0.013545	2329.1
0.013498	2332.2
0.013452	2335.4
0.013405	2338.5
0.013359	2341.6
0.013312	2344.7
0.013266	2347.9
0.01322	2351
0.013174	2354.1
0.013127	2357.3
0.013081	2360.4
0.013036	2363.5
0.01299	2366.7
0.012944	2369.8
0.012898	2372.9
0.012852	2376.1
0.012807	2379.2
0.012761	2382.3
0.012716	2385.4
0.012671	2388.6
0.012625	2391.7
0.01258	2394.8
0.012535	2398
0.01249	2401.1
0.012445	2404.2
0.0124	2407.4
0.012355	2410.5
0.012311	2413.6
0.012266	2416.7
0.012221	2419.9
0.012177	2423
0.012133	2426.1
0.012088	2429.3
0.012044	2432.4
0.012	2435.5
0.011956	2438.7
0.011912	2441.8
0.011868	2444.9
0.011824	2448.1
0.011781	2451.2
0.011737	2454.3
0.011693	2457.4
0.01165	2460.6
0.011607	2463.7
0.011563	2466.8
0.01152	2470
0.011477	2473.1
0.011434	2476.2
0.011391	2479.4
0.011348	2482.5
0.011306	2485.6
0.011263	2488.8
0.011221	2491.9
0.011178	2495
0.011136	2498.1
0.011094	2501.3
0.011052	2504.4
0.011009	2507.5
0.010968	2510.7
0.010926	2513.8
0.010884	2516.9
0.010842	2520.1
0.010801	2523.2
0.010759	2526.3
0.010718	2529.4
0.010677	2532.6
0.010635	2535.7
0.010594	2538.8
0.010553	2542
0.010513	2545.1
0.010472	2548.2
0.010431	2551.4
0.010391	2554.5
0.01035	2557.6
0.01031	2560.8
0.010269	2563.9
0.010229	2567
0.010189	2570.1
0.010149	2573.3
0.010109	2576.4
0.01007	2579.5
0.01003	2582.7
0.0099906	2585.8
0.0099511	2588.9
0.0099118	2592.1
0.0098726	2595.2
0.0098335	2598.3
0.0097945	2601.4
0.0097556	2604.6
0.0097168	2607.7
0.0096781	2610.8
0.0096395	2614
0.0096011	2617.1
0.0095627	2620.2
0.0095244	2623.4
0.0094863	2626.5
0.0094482	2629.6
0.0094103	2632.8
0.0093725	2635.9
0.0093348	2639
0.0092972	2642.1
0.0092597	2645.3
0.0092223	2648.4
0.009185	2651.5
0.0091479	2654.7
0.0091108	2657.8
0.0090739	2660.9
0.009037	2664.1
0.0090003	2667.2
0.0089637	2670.3
0.0089272	2673.5
0.0088908	2676.6
0.0088545	2679.7
0.0088184	2682.8
0.0087823	2686
0.0087464	2689.1
0.0087106	2692.2
0.0086748	2695.4
0.0086392	2698.5
0.0086037	2701.6
0.0085684	2704.8
0.0085331	2707.9
0.0084979	2711
0.0084629	2714.1
0.008428	2717.3
0.0083932	2720.4
0.0083585	2723.5
0.0083239	2726.7
0.0082894	2729.8
0.0082551	2732.9
0.0082208	2736.1
0.0081867	2739.2
0.0081527	2742.3
0.0081188	2745.5
0.008085	2748.6
0.0080513	2751.7
0.0080178	2754.8
0.0079844	2758
0.007951	2761.1
0.0079178	2764.2
0.0078847	2767.4
0.0078518	2770.5
0.0078189	2773.6
0.0077861	2776.8
0.0077535	2779.9
0.007721	2783
0.0076886	2786.1
0.0076563	2789.3
0.0076242	2792.4
0.0075921	2795.5
0.0075602	2798.7
0.0075284	2801.8
0.0074967	2804.9
0.0074651	2808.1
0.0074336	2811.2
0.0074022	2814.3
0.007371	2817.5
0.0073399	2820.6
0.0073089	2823.7
0.007278	2826.8
0.0072472	2830
0.0072166	2833.1
0.007186	2836.2
0.0071556	2839.4
0.0071253	2842.5
0.0070951	2845.6
0.0070651	2848.8
0.0070351	2851.9
0.0070053	2855
0.0069756	2858.2
0.006946	2861.3
0.0069165	2864.4
0.0068871	2867.5
0.0068579	2870.7
0.0068287	2873.8
0.0067997	2876.9
0.0067708	2880.1
0.006742	2883.2
0.0067134	2886.3
0.0066848	2889.5
0.0066564	2892.6
0.0066281	2895.7
0.0065999	2898.8
0.0065718	2902
0.0065438	2905.1
0.006516	2908.2
0.0064883	2911.4
0.0064606	2914.5
0.0064332	2917.6
0.0064058	2920.8
0.0063785	2923.9
0.0063514	2927
0.0063243	2930.2
0.0062974	2933.3
0.0062706	2936.4
0.0062439	2939.5
0.0062174	2942.7
0.0061909	2945.8
0.0061646	2948.9
0.0061384	2952.1
0.0061123	2955.2
0.0060863	2958.3
0.0060605	2961.5
0.0060347	2964.6
0.0060091	2967.7
0.0059836	2970.8
0.0059582	2974
0.0059329	2977.1
0.0059077	2980.2
0.0058827	2983.4
0.0058577	2986.5
0.0058329	2989.6
0.0058082	2992.8
0.0057836	2995.9
0.0057591	2999
0.0057348	3002.2
0.0057105	3005.3
0.0056864	3008.4
0.0056624	3011.5
0.0056385	3014.7
0.0056147	3017.8
0.005591	3020.9
0.0055675	3024.1
0.005544	3027.2
0.0055207	3030.3
0.0054975	3033.5
0.0054744	3036.6
0.0054514	3039.7
0.0054286	3042.9
0.0054058	3046
0.0053832	3049.1
0.0053607	3052.2
0.0053383	3055.4
0.005316	3058.5
0.0052938	3061.6
0.0052717	3064.8
0.0052498	3067.9
0.005228	3071
0.0052062	3074.2
0.0051846	3077.3
0.0051631	3080.4
0.0051418	3083.5
0.0051205	3086.7
0.0050993	3089.8
0.0050783	3092.9
0.0050574	3096.1
0.0050365	3099.2
0.0050158	3102.3
0.0049953	3105.5
0.0049748	3108.6
0.0049544	3111.7
0.0049342	3114.9
0.004914	3118
0.004894	3121.1
0.0048741	3124.2
0.0048543	3127.4
0.0048346	3130.5
0.004815	3133.6
0.0047956	3136.8
0.0047762	3139.9
0.004757	3143
0.0047378	3146.2
0.0047188	3149.3
0.0046999	3152.4
0.0046811	3155.5
0.0046624	3158.7
0.0046438	3161.8
0.0046254	3164.9
0.004607	3168.1
0.0045888	3171.2
0.0045707	3174.3
0.0045526	3177.5
0.0045347	3180.6
0.0045169	3183.7
0.0044992	3186.9
0.0044817	3190
0.0044642	3193.1
0.0044468	3196.2
0.0044296	3199.4
0.0044125	3202.5
0.0043954	3205.6
0.0043785	3208.8
0.0043617	3211.9
0.004345	3215
0.0043284	3218.2
0.0043119	3221.3
0.0042956	3224.4
0.0042793	3227.6
0.0042631	3230.7
0.0042471	3233.8
0.0042312	3236.9
0.0042153	3240.1
0.0041996	3243.2
0.004184	3246.3
0.0041685	3249.5
0.0041531	3252.6
0.0041378	3255.7
0.0041227	3258.9
0.0041076	3262
0.0040926	3265.1
0.0040778	3268.2
0.004063	3271.4
0.0040484	3274.5
0.0040339	3277.6
0.0040194	3280.8
0.0040051	3283.9
0.0039909	3287
0.0039768	3290.2
0.0039628	3293.3
0.0039489	3296.4
0.0039352	3299.6
0.0039215	3302.7
0.0039079	3305.8
0.0038945	3308.9
0.0038811	3312.1
0.0038679	3315.2
0.0038547	3318.3
0.0038417	3321.5
0.0038288	3324.6
0.003816	3327.7
0.0038032	3330.9
0.0037906	3334
0.0037781	3337.1
0.0037657	3340.2
0.0037535	3343.4
0.0037413	3346.5
0.0037292	3349.6
0.0037172	3352.8
0.0037054	3355.9
0.0036936	3359
0.0036819	3362.2
0.0036704	3365.3
0.003659	3368.4
0.0036476	3371.6
0.0036364	3374.7
0.0036253	3377.8
0.0036142	3380.9
0.0036033	3384.1
0.0035925	3387.2
0.0035818	3390.3
0.0035712	3393.5
0.0035607	3396.6
0.0035503	3399.7
0.00354	3402.9
0.0035299	3406
0.0035198	3409.1
0.0035098	3412.2
0.0035	3415.4
0.0034902	3418.5
0.0034805	3421.6
0.003471	3424.8
0.0034615	3427.9
0.0034522	3431
0.003443	3434.2
0.0034338	3437.3
0.0034248	3440.4
0.0034159	3443.6
0.0034071	3446.7
0.0033984	3449.8
0.0033898	3452.9
0.0033813	3456.1
0.0033729	3459.2
0.0033646	3462.3
0.0033564	3465.5
0.0033483	3468.6
0.0033403	3471.7
0.0033324	3474.9
0.0033247	3478
0.003317	3481.1
0.0033094	3484.3
0.003302	3487.4
0.0032946	3490.5
0.0032874	3493.6
0.0032802	3496.8
0.0032732	3499.9
0.0032663	3503
0.0032594	3506.2
0.0032527	3509.3
0.0032461	3512.4
0.0032396	3515.6
0.0032332	3518.7
0.0032269	3521.8
0.0032207	3524.9
0.0032146	3528.1
0.0032086	3531.2
0.0032027	3534.3
0.0031969	3537.5
0.0031912	3540.6
0.0031857	3543.7
0.0031802	3546.9
0.0031749	3550
0.0031696	3553.1
0.0031645	3556.3
0.0031594	3559.4
0.0031545	3562.5
0.0031496	3565.6
0.0031449	3568.8
0.0031403	3571.9
0.0031358	3575
0.0031314	3578.2
0.0031271	3581.3
0.0031229	3584.4
0.0031188	3587.6
0.0031148	3590.7
0.0031109	3593.8
0.0031072	3596.9
0.0031035	3600.1
0.0030999	3603.2
0.0030965	3606.3
0.0030931	3609.5
0.0030899	3612.6
0.0030868	3615.7
0.0030838	3618.9
0.0030809	3622
0.003078	3625.1
0.0030753	3628.3
0.0030728	3631.4
0.0030703	3634.5
0.0030679	3637.6
0.0030656	3640.8
0.0030635	3643.9
0.0030614	3647
0.0030595	3650.2
0.0030577	3653.3
0.0030559	3656.4
0.0030543	3659.6
0.0030528	3662.7
0.0030514	3665.8
0.0030502	3669
0.003049	3672.1
0.0030479	3675.2
0.003047	3678.3
0.0030461	3681.5
0.0030454	3684.6
0.0030448	3687.7
0.0030443	3690.9
0.0030439	3694
0.0030436	3697.1
0.0030434	3700.3
0.0030434	3703.4
0.0030434	3706.5
0.0030436	3709.6
0.0030439	3712.8
0.0030443	3715.9
0.0030448	3719
0.0030454	3722.2
0.0030461	3725.3
0.003047	3728.4
0.003048	3731.6
0.003049	3734.7
0.0030502	3737.8
0.0030515	3741
0.003053	3744.1
0.0030545	3747.2
0.0030562	3750.3
0.0030579	3753.5
0.0030598	3756.6
0.0030618	3759.7
0.003064	3762.9
0.0030662	3766
0.0030686	3769.1
0.003071	3772.3
0.0030736	3775.4
0.0030764	3778.5
0.0030792	3781.6
0.0030822	3784.8
0.0030852	3787.9
0.0030884	3791
0.0030918	3794.2
0.0030952	3797.3
0.0030988	3800.4
0.0031024	3803.6
0.0031062	3806.7
0.0031102	3809.8
0.0031142	3813
0.0031184	3816.1
0.0031227	3819.2
0.0031271	3822.3
0.0031317	3825.5
0.0031364	3828.6
0.0031412	3831.7
0.0031461	3834.9
0.0031511	3838
0.0031563	3841.1
0.0031616	3844.3
0.0031671	3847.4
0.0031726	3850.5
0.0031783	3853.7
0.0031841	3856.8
0.0031901	3859.9
0.0031962	3863
0.0032024	3866.2
0.0032087	3869.3
0.0032152	3872.4
0.0032218	3875.6
0.0032286	3878.7
0.0032354	3881.8
0.0032425	3885
0.0032496	3888.1
0.0032569	3891.2
0.0032643	3894.3
0.0032719	3897.5
0.0032795	3900.6
0.0032874	3903.7
0.0032953	3906.9
0.0033034	3910
