-1.6902e-16	0
0.00044396	20.05
0.00088912	40.1
0.0013367	60.15
0.0017878	80.201
0.0022435	100.25
0.0027049	120.3
0.0031729	140.35
0.0036483	160.4
0.0041319	180.45
0.0046245	200.5
0.0051263	220.55
0.0056374	240.6
0.0061575	260.65
0.0066859	280.7
0.0072217	300.75
0.0077638	320.8
0.0083109	340.85
0.0088617	360.9
0.0094148	380.95
0.0099692	401
0.010523	421.05
0.011077	441.1
0.011628	461.15
0.012176	481.2
0.012687	500
0.012721	501.25
0.013262	521.3
0.013797	541.35
0.014327	561.4
0.014851	581.45
0.015369	601.5
0.015879	621.55
0.016381	641.6
0.016874	661.65
0.017359	681.7
0.017835	701.75
0.0183	721.8
0.018755	741.85
0.019199	761.9
0.019632	781.95
0.020053	802.01
0.020462	822.06
0.020858	842.11
0.021242	862.16
0.021612	882.21
0.021969	902.26
0.022312	922.31
0.022642	942.36
0.022957	962.41
0.023258	982.46
0.023544	1002.5
0.023815	1022.6
0.024071	1042.6
0.024312	1062.7
0.024538	1082.7
0.024749	1102.8
0.024944	1122.8
0.025124	1142.9
0.025289	1162.9
0.025438	1183
0.025571	1203
0.025689	1223.1
0.025792	1243.1
0.025879	1263.2
0.025951	1283.2
0.026008	1303.3
0.026049	1323.3
0.026076	1343.4
0.026088	1363.4
0.026086	1383.5
0.026069	1403.5
0.026038	1423.6
0.025993	1443.6
0.025934	1463.7
0.025862	1483.7
0.025777	1503.8
0.025678	1523.8
0.025567	1543.9
0.025444	1563.9
0.025308	1584
0.025161	1604
0.025003	1624.1
0.024833	1644.1
0.024653	1664.2
0.024463	1684.2
0.024262	1704.3
0.024052	1724.3
0.023833	1744.4
0.023605	1764.4
0.023369	1784.5
0.023125	1804.5
0.022873	1824.6
0.022614	1844.6
0.022348	1864.7
0.022076	1884.7
0.021798	1904.8
0.021515	1924.8
0.021226	1944.9
0.020932	1964.9
0.020634	1985
0.020332	2005
0.020027	2025.1
0.019718	2045.1
0.019406	2065.2
0.019092	2085.2
0.018776	2105.3
0.018457	2125.3
0.018137	2145.4
0.017817	2165.4
0.017495	2185.5
0.017172	2205.5
0.01685	2225.6
0.016527	2245.6
0.016205	2265.7
0.015884	2285.7
0.015563	2305.8
0.015244	2325.8
0.014926	2345.9
0.014609	2365.9
0.014294	2386
0.013982	2406
0.013672	2426.1
0.013364	2446.1
0.013058	2466.2
0.012756	2486.2
0.012456	2506.3
0.01216	2526.3
0.011867	2546.4
0.011577	2566.4
0.011291	2586.5
0.011008	2606.5
0.010729	2626.6
0.010454	2646.6
0.010183	2666.7
0.0099162	2686.7
0.0096532	2706.8
0.0093945	2726.8
0.0091399	2746.9
0.0088896	2766.9
0.0086436	2787
0.008402	2807
0.0081648	2827.1
0.007932	2847.1
0.0077037	2867.2
0.0074798	2887.2
0.0072604	2907.3
0.0070454	2927.3
0.0068349	2947.4
0.0066288	2967.4
0.0064272	2987.5
0.00623	3007.5
0.0060372	3027.6
0.0058488	3047.6
0.0056648	3067.7
0.0054851	3087.7
0.0053096	3107.8
0.0051384	3127.8
0.0049715	3147.9
0.0048086	3167.9
0.0046499	3188
0.0044953	3208
0.0043447	3228.1
0.004198	3248.1
0.0040553	3268.2
0.0039164	3288.2
0.0037813	3308.3
0.0036499	3328.3
0.0035222	3348.4
0.0033981	3368.4
0.0032776	3388.5
0.0031605	3408.5
0.0030469	3428.6
0.0029366	3448.6
0.0028296	3468.7
0.0027259	3488.7
0.0026252	3508.8
0.0025277	3528.8
0.0024332	3548.9
0.0023417	3568.9
0.002253	3589
0.0021672	3609
0.0020841	3629.1
0.0020037	3649.1
0.0019259	3669.2
0.0018507	3689.2
0.001778	3709.3
0.0017078	3729.3
0.0016399	3749.4
0.0015743	3769.4
0.0015109	3789.5
0.0014498	3809.5
0.0013907	3829.6
0.0013338	3849.6
0.0012788	3869.7
0.0012258	3889.7
0.0011747	3909.8
0.0011254	3929.8
0.0010779	3949.9
0.0010321	3969.9
0.000988	3990
0.00094553	4010
0.00090462	4030.1
0.00086523	4050.1
0.00082732	4070.2
0.00079083	4090.2
0.00075573	4110.3
0.00072195	4130.3
0.00068946	4150.4
0.00065821	4170.4
0.00062816	4190.5
0.00059927	4210.5
0.00057149	4230.6
0.00054479	4250.6
0.00051912	4270.7
0.00049446	4290.7
0.00047075	4310.8
0.00044796	4330.8
0.00042606	4350.9
0.00040502	4370.9
0.00038479	4391
0.00036536	4411
0.00034667	4431.1
0.00032871	4451.1
0.00031144	4471.2
0.00029483	4491.2
0.00027886	4511.3
0.00026348	4531.3
0.00024869	4551.4
0.00023444	4571.4
0.00022072	4591.5
0.00020749	4611.5
0.00019473	4631.6
0.0001895	4640
