5.4886e-07	0
0.00038586	4.3715
0.00077111	8.743
0.0011562	13.114
0.0015412	17.486
0.001926	21.857
0.0023105	26.229
0.0026947	30.6
0.0030785	34.972
0.0034619	39.343
0.0038449	43.715
0.0042274	48.086
0.0046094	52.458
0.0049908	56.829
0.0053716	61.201
0.0057518	65.572
0.0061313	69.944
0.0065101	74.315
0.0068881	78.687
0.0072653	83.058
0.0076416	87.43
0.008017	91.801
0.0083915	96.173
0.0087649	100.54
0.0091372	104.92
0.0095083	109.29
0.0098782	113.66
0.010247	118.03
0.010613	122.4
0.010979	126.77
0.011342	131.14
0.011702	135.52
0.01206	139.89
0.012415	144.26
0.012766	148.63
0.013113	153
0.013454	157.37
0.01379	161.75
0.014118	166.12
0.01444	170.49
0.014752	174.86
0.015054	179.23
0.015346	183.6
0.015625	187.97
0.015891	192.35
0.016142	196.72
0.016376	201.09
0.016594	205.46
0.016792	209.83
0.016971	214.2
0.017128	218.57
0.017262	222.95
0.017373	227.32
0.017458	231.69
0.017518	236.06
0.017551	240.43
0.017556	244.8
0.017532	249.18
0.017479	253.55
0.017396	257.92
0.017282	262.29
0.017137	266.66
0.01696	271.03
0.016752	275.4
0.016513	279.78
0.016241	284.15
0.015939	288.52
0.015604	292.89
0.015239	297.26
0.014843	301.63
0.014416	306
0.01396	310.38
0.013475	314.75
0.012962	319.12
0.012421	323.49
0.011854	327.86
0.011262	332.23
0.010645	336.61
0.010006	340.98
0.0093447	345.35
0.008663	349.72
0.0079622	354.09
0.0072438	358.46
0.0065093	362.83
0.0057603	367.21
0.0049984	371.58
0.0042253	375.95
0.0034427	380.32
0.0026522	384.69
0.0018557	389.06
0.001055	393.43
0.0002519	397.81
-0.00055179	402.18
-0.0013542	406.55
-0.0021535	410.92
-0.0029478	415.29
-0.0037352	419.66
-0.0045139	424.04
-0.0052821	428.41
-0.0060378	432.78
-0.0067794	437.15
-0.0075049	441.52
-0.0082127	445.89
-0.008901	450.26
-0.0095682	454.64
-0.010213	459.01
-0.010832	463.38
-0.011426	467.75
-0.011993	472.12
-0.012531	476.49
-0.013038	480.86
-0.013514	485.24
-0.013957	489.61
-0.014366	493.98
-0.01474	498.35
-0.015078	502.72
-0.015379	507.09
-0.015643	511.47
-0.015868	515.84
-0.016054	520.21
-0.0162	524.58
-0.016306	528.95
-0.016372	533.32
-0.016397	537.69
-0.016382	542.07
-0.016325	546.44
-0.016228	550.81
-0.01609	555.18
-0.015912	559.55
-0.015694	563.92
-0.015437	568.29
-0.01514	572.67
-0.014805	577.04
-0.014433	581.41
-0.014024	585.78
-0.01358	590.15
-0.013101	594.52
-0.012589	598.9
-0.012045	603.27
-0.01147	607.64
-0.010866	612.01
-0.010234	616.38
-0.0095753	620.75
-0.0088924	625.12
-0.0081866	629.5
-0.0074597	633.87
-0.0067135	638.24
-0.00595	642.61
-0.0051712	646.98
-0.0043789	651.35
-0.0035753	655.72
-0.0027624	660.1
-0.0019423	664.47
-0.0011172	668.84
-0.00028911	673.21
0.00053968	677.58
0.0013671	681.95
0.0021909	686.33
0.003009	690.7
0.0038192	695.07
0.0046194	699.44
0.0054074	703.81
0.0061813	708.18
0.0069389	712.55
0.0076783	716.93
0.0083974	721.3
0.0090944	725.67
0.0097673	730.04
0.010414	734.41
0.011034	738.78
0.011625	743.15
0.012184	747.53
0.012712	751.9
0.013205	756.27
0.013664	760.64
0.014086	765.01
0.014471	769.38
0.014818	773.76
0.015125	778.13
0.015392	782.5
0.015617	786.87
0.015802	791.24
0.015944	795.61
0.016043	799.98
0.0161	804.36
0.016113	808.73
0.016084	813.1
0.016011	817.47
0.015896	821.84
0.015738	826.21
0.015538	830.58
0.015296	834.96
0.015013	839.33
0.01469	843.7
0.014327	848.07
0.013926	852.44
0.013488	856.81
0.013013	861.18
0.012503	865.56
0.01196	869.93
0.011385	874.3
0.010779	878.67
0.010144	883.04
0.0094813	887.41
0.0087934	891.79
0.0080818	896.16
0.0073484	900.53
0.0065952	904.9
0.0058242	909.27
0.0050374	913.64
0.0042371	918.01
0.0034253	922.39
0.0026044	926.76
0.0017763	931.13
0.00094348	935.5
0.00010809	939.87
-0.00072759	944.24
-0.0015613	948.61
-0.0023908	952.99
-0.0032138	957.36
-0.0040282	961.73
-0.0048316	966.1
-0.005622	970.47
-0.0063972	974.84
-0.0071551	979.22
-0.0078936	983.59
-0.0086108	987.96
-0.0093047	992.33
-0.0099734	996.7
-0.010615	1001.1
-0.011228	1005.4
-0.011811	1009.8
-0.012361	1014.2
-0.012879	1018.6
-0.013361	1022.9
-0.013807	1027.3
-0.014216	1031.7
-0.014586	1036
-0.014917	1040.4
-0.015207	1044.8
-0.015457	1049.2
-0.015664	1053.5
-0.015829	1057.9
-0.015952	1062.3
-0.016031	1066.6
-0.016067	1071
-0.016059	1075.4
-0.016008	1079.8
-0.015913	1084.1
-0.015776	1088.5
-0.015596	1092.9
-0.015373	1097.2
-0.01511	1101.6
-0.014805	1106
-0.01446	1110.4
-0.014076	1114.7
-0.013654	1119.1
-0.013195	1123.5
-0.012701	1127.8
-0.012172	1132.2
-0.01161	1136.6
-0.011017	1141
-0.010394	1145.3
-0.0097435	1149.7
-0.0090664	1154.1
-0.0083647	1158.4
-0.0076405	1162.8
-0.0068957	1167.2
-0.0061323	1171.6
-0.0053524	1175.9
-0.004558	1180.3
-0.0037513	1184.7
-0.0029346	1189
-0.0021099	1193.4
-0.0012795	1197.8
-0.0004457	1202.2
0.0003893	1206.5
0.0012233	1210.9
0.0020539	1215.3
0.0028791	1219.6
0.0036965	1224
0.0045039	1228.4
0.0052993	1232.8
0.0060804	1237.1
0.0068452	1241.5
0.0075916	1245.9
0.0083176	1250.2
0.0090212	1254.6
0.0097007	1259
0.010354	1263.4
0.01098	1267.7
0.011576	1272.1
0.012141	1276.5
0.012674	1280.8
0.013173	1285.2
0.013636	1289.6
0.014063	1294
0.014453	1298.3
0.014803	1302.7
0.015114	1307.1
0.015385	1311.4
0.015615	1315.8
0.015802	1320.2
0.015948	1324.6
0.016051	1328.9
0.016111	1333.3
0.016129	1337.7
0.016103	1342
0.016034	1346.4
0.015923	1350.8
0.015769	1355.2
0.015574	1359.5
0.015337	1363.9
0.015059	1368.3
0.014741	1372.7
0.014384	1377
0.013989	1381.4
0.013556	1385.8
0.013088	1390.1
0.012585	1394.5
0.012048	1398.9
0.01148	1403.3
0.010881	1407.6
0.010254	1412
0.0095989	1416.4
0.0089187	1420.7
0.008215	1425.1
0.0074896	1429.5
0.0067444	1433.9
0.0059814	1438.2
0.0052026	1442.6
0.0044101	1447
0.003606	1451.3
0.0027923	1455.7
0.0019714	1460.1
0.0011452	1464.5
0.00031602	1468.8
-0.00051401	1473.2
-0.0013427	1477.6
-0.0021678	1481.9
-0.0029873	1486.3
-0.0037989	1490.7
-0.0046005	1495.1
-0.0053901	1499.4
-0.0061656	1503.8
-0.0069249	1508.2
-0.0076661	1512.5
-0.0083873	1516.9
-0.0090866	1521.3
-0.0097621	1525.7
-0.010412	1530
-0.011035	1534.4
-0.011629	1538.8
-0.012193	1543.1
-0.012725	1547.5
-0.013224	1551.9
-0.013689	1556.3
-0.014118	1560.6
-0.01451	1565
-0.014865	1569.4
-0.015181	1573.7
-0.015458	1578.1
-0.015695	1582.5
-0.015891	1586.9
-0.016046	1591.2
-0.01616	1595.6
-0.016232	1600
-0.016262	1604.3
-0.01625	1608.7
-0.016196	1613.1
-0.016101	1617.5
-0.015964	1621.8
-0.015786	1626.2
-0.015567	1630.6
-0.015308	1634.9
-0.015011	1639.3
-0.014674	1643.7
-0.0143	1648.1
-0.013889	1652.4
-0.013443	1656.8
-0.012963	1661.2
-0.012449	1665.5
-0.011903	1669.9
-0.011327	1674.3
-0.010723	1678.7
-0.010091	1683
-0.0094328	1687.4
-0.008751	1691.8
-0.0080471	1696.1
-0.0073226	1700.5
-0.0065796	1704.9
-0.0058199	1709.3
-0.0050455	1713.6
-0.0042582	1718
-0.0034603	1722.4
-0.0026535	1726.7
-0.0018401	1731.1
-0.001022	1735.5
-0.00020137	1739.9
0.00061981	1744.2
0.0014394	1748.6
0.0022554	1753
0.0030657	1757.3
0.0038683	1761.7
0.0046612	1766.1
0.0054424	1770.5
0.00621	1774.8
0.0069621	1779.2
0.0076967	1783.6
0.0084121	1787.9
0.0091065	1792.3
0.0097782	1796.7
0.010426	1801.1
0.011047	1805.4
0.011641	1809.8
0.012206	1814.2
0.012741	1818.5
0.013244	1822.9
0.013714	1827.3
0.01415	1831.7
0.014552	1836
0.014917	1840.4
0.015246	1844.8
0.015537	1849.1
0.015789	1853.5
0.016003	1857.9
0.016178	1862.3
0.016312	1866.6
0.016407	1871
0.016461	1875.4
0.016476	1879.7
0.016449	1884.1
0.016383	1888.5
0.016276	1892.9
0.01613	1897.2
0.015945	1901.6
0.01572	1906
0.015457	1910.3
0.015157	1914.7
0.01482	1919.1
0.014447	1923.5
0.014039	1927.8
0.013597	1932.2
0.013122	1936.6
0.012615	1940.9
0.012078	1945.3
0.011511	1949.7
0.010917	1954.1
0.010297	1958.4
0.0096519	1962.8
0.0089836	1967.2
0.0082938	1971.5
0.007584	1975.9
0.0068561	1980.3
0.0061118	1984.7
0.0053529	1989
0.0045813	1993.4
0.0037987	1997.8
0.003007	2002.1
0.0022082	2006.5
0.0014042	2010.9
0.00059678	2015.3
-0.00021203	2019.6
-0.0010203	2024
-0.0018262	2028.4
-0.0026278	2032.7
-0.0034231	2037.1
-0.0042104	2041.5
-0.0049878	2045.9
-0.0057534	2050.2
-0.0065055	2054.6
-0.0072423	2059
-0.0079621	2063.3
-0.0086633	2067.7
-0.0093441	2072.1
-0.010003	2076.5
-0.010639	2080.8
-0.01125	2085.2
-0.011834	2089.6
-0.012391	2093.9
-0.012919	2098.3
-0.013417	2102.7
-0.013885	2107.1
-0.014319	2111.4
-0.014721	2115.8
-0.015089	2120.2
-0.015421	2124.5
-0.015719	2128.9
-0.01598	2133.3
-0.016204	2137.7
-0.016391	2142
-0.01654	2146.4
-0.016651	2150.8
-0.016725	2155.1
-0.01676	2159.5
-0.016756	2163.9
-0.016715	2168.3
-0.016635	2172.6
-0.016517	2177
-0.016362	2181.4
-0.01617	2185.7
-0.015941	2190.1
-0.015675	2194.5
-0.015375	2198.9
-0.015039	2203.2
-0.01467	2207.6
-0.014267	2212
-0.013833	2216.3
-0.013367	2220.7
-0.012871	2225.1
-0.012346	2229.5
-0.011794	2233.8
-0.011215	2238.2
-0.010611	2242.6
-0.0099836	2246.9
-0.0093337	2251.3
-0.0086629	2255.7
-0.007973	2260.1
-0.0072652	2264.4
-0.0065413	2268.8
-0.005803	2273.2
-0.0050517	2277.6
-0.0042893	2281.9
-0.0035175	2286.3
-0.0027378	2290.7
-0.0019521	2295
-0.0011621	2299.4
-0.00036957	2303.8
0.00042375	2308.2
0.0012162	2312.5
0.002006	2316.9
0.0027913	2321.3
0.0035706	2325.6
0.0043421	2330
0.0051041	2334.4
0.005855	2338.8
0.0065933	2343.1
0.0073171	2347.5
0.0080252	2351.9
0.0087159	2356.2
0.0093877	2360.6
0.010039	2365
0.010669	2369.4
0.011276	2373.7
0.011859	2378.1
0.012416	2382.5
0.012947	2386.8
0.01345	2391.2
0.013924	2395.6
0.014368	2400
0.014782	2404.3
0.015164	2408.7
0.015515	2413.1
0.015832	2417.4
0.016115	2421.8
0.016364	2426.2
0.016579	2430.6
0.016759	2434.9
0.016903	2439.3
0.017012	2443.7
0.017085	2448
0.017122	2452.4
0.017123	2456.8
0.017088	2461.2
0.017018	2465.5
0.016912	2469.9
0.01677	2474.3
0.016594	2478.6
0.016383	2483
0.016138	2487.4
0.01586	2491.8
0.015548	2496.1
0.015205	2500.5
0.01483	2504.9
0.014424	2509.2
0.013989	2513.6
0.013525	2518
0.013033	2522.4
0.012515	2526.7
0.01197	2531.1
0.011402	2535.5
0.010809	2539.8
0.010195	2544.2
0.0095605	2548.6
0.0089062	2553
0.0082337	2557.3
0.0075447	2561.7
0.0068402	2566.1
0.006122	2570.4
0.0053914	2574.8
0.00465	2579.2
0.0038991	2583.6
0.0031405	2587.9
0.0023755	2592.3
0.0016058	2596.7
0.00083285	2601
5.8221e-05	2605.4
-0.00071648	2609.8
-0.0014898	2614.2
-0.0022601	2618.5
-0.003026	2622.9
-0.0037858	2627.3
-0.0045382	2631.6
-0.0052815	2636
-0.0060145	2640.4
-0.0067356	2644.8
-0.0074434	2649.1
-0.0081366	2653.5
-0.0088138	2657.9
-0.0094737	2662.2
-0.010115	2666.6
-0.010737	2671
-0.011337	2675.4
-0.011916	2679.7
-0.012471	2684.1
-0.013003	2688.5
-0.013509	2692.8
-0.013988	2697.2
-0.014441	2701.6
-0.014866	2706
-0.015262	2710.3
-0.015629	2714.7
-0.015966	2719.1
-0.016272	2723.4
-0.016547	2727.8
-0.016791	2732.2
-0.017002	2736.6
-0.017181	2740.9
-0.017327	2745.3
-0.01744	2749.7
-0.01752	2754
-0.017567	2758.4
-0.017581	2762.8
-0.017562	2767.2
-0.017509	2771.5
-0.017424	2775.9
-0.017305	2780.3
-0.017155	2784.6
-0.016972	2789
-0.016757	2793.4
-0.016511	2797.8
-0.016235	2802.1
-0.015928	2806.5
-0.015591	2810.9
-0.015226	2815.2
-0.014832	2819.6
-0.014412	2824
-0.013964	2828.4
-0.013491	2832.7
-0.012993	2837.1
-0.012471	2841.5
-0.011926	2845.8
-0.011359	2850.2
-0.010772	2854.6
-0.010165	2859
-0.009539	2863.3
-0.0088961	2867.7
-0.008237	2872.1
-0.007563	2876.4
-0.0068753	2880.8
-0.0061752	2885.2
-0.005464	2889.6
-0.004743	2893.9
-0.0040134	2898.3
-0.0032766	2902.7
-0.0025339	2907
-0.0017868	2911.4
-0.0010364	2915.8
-0.00028419	2920.2
0.0004685	2924.5
0.0012204	2928.9
0.0019701	2933.3
0.0027164	2937.6
0.0034578	2942
0.0041932	2946.4
0.0049211	2950.8
0.0056404	2955.1
0.0063499	2959.5
0.0070482	2963.9
0.0077342	2968.2
0.0084067	2972.6
0.0090645	2977
0.0097066	2981.4
0.010332	2985.7
0.010939	2990.1
0.011528	2994.5
0.012096	2998.8
0.012644	3003.2
0.01317	3007.6
0.013673	3012
0.014153	3016.3
0.014608	3020.7
0.015039	3025.1
0.015444	3029.4
0.015823	3033.8
0.016175	3038.2
0.016499	3042.6
0.016796	3046.9
0.017064	3051.3
0.017303	3055.7
0.017514	3060
0.017694	3064.4
0.017846	3068.8
0.017967	3073.2
0.018058	3077.5
0.018119	3081.9
0.01815	3086.3
0.018151	3090.6
0.018122	3095
0.018063	3099.4
0.017974	3103.8
0.017855	3108.1
0.017707	3112.5
0.01753	3116.9
0.017324	3121.2
0.017089	3125.6
0.016827	3130
0.016538	3134.4
0.016221	3138.7
0.015878	3143.1
0.01551	3147.5
0.015116	3151.8
0.014698	3156.2
0.014256	3160.6
0.013791	3165
0.013304	3169.3
0.012796	3173.7
0.012267	3178.1
0.011719	3182.4
0.011152	3186.8
0.010567	3191.2
0.0099659	3195.6
0.0093487	3199.9
0.0087167	3204.3
0.0080709	3208.7
0.0074124	3213.1
0.0067423	3217.4
0.0060616	3221.8
0.0053714	3226.2
0.0046728	3230.5
0.003967	3234.9
0.003255	3239.3
0.0025379	3243.7
0.0018168	3248
0.001093	3252.4
0.00036746	3256.8
-0.00035865	3261.1
-0.0010842	3265.5
-0.0018081	3269.9
-0.0025292	3274.3
-0.0032464	3278.6
-0.0039587	3283
-0.004665	3287.4
-0.0053641	3291.7
-0.0060552	3296.1
-0.0067371	3300.5
-0.0074088	3304.9
-0.0080694	3309.2
-0.0087178	3313.6
-0.0093532	3318
-0.0099746	3322.3
-0.010581	3326.7
-0.011172	3331.1
-0.011746	3335.5
-0.012302	3339.8
-0.012841	3344.2
-0.01336	3348.6
-0.01386	3352.9
-0.014339	3357.3
-0.014798	3361.7
-0.015234	3366.1
-0.015648	3370.4
-0.01604	3374.8
-0.016408	3379.2
-0.016752	3383.5
-0.017072	3387.9
-0.017367	3392.3
-0.017638	3396.7
-0.017882	3401
-0.018102	3405.4
-0.018295	3409.8
-0.018462	3414.1
-0.018602	3418.5
-0.018716	3422.9
-0.018804	3427.3
-0.018864	3431.6
-0.018898	3436
-0.018906	3440.4
-0.018887	3444.7
-0.018841	3449.1
-0.018768	3453.5
-0.01867	3457.9
-0.018545	3462.2
-0.018395	3466.6
-0.018219	3471
-0.018017	3475.3
-0.017791	3479.7
-0.01754	3484.1
-0.017265	3488.5
-0.016966	3492.8
-0.016644	3497.2
-0.016299	3501.6
-0.015932	3505.9
-0.015544	3510.3
-0.015134	3514.7
-0.014703	3519.1
-0.014253	3523.4
-0.013783	3527.8
-0.013295	3532.2
-0.012789	3536.5
-0.012266	3540.9
-0.011726	3545.3
-0.011171	3549.7
-0.010601	3554
-0.010016	3558.4
-0.009419	3562.8
-0.0088091	3567.1
-0.0081875	3571.5
-0.0075551	3575.9
-0.0069129	3580.3
-0.0062616	3584.6
-0.005602	3589
-0.0049353	3593.4
-0.004262	3597.7
-0.0035833	3602.1
-0.0028999	3606.5
-0.0022127	3610.9
-0.0015228	3615.2
-0.00083083	3619.6
-0.00013781	3624
0.00055535	3628.3
0.0012478	3632.7
0.0019387	3637.1
0.0026271	3641.5
0.0033123	3645.8
0.0039932	3650.2
0.0046691	3654.6
0.0053391	3658.9
0.0060024	3663.3
0.0066582	3667.7
0.0073058	3672.1
0.0079442	3676.4
0.0085727	3680.8
0.0091907	3685.2
0.0097973	3689.5
0.010392	3693.9
0.010974	3698.3
0.011542	3702.7
0.012096	3707
0.012636	3711.4
0.01316	3715.8
0.013668	3720.1
0.014159	3724.5
0.014634	3728.9
0.015091	3733.3
0.015529	3737.6
0.01595	3742
0.016351	3746.4
0.016732	3750.7
0.017094	3755.1
0.017436	3759.5
0.017756	3763.9
0.018056	3768.2
0.018335	3772.6
0.018592	3777
0.018828	3781.3
0.019041	3785.7
0.019232	3790.1
0.019401	3794.5
0.019548	3798.8
0.019672	3803.2
0.019773	3807.6
0.019852	3811.9
0.019908	3816.3
0.019941	3820.7
0.019952	3825.1
0.019939	3829.4
0.019905	3833.8
0.019847	3838.2
0.019768	3842.5
0.019666	3846.9
0.019542	3851.3
0.019396	3855.7
0.019229	3860
0.01904	3864.4
0.018831	3868.8
0.0186	3873.1
0.018349	3877.5
0.018078	3881.9
0.017787	3886.3
0.017477	3890.6
0.017147	3895
0.016799	3899.4
0.016433	3903.7
0.016049	3908.1
0.015647	3912.5
0.015229	3916.9
0.014795	3921.2
0.014345	3925.6
0.013879	3930
0.013399	3934.3
0.012905	3938.7
0.012397	3943.1
0.011875	3947.5
0.011342	3951.8
0.010797	3956.2
0.01024	3960.6
0.0096726	3964.9
0.0090953	3969.3
0.0085085	3973.7
0.007913	3978.1
0.0073094	3982.4
0.0066983	3986.8
0.0060803	3991.2
0.0054561	3995.5
0.0048264	3999.9
0.0041918	4004.3
0.003553	4008.7
0.0029106	4013
0.0022653	4017.4
0.0016178	4021.8
0.00096855	4026.1
0.00031842	4030.5
-0.00033206	4034.9
-0.00098222	4039.3
-0.0016314	4043.6
-0.002279	4048
-0.0029243	4052.4
-0.0035668	4056.7
-0.0042058	4061.1
-0.0048408	4065.5
-0.005471	4069.9
-0.0060961	4074.2
-0.0067152	4078.6
-0.0073279	4083
-0.0079337	4087.3
-0.0085319	4091.7
-0.0091219	4096.1
-0.0097034	4100.5
-0.010276	4104.8
-0.010839	4109.2
-0.011391	4113.6
-0.011933	4118
-0.012464	4122.3
-0.012983	4126.7
-0.01349	4131.1
-0.013985	4135.4
-0.014467	4139.8
-0.014936	4144.2
-0.015392	4148.6
-0.015833	4152.9
-0.01626	4157.3
-0.016672	4161.7
-0.017069	4166
-0.017451	4170.4
-0.017818	4174.8
-0.018168	4179.2
-0.018503	4183.5
-0.018821	4187.9
-0.019122	4192.3
-0.019407	4196.6
-0.019675	4201
-0.019925	4205.4
-0.020159	4209.8
-0.020375	4214.1
-0.020573	4218.5
-0.020754	4222.9
-0.020916	4227.2
-0.021062	4231.6
-0.021189	4236
-0.021298	4240.4
-0.021389	4244.7
-0.021462	4249.1
-0.021517	4253.5
-0.021555	4257.8
-0.021574	4262.2
-0.021576	4266.6
-0.021559	4271
-0.021525	4275.3
-0.021473	4279.7
-0.021404	4284.1
-0.021317	4288.4
-0.021213	4292.8
-0.021092	4297.2
-0.020954	4301.6
-0.020799	4305.9
-0.020628	4310.3
-0.02044	4314.7
-0.020236	4319
-0.020016	4323.4
-0.01978	4327.8
-0.019529	4332.2
-0.019262	4336.5
-0.018981	4340.9
-0.018684	4345.3
-0.018374	4349.6
-0.018049	4354
-0.01771	4358.4
-0.017358	4362.8
-0.016993	4367.1
-0.016614	4371.5
-0.016224	4375.9
-0.015821	4380.2
-0.015406	4384.6
-0.01498	4389
-0.014543	4393.4
-0.014095	4397.7
-0.013636	4402.1
-0.013168	4406.5
-0.01269	4410.8
-0.012202	4415.2
-0.011706	4419.6
-0.011202	4424
-0.010689	4428.3
-0.010169	4432.7
-0.0096415	4437.1
-0.0091073	4441.4
-0.0085666	4445.8
-0.0080198	4450.2
-0.0074674	4454.6
-0.0069099	4458.9
-0.0063475	4463.3
-0.0057808	4467.7
-0.0052101	4472
-0.0046358	4476.4
-0.0040583	4480.8
-0.0034781	4485.2
-0.0028956	4489.5
-0.0023111	4493.9
-0.001725	4498.3
-0.0011378	4502.6
-0.00054979	4507
3.8553e-05	4511.4
0.00062681	4515.8
0.0012147	4520.1
0.0018018	4524.5
0.0023878	4528.9
0.0029722	4533.2
0.0035547	4537.6
0.0041348	4542
0.0047124	4546.4
0.005287	4550.7
0.0058583	4555.1
0.0064258	4559.5
0.0069894	4563.8
0.0075485	4568.2
0.008103	4572.6
0.0086526	4577
0.0091968	4581.3
0.0097354	4585.7
0.010268	4590.1
0.010795	4594.4
0.011314	4598.8
0.011828	4603.2
0.012334	4607.6
0.012833	4611.9
0.013324	4616.3
0.013807	4620.7
0.014283	4625
0.01475	4629.4
0.015209	4633.8
0.015658	4638.2
0.016099	4642.5
0.016531	4646.9
0.016953	4651.3
0.017366	4655.6
0.017769	4660
0.018162	4664.4
0.018546	4668.8
0.018918	4673.1
0.019281	4677.5
0.019633	4681.9
0.019975	4686.2
0.020305	4690.6
0.020625	4695
0.020934	4699.4
0.021232	4703.7
0.021519	4708.1
0.021794	4712.5
0.022058	4716.8
0.022311	4721.2
0.022552	4725.6
0.022782	4730
0.023001	4734.3
0.023207	4738.7
0.023402	4743.1
0.023586	4747.4
0.023757	4751.8
0.023918	4756.2
0.024066	4760.6
0.024203	4764.9
0.024328	4769.3
0.024441	4773.7
0.024543	4778
0.024633	4782.4
0.024712	4786.8
0.024779	4791.2
0.024834	4795.5
0.024879	4799.9
0.024911	4804.3
0.024933	4808.6
0.024943	4813
0.024942	4817.4
0.02493	4821.8
0.024907	4826.1
0.024873	4830.5
0.024828	4834.9
0.024773	4839.2
0.024707	4843.6
0.02463	4848
0.024543	4852.4
0.024445	4856.7
0.024338	4861.1
0.02422	4865.5
0.024092	4869.8
0.023955	4874.2
0.023808	4878.6
0.023651	4883
0.023485	4887.3
0.023309	4891.7
0.023125	4896.1
0.022931	4900.4
0.022729	4904.8
0.022518	4909.2
0.022298	4913.6
0.02207	4917.9
0.021834	4922.3
0.021589	4926.7
0.021337	4931
0.021077	4935.4
0.020809	4939.8
0.020534	4944.2
0.020251	4948.5
0.019961	4952.9
0.019665	4957.3
0.019361	4961.6
0.019051	4966
0.018735	4970.4
0.018412	4974.8
0.018083	4979.1
0.017748	4983.5
0.017407	4987.9
0.017061	4992.2
0.016709	4996.6
0.016351	5001
0.015989	5005.4
0.015622	5009.7
0.015249	5014.1
0.014873	5018.5
0.014491	5022.9
0.014105	5027.2
0.013715	5031.6
0.013322	5036
0.012924	5040.3
0.012522	5044.7
0.012117	5049.1
0.011709	5053.5
0.011297	5057.8
0.010882	5062.2
0.010464	5066.6
0.010044	5070.9
0.0096204	5075.3
0.0091946	5079.7
0.0087665	5084.1
0.0083361	5088.4
0.0079038	5092.8
0.0074694	5097.2
0.0070332	5101.5
0.0065952	5105.9
0.0061558	5110.3
0.0057149	5114.7
0.0052727	5119
0.0048293	5123.4
0.0043848	5127.8
0.0039393	5132.1
0.003493	5136.5
0.0030459	5140.9
0.0025983	5145.3
0.00215	5149.6
0.0017013	5154
0.0012523	5158.4
0.00080303	5162.7
0.0003536	5167.1
-9.5848e-05	5171.5
-0.00054533	5175.9
-0.00099471	5180.2
-0.0014439	5184.6
-0.0018929	5189
-0.0023414	5193.3
-0.0027896	5197.7
-0.0032374	5202.1
-0.0036846	5206.5
-0.0041313	5210.8
-0.0045773	5215.2
-0.0050225	5219.6
-0.0054671	5223.9
-0.0059108	5228.3
-0.0063537	5232.7
-0.0067957	5237.1
-0.0072368	5241.4
-0.0076768	5245.8
-0.0081159	5250.2
-0.008554	5254.5
-0.0089911	5258.9
-0.009427	5263.3
-0.0098619	5267.7
-0.010296	5272
-0.010728	5276.4
-0.01116	5280.8
-0.01159	5285.1
-0.012019	5289.5
-0.012447	5293.9
-0.012874	5298.3
-0.0133	5302.6
-0.013724	5307
-0.014148	5311.4
-0.01457	5315.7
-0.014991	5320.1
-0.015411	5324.5
-0.01583	5328.9
-0.016248	5333.2
-0.016665	5337.6
-0.017081	5342
-0.017496	5346.3
-0.01791	5350.7
-0.018323	5355.1
-0.018735	5359.5
-0.019147	5363.8
-0.019557	5368.2
-0.019967	5372.6
-0.020377	5376.9
-0.020785	5381.3
-0.021193	5385.7
-0.021601	5390.1
-0.022008	5394.4
-0.022415	5398.8
-0.022822	5403.2
-0.023228	5407.5
-0.023634	5411.9
-0.02404	5416.3
-0.024447	5420.7
-0.024853	5425
-0.025259	5429.4
-0.025666	5433.8
-0.026073	5438.1
-0.02648	5442.5
-0.026888	5446.9
-0.027297	5451.3
-0.027706	5455.6
-0.028116	5460
