3.4136e-11	0
9.9224e-05	4.3715
0.00019846	8.743
0.00029772	13.114
0.00039703	17.486
0.00049638	21.857
0.0005958	26.229
0.0006953	30.6
0.00079489	34.972
0.00089458	39.343
0.00099439	43.715
0.0010943	48.086
0.0011944	52.458
0.0012947	56.829
0.0013951	61.201
0.0014957	65.572
0.0015965	69.944
0.0016975	74.315
0.0017987	78.687
0.0019002	83.058
0.0020019	87.43
0.0021039	91.801
0.0022062	96.173
0.0023088	100.54
0.0024116	104.92
0.0025148	109.29
0.0026183	113.66
0.0027222	118.03
0.0028264	122.4
0.002931	126.77
0.0030359	131.14
0.0031412	135.52
0.003247	139.89
0.0033531	144.26
0.0034596	148.63
0.0035666	153
0.003674	157.37
0.0037817	161.75
0.0038899	166.12
0.0039985	170.49
0.0041075	174.86
0.0042169	179.23
0.0043267	183.6
0.0044369	187.97
0.0045475	192.35
0.0046584	196.72
0.0047697	201.09
0.0048814	205.46
0.0049934	209.83
0.0051057	214.2
0.0052183	218.57
0.0053312	222.95
0.0054445	227.32
0.0055579	231.69
0.0056717	236.06
0.0057857	240.43
0.0058999	244.8
0.0060144	249.18
0.006129	253.55
0.0062439	257.92
0.0063589	262.29
0.0064741	266.66
0.0065895	271.03
0.0067051	275.4
0.0068207	279.78
0.0069366	284.15
0.0070525	288.52
0.0071686	292.89
0.0072847	297.26
0.007401	301.63
0.0075174	306
0.0076338	310.38
0.0077503	314.75
0.0078669	319.12
0.0079836	323.49
0.0081003	327.86
0.0082171	332.23
0.0083339	336.61
0.0084507	340.98
0.0085676	345.35
0.0086845	349.72
0.0088015	354.09
0.0089184	358.46
0.0090354	362.83
0.0091523	367.21
0.0092693	371.58
0.0093862	375.95
0.0095031	380.32
0.0096201	384.69
0.009737	389.06
0.0098538	393.43
0.0099707	397.81
0.010087	402.18
0.010204	406.55
0.010321	410.92
0.010438	415.29
0.010554	419.66
0.010671	424.04
0.010787	428.41
0.010904	432.78
0.01102	437.15
0.011136	441.52
0.011252	445.89
0.011368	450.26
0.011484	454.64
0.0116	459.01
0.011716	463.38
0.011831	467.75
0.011947	472.12
0.012062	476.49
0.012178	480.86
0.012293	485.24
0.012408	489.61
0.012522	493.98
0.012637	498.35
0.012751	502.72
0.012866	507.09
0.01298	511.47
0.013094	515.84
0.013208	520.21
0.013321	524.58
0.013435	528.95
0.013548	533.32
0.013661	537.69
0.013774	542.07
0.013886	546.44
0.013998	550.81
0.01411	555.18
0.014222	559.55
0.014334	563.92
0.014445	568.29
0.014556	572.67
0.014667	577.04
0.014778	581.41
0.014888	585.78
0.014998	590.15
0.015108	594.52
0.015217	598.9
0.015326	603.27
0.015435	607.64
0.015544	612.01
0.015652	616.38
0.01576	620.75
0.015867	625.12
0.015975	629.5
0.016082	633.87
0.016188	638.24
0.016294	642.61
0.0164	646.98
0.016506	651.35
0.016611	655.72
0.016715	660.1
0.01682	664.47
0.016924	668.84
0.017027	673.21
0.017131	677.58
0.017233	681.95
0.017336	686.33
0.017438	690.7
0.017539	695.07
0.017641	699.44
0.017741	703.81
0.017842	708.18
0.017941	712.55
0.018041	716.93
0.01814	721.3
0.018238	725.67
0.018336	730.04
0.018434	734.41
0.018531	738.78
0.018628	743.15
0.018724	747.53
0.01882	751.9
0.018915	756.27
0.01901	760.64
0.019104	765.01
0.019197	769.38
0.019291	773.76
0.019383	778.13
0.019476	782.5
0.019567	786.87
0.019658	791.24
0.019749	795.61
0.019839	799.98
0.019929	804.36
0.020018	808.73
0.020106	813.1
0.020194	817.47
0.020281	821.84
0.020368	826.21
0.020454	830.58
0.02054	834.96
0.020625	839.33
0.02071	843.7
0.020793	848.07
0.020877	852.44
0.02096	856.81
0.021042	861.18
0.021123	865.56
0.021204	869.93
0.021285	874.3
0.021364	878.67
0.021444	883.04
0.021522	887.41
0.0216	891.79
0.021677	896.16
0.021754	900.53
0.02183	904.9
0.021906	909.27
0.02198	913.64
0.022055	918.01
0.022128	922.39
0.022201	926.76
0.022273	931.13
0.022345	935.5
0.022416	939.87
0.022486	944.24
0.022556	948.61
0.022625	952.99
0.022693	957.36
0.022761	961.73
0.022828	966.1
0.022894	970.47
0.02296	974.84
0.023025	979.22
0.023089	983.59
0.023153	987.96
0.023216	992.33
0.023278	996.7
0.02334	1001.1
0.023401	1005.4
0.023461	1009.8
0.023521	1014.2
0.02358	1018.6
0.023638	1022.9
0.023696	1027.3
0.023753	1031.7
0.023809	1036
0.023864	1040.4
0.023919	1044.8
0.023973	1049.2
0.024026	1053.5
0.024079	1057.9
0.024131	1062.3
0.024182	1066.6
0.024232	1071
0.024282	1075.4
0.024331	1079.8
0.02438	1084.1
0.024427	1088.5
0.024474	1092.9
0.02452	1097.2
0.024566	1101.6
0.024611	1106
0.024655	1110.4
0.024698	1114.7
0.024741	1119.1
0.024782	1123.5
0.024824	1127.8
0.024864	1132.2
0.024904	1136.6
0.024943	1141
0.024981	1145.3
0.025019	1149.7
0.025056	1154.1
0.025092	1158.4
0.025127	1162.8
0.025162	1167.2
0.025196	1171.6
0.025229	1175.9
0.025261	1180.3
0.025293	1184.7
0.025324	1189
0.025355	1193.4
0.025384	1197.8
0.025413	1202.2
0.025441	1206.5
0.025469	1210.9
0.025495	1215.3
0.025521	1219.6
0.025547	1224
0.025571	1228.4
0.025595	1232.8
0.025618	1237.1
0.02564	1241.5
0.025662	1245.9
0.025683	1250.2
0.025703	1254.6
0.025723	1259
0.025741	1263.4
0.02576	1267.7
0.025777	1272.1
0.025794	1276.5
0.025809	1280.8
0.025825	1285.2
0.025839	1289.6
0.025853	1294
0.025866	1298.3
0.025878	1302.7
0.02589	1307.1
0.025901	1311.4
0.025911	1315.8
0.025921	1320.2
0.02593	1324.6
0.025938	1328.9
0.025945	1333.3
0.025952	1337.7
0.025958	1342
0.025964	1346.4
0.025968	1350.8
0.025972	1355.2
0.025976	1359.5
0.025978	1363.9
0.02598	1368.3
0.025981	1372.7
0.025982	1377
0.025982	1381.4
0.025981	1385.8
0.025979	1390.1
0.025977	1394.5
0.025975	1398.9
0.025971	1403.3
0.025967	1407.6
0.025962	1412
0.025957	1416.4
0.02595	1420.7
0.025944	1425.1
0.025936	1429.5
0.025928	1433.9
0.025919	1438.2
0.02591	1442.6
0.0259	1447
0.025889	1451.3
0.025878	1455.7
0.025866	1460.1
0.025853	1464.5
0.02584	1468.8
0.025826	1473.2
0.025811	1477.6
0.025796	1481.9
0.02578	1486.3
0.025764	1490.7
0.025747	1495.1
0.025729	1499.4
0.025711	1503.8
0.025692	1508.2
0.025673	1512.5
0.025652	1516.9
0.025632	1521.3
0.025611	1525.7
0.025589	1530
0.025566	1534.4
0.025543	1538.8
0.025519	1543.1
0.025495	1547.5
0.02547	1551.9
0.025445	1556.3
0.025419	1560.6
0.025392	1565
0.025365	1569.4
0.025338	1573.7
0.025309	1578.1
0.025281	1582.5
0.025251	1586.9
0.025221	1591.2
0.025191	1595.6
0.02516	1600
0.025128	1604.3
0.025096	1608.7
0.025064	1613.1
0.025031	1617.5
0.024997	1621.8
0.024963	1626.2
0.024928	1630.6
0.024893	1634.9
0.024857	1639.3
0.024821	1643.7
0.024784	1648.1
0.024747	1652.4
0.024709	1656.8
0.024671	1661.2
0.024632	1665.5
0.024593	1669.9
0.024553	1674.3
0.024513	1678.7
0.024472	1683
0.024431	1687.4
0.024389	1691.8
0.024347	1696.1
0.024305	1700.5
0.024262	1704.9
0.024218	1709.3
0.024174	1713.6
0.02413	1718
0.024085	1722.4
0.02404	1726.7
0.023995	1731.1
0.023948	1735.5
0.023902	1739.9
0.023855	1744.2
0.023808	1748.6
0.02376	1753
0.023712	1757.3
0.023663	1761.7
0.023614	1766.1
0.023565	1770.5
0.023515	1774.8
0.023465	1779.2
0.023414	1783.6
0.023363	1787.9
0.023312	1792.3
0.02326	1796.7
0.023208	1801.1
0.023156	1805.4
0.023103	1809.8
0.02305	1814.2
0.022997	1818.5
0.022943	1822.9
0.022889	1827.3
0.022834	1831.7
0.022779	1836
0.022724	1840.4
0.022668	1844.8
0.022613	1849.1
0.022556	1853.5
0.0225	1857.9
0.022443	1862.3
0.022386	1866.6
0.022329	1871
0.022271	1875.4
0.022213	1879.7
0.022155	1884.1
0.022096	1888.5
0.022037	1892.9
0.021978	1897.2
0.021919	1901.6
0.021859	1906
0.021799	1910.3
0.021739	1914.7
0.021678	1919.1
0.021617	1923.5
0.021556	1927.8
0.021495	1932.2
0.021434	1936.6
0.021372	1940.9
0.02131	1945.3
0.021248	1949.7
0.021185	1954.1
0.021123	1958.4
0.02106	1962.8
0.020997	1967.2
0.020933	1971.5
0.02087	1975.9
0.020806	1980.3
0.020742	1984.7
0.020678	1989
0.020614	1993.4
0.020549	1997.8
0.020484	2002.1
0.020419	2006.5
0.020354	2010.9
0.020289	2015.3
0.020224	2019.6
0.020158	2024
0.020092	2028.4
0.020027	2032.7
0.01996	2037.1
0.019894	2041.5
0.019828	2045.9
0.019761	2050.2
0.019695	2054.6
0.019628	2059
0.019561	2063.3
0.019494	2067.7
0.019427	2072.1
0.019359	2076.5
0.019292	2080.8
0.019225	2085.2
0.019157	2089.6
0.019089	2093.9
0.019021	2098.3
0.018953	2102.7
0.018885	2107.1
0.018817	2111.4
0.018749	2115.8
0.01868	2120.2
0.018612	2124.5
0.018543	2128.9
0.018475	2133.3
0.018406	2137.7
0.018337	2142
0.018269	2146.4
0.0182	2150.8
0.018131	2155.1
0.018062	2159.5
0.017993	2163.9
0.017924	2168.3
0.017855	2172.6
0.017785	2177
0.017716	2181.4
0.017647	2185.7
0.017578	2190.1
0.017508	2194.5
0.017439	2198.9
0.01737	2203.2
0.0173	2207.6
0.017231	2212
0.017161	2216.3
0.017092	2220.7
0.017022	2225.1
0.016953	2229.5
0.016883	2233.8
0.016814	2238.2
0.016744	2242.6
0.016675	2246.9
0.016605	2251.3
0.016536	2255.7
0.016466	2260.1
0.016397	2264.4
0.016327	2268.8
0.016258	2273.2
0.016189	2277.6
0.016119	2281.9
0.01605	2286.3
0.015981	2290.7
0.015911	2295
0.015842	2299.4
0.015773	2303.8
0.015704	2308.2
0.015635	2312.5
0.015566	2316.9
0.015496	2321.3
0.015428	2325.6
0.015359	2330
0.01529	2334.4
0.015221	2338.8
0.015152	2343.1
0.015084	2347.5
0.015015	2351.9
0.014946	2356.2
0.014878	2360.6
0.014809	2365
0.014741	2369.4
0.014673	2373.7
0.014605	2378.1
0.014537	2382.5
0.014469	2386.8
0.014401	2391.2
0.014333	2395.6
0.014265	2400
0.014198	2404.3
0.01413	2408.7
0.014063	2413.1
0.013995	2417.4
0.013928	2421.8
0.013861	2426.2
0.013794	2430.6
0.013727	2434.9
0.01366	2439.3
0.013593	2443.7
0.013527	2448
0.01346	2452.4
0.013394	2456.8
0.013328	2461.2
0.013261	2465.5
0.013195	2469.9
0.01313	2474.3
0.013064	2478.6
0.012998	2483
0.012933	2487.4
0.012867	2491.8
0.012802	2496.1
0.012737	2500.5
0.012672	2504.9
0.012607	2509.2
0.012543	2513.6
0.012478	2518
0.012414	2522.4
0.012349	2526.7
0.012285	2531.1
0.012221	2535.5
0.012157	2539.8
0.012094	2544.2
0.01203	2548.6
0.011967	2553
0.011904	2557.3
0.011841	2561.7
0.011778	2566.1
0.011715	2570.4
0.011652	2574.8
0.01159	2579.2
0.011528	2583.6
0.011465	2587.9
0.011404	2592.3
0.011342	2596.7
0.01128	2601
0.011219	2605.4
0.011157	2609.8
0.011096	2614.2
0.011035	2618.5
0.010975	2622.9
0.010914	2627.3
0.010854	2631.6
0.010793	2636
0.010733	2640.4
0.010674	2644.8
0.010614	2649.1
0.010554	2653.5
0.010495	2657.9
0.010436	2662.2
0.010377	2666.6
0.010318	2671
0.010259	2675.4
0.010201	2679.7
0.010143	2684.1
0.010085	2688.5
0.010027	2692.8
0.0099693	2697.2
0.0099118	2701.6
0.0098545	2706
0.0097974	2710.3
0.0097405	2714.7
0.0096838	2719.1
0.0096273	2723.4
0.009571	2727.8
0.0095148	2732.2
0.0094589	2736.6
0.0094032	2740.9
0.0093476	2745.3
0.0092923	2749.7
0.0092371	2754
0.0091822	2758.4
0.0091274	2762.8
0.0090729	2767.2
0.0090185	2771.5
0.0089644	2775.9
0.0089104	2780.3
0.0088566	2784.6
0.0088031	2789
0.0087497	2793.4
0.0086966	2797.8
0.0086437	2802.1
0.0085909	2806.5
0.0085384	2810.9
0.008486	2815.2
0.0084339	2819.6
0.008382	2824
0.0083303	2828.4
0.0082788	2832.7
0.0082275	2837.1
0.0081764	2841.5
0.0081255	2845.8
0.0080748	2850.2
0.0080243	2854.6
0.007974	2859
0.007924	2863.3
0.0078741	2867.7
0.0078244	2872.1
0.007775	2876.4
0.0077258	2880.8
0.0076767	2885.2
0.0076279	2889.6
0.0075793	2893.9
0.0075309	2898.3
0.0074827	2902.7
0.0074347	2907
0.007387	2911.4
0.0073394	2915.8
0.0072921	2920.2
0.0072449	2924.5
0.007198	2928.9
0.0071512	2933.3
0.0071047	2937.6
0.0070584	2942
0.0070123	2946.4
0.0069664	2950.8
0.0069207	2955.1
0.0068753	2959.5
0.00683	2963.9
0.006785	2968.2
0.0067401	2972.6
0.0066955	2977
0.006651	2981.4
0.0066068	2985.7
0.0065628	2990.1
0.006519	2994.5
0.0064754	2998.8
0.006432	3003.2
0.0063888	3007.6
0.0063459	3012
0.0063031	3016.3
0.0062605	3020.7
0.0062182	3025.1
0.0061761	3029.4
0.0061341	3033.8
0.0060924	3038.2
0.0060509	3042.6
0.0060095	3046.9
0.0059684	3051.3
0.0059275	3055.7
0.0058868	3060
0.0058463	3064.4
0.005806	3068.8
0.0057659	3073.2
0.0057261	3077.5
0.0056864	3081.9
0.0056469	3086.3
0.0056076	3090.6
0.0055686	3095
0.0055297	3099.4
0.005491	3103.8
0.0054526	3108.1
0.0054143	3112.5
0.0053763	3116.9
0.0053384	3121.2
0.0053007	3125.6
0.0052633	3130
0.005226	3134.4
0.005189	3138.7
0.0051521	3143.1
0.0051154	3147.5
0.005079	3151.8
0.0050427	3156.2
0.0050066	3160.6
0.0049708	3165
0.0049351	3169.3
0.0048996	3173.7
0.0048643	3178.1
0.0048292	3182.4
0.0047943	3186.8
0.0047596	3191.2
0.0047251	3195.6
0.0046908	3199.9
0.0046567	3204.3
0.0046228	3208.7
0.004589	3213.1
0.0045555	3217.4
0.0045221	3221.8
0.004489	3226.2
0.004456	3230.5
0.0044232	3234.9
0.0043906	3239.3
0.0043582	3243.7
0.0043259	3248
0.0042939	3252.4
0.0042621	3256.8
0.0042304	3261.1
0.0041989	3265.5
0.0041676	3269.9
0.0041365	3274.3
0.0041056	3278.6
0.0040748	3283
0.0040443	3287.4
0.0040139	3291.7
0.0039837	3296.1
0.0039536	3300.5
0.0039238	3304.9
0.0038941	3309.2
0.0038647	3313.6
0.0038353	3318
0.0038062	3322.3
0.0037773	3326.7
0.0037485	3331.1
0.0037199	3335.5
0.0036915	3339.8
0.0036632	3344.2
0.0036351	3348.6
0.0036072	3352.9
0.0035795	3357.3
0.0035519	3361.7
0.0035246	3366.1
0.0034973	3370.4
0.0034703	3374.8
0.0034434	3379.2
0.0034167	3383.5
0.0033902	3387.9
0.0033638	3392.3
0.0033376	3396.7
0.0033115	3401
0.0032857	3405.4
0.00326	3409.8
0.0032344	3414.1
0.003209	3418.5
0.0031838	3422.9
0.0031588	3427.3
0.0031339	3431.6
0.0031091	3436
0.0030846	3440.4
0.0030601	3444.7
0.0030359	3449.1
0.0030118	3453.5
0.0029878	3457.9
0.0029641	3462.2
0.0029404	3466.6
0.002917	3471
0.0028937	3475.3
0.0028705	3479.7
0.0028475	3484.1
0.0028246	3488.5
0.0028019	3492.8
0.0027794	3497.2
0.002757	3501.6
0.0027347	3505.9
0.0027126	3510.3
0.0026907	3514.7
0.0026689	3519.1
0.0026472	3523.4
0.0026257	3527.8
0.0026043	3532.2
0.0025831	3536.5
0.0025621	3540.9
0.0025411	3545.3
0.0025203	3549.7
0.0024997	3554
0.0024792	3558.4
0.0024588	3562.8
0.0024386	3567.1
0.0024185	3571.5
0.0023986	3575.9
0.0023788	3580.3
0.0023591	3584.6
0.0023396	3589
0.0023202	3593.4
0.002301	3597.7
0.0022819	3602.1
0.0022629	3606.5
0.002244	3610.9
0.0022253	3615.2
0.0022067	3619.6
0.0021883	3624
0.0021699	3628.3
0.0021518	3632.7
0.0021337	3637.1
0.0021158	3641.5
0.002098	3645.8
0.0020803	3650.2
0.0020627	3654.6
0.0020453	3658.9
0.002028	3663.3
0.0020109	3667.7
0.0019938	3672.1
0.0019769	3676.4
0.0019601	3680.8
0.0019434	3685.2
0.0019268	3689.5
0.0019104	3693.9
0.0018941	3698.3
0.0018779	3702.7
0.0018618	3707
0.0018459	3711.4
0.00183	3715.8
0.0018143	3720.1
0.0017987	3724.5
0.0017832	3728.9
0.0017678	3733.3
0.0017526	3737.6
0.0017374	3742
0.0017224	3746.4
0.0017075	3750.7
0.0016927	3755.1
0.001678	3759.5
0.0016634	3763.9
0.0016489	3768.2
0.0016346	3772.6
0.0016203	3777
0.0016061	3781.3
0.0015921	3785.7
0.0015782	3790.1
0.0015643	3794.5
0.0015506	3798.8
0.001537	3803.2
0.0015235	3807.6
0.0015101	3811.9
0.0014968	3816.3
0.0014836	3820.7
0.0014705	3825.1
0.0014575	3829.4
0.0014446	3833.8
0.0014318	3838.2
0.0014191	3842.5
0.0014065	3846.9
0.0013939	3851.3
0.0013815	3855.7
0.0013692	3860
0.001357	3864.4
0.0013449	3868.8
0.0013329	3873.1
0.001321	3877.5
0.0013091	3881.9
0.0012974	3886.3
0.0012857	3890.6
0.0012742	3895
0.0012627	3899.4
0.0012513	3903.7
0.0012401	3908.1
0.0012289	3912.5
0.0012178	3916.9
0.0012068	3921.2
0.0011958	3925.6
0.001185	3930
0.0011742	3934.3
0.0011636	3938.7
0.001153	3943.1
0.0011425	3947.5
0.0011321	3951.8
0.0011218	3956.2
0.0011115	3960.6
0.0011014	3964.9
0.0010913	3969.3
0.0010813	3973.7
0.0010714	3978.1
0.0010616	3982.4
0.0010518	3986.8
0.0010421	3991.2
0.0010326	3995.5
0.001023	3999.9
0.0010136	4004.3
0.0010043	4008.7
0.00099499	4013
0.00098579	4017.4
0.00097666	4021.8
0.00096761	4026.1
0.00095864	4030.5
0.00094974	4034.9
0.00094092	4039.3
0.00093217	4043.6
0.00092349	4048
0.00091488	4052.4
0.00090635	4056.7
0.00089789	4061.1
0.0008895	4065.5
0.00088118	4069.9
0.00087293	4074.2
0.00086475	4078.6
0.00085664	4083
0.0008486	4087.3
0.00084063	4091.7
0.00083272	4096.1
0.00082488	4100.5
0.00081711	4104.8
0.00080941	4109.2
0.00080177	4113.6
0.0007942	4118
0.00078669	4122.3
0.00077924	4126.7
0.00077186	4131.1
0.00076454	4135.4
0.00075729	4139.8
0.0007501	4144.2
0.00074297	4148.6
0.0007359	4152.9
0.0007289	4157.3
0.00072195	4161.7
0.00071507	4166
0.00070824	4170.4
0.00070148	4174.8
0.00069477	4179.2
0.00068812	4183.5
0.00068154	4187.9
0.000675	4192.3
0.00066853	4196.6
0.00066211	4201
0.00065575	4205.4
0.00064945	4209.8
0.0006432	4214.1
0.00063701	4218.5
0.00063087	4222.9
0.00062478	4227.2
0.00061875	4231.6
0.00061278	4236
0.00060685	4240.4
0.00060098	4244.7
0.00059517	4249.1
0.0005894	4253.5
0.00058369	4257.8
0.00057802	4262.2
0.00057241	4266.6
0.00056685	4271
0.00056134	4275.3
0.00055588	4279.7
0.00055047	4284.1
0.0005451	4288.4
0.00053979	4292.8
0.00053452	4297.2
0.0005293	4301.6
0.00052413	4305.9
0.00051901	4310.3
0.00051393	4314.7
0.0005089	4319
0.00050392	4323.4
0.00049898	4327.8
0.00049408	4332.2
0.00048924	4336.5
0.00048443	4340.9
0.00047967	4345.3
0.00047496	4349.6
0.00047029	4354
0.00046566	4358.4
0.00046107	4362.8
0.00045653	4367.1
0.00045203	4371.5
0.00044757	4375.9
0.00044315	4380.2
0.00043877	4384.6
0.00043444	4389
0.00043014	4393.4
0.00042589	4397.7
0.00042167	4402.1
0.0004175	4406.5
0.00041336	4410.8
0.00040927	4415.2
0.00040521	4419.6
0.00040119	4424
0.00039721	4428.3
0.00039327	4432.7
0.00038936	4437.1
0.00038549	4441.4
0.00038166	4445.8
0.00037786	4450.2
0.00037411	4454.6
0.00037038	4458.9
0.0003667	4463.3
0.00036304	4467.7
0.00035943	4472
0.00035585	4476.4
0.0003523	4480.8
0.00034879	4485.2
0.00034531	4489.5
0.00034186	4493.9
0.00033845	4498.3
0.00033507	4502.6
0.00033173	4507
0.00032841	4511.4
0.00032514	4515.8
0.00032189	4520.1
0.00031867	4524.5
0.00031549	4528.9
0.00031233	4533.2
0.00030921	4537.6
0.00030612	4542
0.00030306	4546.4
0.00030003	4550.7
0.00029703	4555.1
0.00029406	4559.5
0.00029112	4563.8
0.00028821	4568.2
0.00028533	4572.6
0.00028247	4577
0.00027965	4581.3
0.00027685	4585.7
0.00027408	4590.1
0.00027134	4594.4
0.00026863	4598.8
0.00026595	4603.2
0.00026329	4607.6
0.00026066	4611.9
0.00025806	4616.3
0.00025548	4620.7
0.00025293	4625
0.00025041	4629.4
0.00024791	4633.8
0.00024543	4638.2
0.00024299	4642.5
0.00024057	4646.9
0.00023817	4651.3
0.0002358	4655.6
0.00023345	4660
0.00023113	4664.4
0.00022883	4668.8
0.00022656	4673.1
0.00022431	4677.5
0.00022208	4681.9
0.00021988	4686.2
0.0002177	4690.6
0.00021554	4695
0.00021341	4699.4
0.0002113	4703.7
0.00020921	4708.1
0.00020715	4712.5
0.00020511	4716.8
0.00020308	4721.2
0.00020109	4725.6
0.00019911	4730
0.00019715	4734.3
0.00019522	4738.7
0.00019331	4743.1
0.00019141	4747.4
0.00018954	4751.8
0.00018769	4756.2
0.00018586	4760.6
0.00018405	4764.9
0.00018226	4769.3
0.00018049	4773.7
0.00017874	4778
0.00017701	4782.4
0.0001753	4786.8
0.00017361	4791.2
0.00017194	4795.5
0.00017029	4799.9
0.00016865	4804.3
0.00016704	4808.6
0.00016544	4813
0.00016387	4817.4
0.00016231	4821.8
0.00016076	4826.1
0.00015924	4830.5
0.00015774	4834.9
0.00015625	4839.2
0.00015478	4843.6
0.00015333	4848
0.00015189	4852.4
0.00015048	4856.7
0.00014907	4861.1
0.00014769	4865.5
0.00014633	4869.8
0.00014498	4874.2
0.00014364	4878.6
0.00014233	4883
0.00014103	4887.3
0.00013974	4891.7
0.00013847	4896.1
0.00013722	4900.4
0.00013598	4904.8
0.00013476	4909.2
0.00013356	4913.6
0.00013237	4917.9
0.0001312	4922.3
0.00013004	4926.7
0.0001289	4931
0.00012777	4935.4
0.00012665	4939.8
0.00012556	4944.2
0.00012447	4948.5
0.0001234	4952.9
0.00012235	4957.3
0.00012131	4961.6
0.00012028	4966
0.00011927	4970.4
0.00011828	4974.8
0.00011729	4979.1
0.00011632	4983.5
0.00011537	4987.9
0.00011443	4992.2
0.0001135	4996.6
0.00011259	5001
0.00011169	5005.4
0.0001108	5009.7
0.00010993	5014.1
0.00010906	5018.5
0.00010822	5022.9
0.00010738	5027.2
0.00010656	5031.6
0.00010575	5036
0.00010496	5040.3
0.00010418	5044.7
0.00010341	5049.1
0.00010265	5053.5
0.00010191	5057.8
0.00010117	5062.2
0.00010045	5066.6
9.9747e-05	5070.9
9.9052e-05	5075.3
9.8369e-05	5079.7
9.7699e-05	5084.1
9.7041e-05	5088.4
9.6394e-05	5092.8
9.576e-05	5097.2
9.5138e-05	5101.5
9.4527e-05	5105.9
9.3928e-05	5110.3
9.3342e-05	5114.7
9.2766e-05	5119
9.2203e-05	5123.4
9.1651e-05	5127.8
9.1111e-05	5132.1
9.0582e-05	5136.5
9.0064e-05	5140.9
8.9558e-05	5145.3
8.9064e-05	5149.6
8.858e-05	5154
8.8108e-05	5158.4
8.7648e-05	5162.7
8.7198e-05	5167.1
8.676e-05	5171.5
8.6332e-05	5175.9
8.5916e-05	5180.2
8.5511e-05	5184.6
8.5117e-05	5189
8.4733e-05	5193.3
8.4361e-05	5197.7
8.4e-05	5202.1
8.3649e-05	5206.5
8.331e-05	5210.8
8.2981e-05	5215.2
8.2663e-05	5219.6
8.2356e-05	5223.9
8.206e-05	5228.3
8.1774e-05	5232.7
8.1499e-05	5237.1
8.1235e-05	5241.4
8.0982e-05	5245.8
8.0739e-05	5250.2
8.0506e-05	5254.5
8.0285e-05	5258.9
8.0074e-05	5263.3
7.9874e-05	5267.7
7.9684e-05	5272
7.9505e-05	5276.4
7.9336e-05	5280.8
7.9178e-05	5285.1
7.9031e-05	5289.5
7.8894e-05	5293.9
7.8768e-05	5298.3
7.8652e-05	5302.6
7.8547e-05	5307
7.8453e-05	5311.4
7.8369e-05	5315.7
7.8296e-05	5320.1
7.8233e-05	5324.5
7.8181e-05	5328.9
7.8139e-05	5333.2
7.8108e-05	5337.6
7.8088e-05	5342
7.8078e-05	5346.3
7.8079e-05	5350.7
7.8091e-05	5355.1
7.8114e-05	5359.5
7.8147e-05	5363.8
7.819e-05	5368.2
7.8245e-05	5372.6
7.831e-05	5376.9
7.8387e-05	5381.3
7.8474e-05	5385.7
7.8572e-05	5390.1
7.868e-05	5394.4
7.88e-05	5398.8
7.8931e-05	5403.2
7.9072e-05	5407.5
7.9225e-05	5411.9
7.9389e-05	5416.3
7.9564e-05	5420.7
7.975e-05	5425
7.9947e-05	5429.4
8.0155e-05	5433.8
8.0375e-05	5438.1
8.0606e-05	5442.5
8.0848e-05	5446.9
8.1102e-05	5451.3
8.1367e-05	5455.6
8.1644e-05	5460
