5.7808e-12	0
3.6609e-05	4.3715
7.3267e-05	8.743
0.00011003	13.114
0.00014693	17.486
0.00018404	21.857
0.0002214	26.229
0.00025907	30.6
0.00029709	34.972
0.00033551	39.343
0.0003744	43.715
0.0004138	48.086
0.00045377	52.458
0.00049436	56.829
0.00053563	61.201
0.00057765	65.572
0.00062045	69.944
0.00066411	74.315
0.00070869	78.687
0.00075424	83.058
0.00080083	87.43
0.00084853	91.801
0.00089739	96.173
0.00094749	100.54
0.00099888	104.92
0.0010516	109.29
0.0011059	113.66
0.0011616	118.03
0.0012189	122.4
0.0012778	126.77
0.0013384	131.14
0.0014009	135.52
0.0014651	139.89
0.0015313	144.26
0.0015994	148.63
0.0016695	153
0.0017417	157.37
0.0018159	161.75
0.0018922	166.12
0.0019708	170.49
0.0020514	174.86
0.0021343	179.23
0.0022194	183.6
0.0023067	187.97
0.0023962	192.35
0.0024878	196.72
0.0025817	201.09
0.0026778	205.46
0.002776	209.83
0.0028764	214.2
0.0029789	218.57
0.0030835	222.95
0.0031901	227.32
0.0032987	231.69
0.0034094	236.06
0.003522	240.43
0.0036366	244.8
0.0037531	249.18
0.0038715	253.55
0.0039917	257.92
0.0041137	262.29
0.0042374	266.66
0.004363	271.03
0.0044902	275.4
0.0046192	279.78
0.0047498	284.15
0.0048822	288.52
0.0050162	292.89
0.0051518	297.26
0.0052889	301.63
0.0054276	306
0.0055679	310.38
0.0057096	314.75
0.0058529	319.12
0.0059978	323.49
0.0061441	327.86
0.006292	332.23
0.0064413	336.61
0.0065921	340.98
0.0067443	345.35
0.006898	349.72
0.0070531	354.09
0.0072095	358.46
0.0073674	362.83
0.0075267	367.21
0.0076873	371.58
0.0078493	375.95
0.0080127	380.32
0.0081775	384.69
0.0083436	389.06
0.0085111	393.43
0.0086799	397.81
0.00885	402.18
0.0090214	406.55
0.0091941	410.92
0.0093681	415.29
0.0095433	419.66
0.0097197	424.04
0.0098974	428.41
0.010076	432.78
0.010256	437.15
0.010438	441.52
0.01062	445.89
0.010804	450.26
0.010989	454.64
0.011175	459.01
0.011362	463.38
0.01155	467.75
0.011739	472.12
0.011929	476.49
0.012121	480.86
0.012313	485.24
0.012506	489.61
0.0127	493.98
0.012895	498.35
0.013091	502.72
0.013288	507.09
0.013486	511.47
0.013685	515.84
0.013884	520.21
0.014084	524.58
0.014285	528.95
0.014487	533.32
0.014689	537.69
0.014892	542.07
0.015095	546.44
0.015299	550.81
0.015504	555.18
0.015709	559.55
0.015915	563.92
0.016121	568.29
0.016327	572.67
0.016534	577.04
0.016742	581.41
0.016949	585.78
0.017157	590.15
0.017365	594.52
0.017573	598.9
0.017782	603.27
0.01799	607.64
0.018199	612.01
0.018408	616.38
0.018617	620.75
0.018826	625.12
0.019034	629.5
0.019243	633.87
0.019451	638.24
0.01966	642.61
0.019868	646.98
0.020075	651.35
0.020283	655.72
0.02049	660.1
0.020697	664.47
0.020903	668.84
0.021109	673.21
0.021315	677.58
0.02152	681.95
0.021724	686.33
0.021928	690.7
0.022131	695.07
0.022334	699.44
0.022535	703.81
0.022736	708.18
0.022937	712.55
0.023136	716.93
0.023334	721.3
0.023532	725.67
0.023728	730.04
0.023924	734.41
0.024118	738.78
0.024312	743.15
0.024504	747.53
0.024695	751.9
0.024885	756.27
0.025074	760.64
0.025262	765.01
0.025448	769.38
0.025633	773.76
0.025816	778.13
0.025998	782.5
0.026179	786.87
0.026359	791.24
0.026536	795.61
0.026713	799.98
0.026887	804.36
0.02706	808.73
0.027232	813.1
0.027401	817.47
0.027569	821.84
0.027736	826.21
0.0279	830.58
0.028063	834.96
0.028224	839.33
0.028383	843.7
0.02854	848.07
0.028695	852.44
0.028849	856.81
0.029	861.18
0.029149	865.56
0.029297	869.93
0.029442	874.3
0.029585	878.67
0.029727	883.04
0.029866	887.41
0.030003	891.79
0.030137	896.16
0.03027	900.53
0.0304	904.9
0.030529	909.27
0.030654	913.64
0.030778	918.01
0.030899	922.39
0.031018	926.76
0.031135	931.13
0.031249	935.5
0.031361	939.87
0.03147	944.24
0.031577	948.61
0.031682	952.99
0.031784	957.36
0.031884	961.73
0.031982	966.1
0.032076	970.47
0.032169	974.84
0.032259	979.22
0.032346	983.59
0.032431	987.96
0.032513	992.33
0.032593	996.7
0.03267	1001.1
0.032745	1005.4
0.032817	1009.8
0.032887	1014.2
0.032954	1018.6
0.033018	1022.9
0.033079	1027.3
0.033139	1031.7
0.033195	1036
0.033249	1040.4
0.0333	1044.8
0.033349	1049.2
0.033395	1053.5
0.033438	1057.9
0.033479	1062.3
0.033517	1066.6
0.033552	1071
0.033585	1075.4
0.033615	1079.8
0.033643	1084.1
0.033668	1088.5
0.033691	1092.9
0.03371	1097.2
0.033727	1101.6
0.033742	1106
0.033754	1110.4
0.033763	1114.7
0.03377	1119.1
0.033774	1123.5
0.033776	1127.8
0.033774	1132.2
0.033771	1136.6
0.033765	1141
0.033756	1145.3
0.033745	1149.7
0.033731	1154.1
0.033715	1158.4
0.033696	1162.8
0.033675	1167.2
0.033651	1171.6
0.033625	1175.9
0.033596	1180.3
0.033565	1184.7
0.033531	1189
0.033495	1193.4
0.033457	1197.8
0.033416	1202.2
0.033373	1206.5
0.033328	1210.9
0.03328	1215.3
0.03323	1219.6
0.033177	1224
0.033122	1228.4
0.033065	1232.8
0.033006	1237.1
0.032944	1241.5
0.032881	1245.9
0.032815	1250.2
0.032747	1254.6
0.032676	1259
0.032604	1263.4
0.032529	1267.7
0.032453	1272.1
0.032374	1276.5
0.032293	1280.8
0.03221	1285.2
0.032125	1289.6
0.032038	1294
0.03195	1298.3
0.031859	1302.7
0.031766	1307.1
0.031672	1311.4
0.031575	1315.8
0.031477	1320.2
0.031376	1324.6
0.031274	1328.9
0.031171	1333.3
0.031065	1337.7
0.030958	1342
0.030849	1346.4
0.030738	1350.8
0.030626	1355.2
0.030511	1359.5
0.030396	1363.9
0.030279	1368.3
0.03016	1372.7
0.03004	1377
0.029918	1381.4
0.029794	1385.8
0.02967	1390.1
0.029543	1394.5
0.029416	1398.9
0.029287	1403.3
0.029156	1407.6
0.029025	1412
0.028892	1416.4
0.028757	1420.7
0.028622	1425.1
0.028485	1429.5
0.028347	1433.9
0.028208	1438.2
0.028068	1442.6
0.027926	1447
0.027784	1451.3
0.02764	1455.7
0.027495	1460.1
0.02735	1464.5
0.027203	1468.8
0.027056	1473.2
0.026907	1477.6
0.026758	1481.9
0.026608	1486.3
0.026457	1490.7
0.026305	1495.1
0.026152	1499.4
0.025998	1503.8
0.025844	1508.2
0.025689	1512.5
0.025534	1516.9
0.025377	1521.3
0.02522	1525.7
0.025063	1530
0.024905	1534.4
0.024746	1538.8
0.024586	1543.1
0.024427	1547.5
0.024266	1551.9
0.024106	1556.3
0.023945	1560.6
0.023783	1565
0.023621	1569.4
0.023459	1573.7
0.023296	1578.1
0.023133	1582.5
0.02297	1586.9
0.022806	1591.2
0.022643	1595.6
0.022479	1600
0.022315	1604.3
0.02215	1608.7
0.021986	1613.1
0.021822	1617.5
0.021657	1621.8
0.021492	1626.2
0.021327	1630.6
0.021163	1634.9
0.020998	1639.3
0.020833	1643.7
0.020668	1648.1
0.020504	1652.4
0.020339	1656.8
0.020175	1661.2
0.02001	1665.5
0.019846	1669.9
0.019682	1674.3
0.019518	1678.7
0.019354	1683
0.019191	1687.4
0.019028	1691.8
0.018865	1696.1
0.018702	1700.5
0.01854	1704.9
0.018378	1709.3
0.018216	1713.6
0.018055	1718
0.017894	1722.4
0.017733	1726.7
0.017573	1731.1
0.017413	1735.5
0.017254	1739.9
0.017095	1744.2
0.016937	1748.6
0.016779	1753
0.016621	1757.3
0.016465	1761.7
0.016308	1766.1
0.016152	1770.5
0.015997	1774.8
0.015842	1779.2
0.015688	1783.6
0.015535	1787.9
0.015382	1792.3
0.01523	1796.7
0.015078	1801.1
0.014927	1805.4
0.014777	1809.8
0.014627	1814.2
0.014478	1818.5
0.01433	1822.9
0.014183	1827.3
0.014036	1831.7
0.01389	1836
0.013745	1840.4
0.0136	1844.8
0.013457	1849.1
0.013314	1853.5
0.013171	1857.9
0.01303	1862.3
0.012889	1866.6
0.01275	1871
0.012611	1875.4
0.012472	1879.7
0.012335	1884.1
0.012199	1888.5
0.012063	1892.9
0.011928	1897.2
0.011794	1901.6
0.011661	1906
0.011529	1910.3
0.011398	1914.7
0.011267	1919.1
0.011138	1923.5
0.011009	1927.8
0.010881	1932.2
0.010754	1936.6
0.010628	1940.9
0.010503	1945.3
0.010379	1949.7
0.010256	1954.1
0.010133	1958.4
0.010012	1962.8
0.0098914	1967.2
0.0097718	1971.5
0.0096532	1975.9
0.0095355	1980.3
0.0094187	1984.7
0.0093029	1989
0.009188	1993.4
0.0090741	1997.8
0.008961	2002.1
0.008849	2006.5
0.0087378	2010.9
0.0086277	2015.3
0.0085184	2019.6
0.0084101	2024
0.0083028	2028.4
0.0081964	2032.7
0.0080909	2037.1
0.0079864	2041.5
0.0078828	2045.9
0.0077802	2050.2
0.0076785	2054.6
0.0075777	2059
0.0074779	2063.3
0.007379	2067.7
0.007281	2072.1
0.007184	2076.5
0.0070879	2080.8
0.0069927	2085.2
0.0068985	2089.6
0.0068052	2093.9
0.0067127	2098.3
0.0066212	2102.7
0.0065307	2107.1
0.006441	2111.4
0.0063522	2115.8
0.0062644	2120.2
0.0061775	2124.5
0.0060914	2128.9
0.0060063	2133.3
0.005922	2137.7
0.0058386	2142
0.0057562	2146.4
0.0056746	2150.8
0.0055939	2155.1
0.005514	2159.5
0.0054351	2163.9
0.005357	2168.3
0.0052797	2172.6
0.0052033	2177
0.0051278	2181.4
0.0050531	2185.7
0.0049793	2190.1
0.0049063	2194.5
0.0048341	2198.9
0.0047628	2203.2
0.0046923	2207.6
0.0046226	2212
0.0045537	2216.3
0.0044857	2220.7
0.0044184	2225.1
0.004352	2229.5
0.0042863	2233.8
0.0042214	2238.2
0.0041573	2242.6
0.004094	2246.9
0.0040315	2251.3
0.0039697	2255.7
0.0039087	2260.1
0.0038484	2264.4
0.0037889	2268.8
0.0037301	2273.2
0.003672	2277.6
0.0036147	2281.9
0.0035582	2286.3
0.0035023	2290.7
0.0034471	2295
0.0033927	2299.4
0.0033389	2303.8
0.0032859	2308.2
0.0032335	2312.5
0.0031819	2316.9
0.0031309	2321.3
0.0030806	2325.6
0.0030309	2330
0.0029819	2334.4
0.0029336	2338.8
0.0028859	2343.1
0.0028389	2347.5
0.0027925	2351.9
0.0027467	2356.2
0.0027016	2360.6
0.0026571	2365
0.0026132	2369.4
0.0025699	2373.7
0.0025272	2378.1
0.0024851	2382.5
0.0024436	2386.8
0.0024026	2391.2
0.0023623	2395.6
0.0023225	2400
0.0022833	2404.3
0.0022447	2408.7
0.0022066	2413.1
0.002169	2417.4
0.002132	2421.8
0.0020956	2426.2
0.0020596	2430.6
0.0020242	2434.9
0.0019893	2439.3
0.001955	2443.7
0.0019211	2448
0.0018878	2452.4
0.0018549	2456.8
0.0018225	2461.2
0.0017906	2465.5
0.0017592	2469.9
0.0017283	2474.3
0.0016978	2478.6
0.0016678	2483
0.0016383	2487.4
0.0016092	2491.8
0.0015806	2496.1
0.0015524	2500.5
0.0015246	2504.9
0.0014973	2509.2
0.0014703	2513.6
0.0014439	2518
0.0014178	2522.4
0.0013921	2526.7
0.0013669	2531.1
0.001342	2535.5
0.0013175	2539.8
0.0012935	2544.2
0.0012698	2548.6
0.0012465	2553
0.0012236	2557.3
0.001201	2561.7
0.0011788	2566.1
0.001157	2570.4
0.0011355	2574.8
0.0011144	2579.2
0.0010936	2583.6
0.0010731	2587.9
0.001053	2592.3
0.0010333	2596.7
0.0010138	2601
0.00099471	2605.4
0.00097591	2609.8
0.00095743	2614.2
0.00093926	2618.5
0.0009214	2622.9
0.00090383	2627.3
0.00088657	2631.6
0.0008696	2636
0.00085292	2640.4
0.00083652	2644.8
0.00082041	2649.1
0.00080457	2653.5
0.000789	2657.9
0.00077371	2662.2
0.00075867	2666.6
0.00074391	2671
0.00072939	2675.4
0.00071514	2679.7
0.00070113	2684.1
0.00068737	2688.5
0.00067385	2692.8
0.00066057	2697.2
0.00064752	2701.6
0.00063471	2706
0.00062212	2710.3
0.00060976	2714.7
0.00059762	2719.1
0.0005857	2723.4
0.00057399	2727.8
0.00056249	2732.2
0.00055121	2736.6
0.00054012	2740.9
0.00052924	2745.3
0.00051855	2749.7
0.00050807	2754
0.00049777	2758.4
0.00048766	2762.8
0.00047774	2767.2
0.000468	2771.5
0.00045844	2775.9
0.00044906	2780.3
0.00043985	2784.6
0.00043082	2789
0.00042195	2793.4
0.00041325	2797.8
0.00040471	2802.1
0.00039634	2806.5
0.00038812	2810.9
0.00038006	2815.2
0.00037215	2819.6
0.00036439	2824
0.00035678	2828.4
0.00034931	2832.7
0.00034199	2837.1
0.0003348	2841.5
0.00032776	2845.8
0.00032085	2850.2
0.00031407	2854.6
0.00030743	2859
0.00030091	2863.3
0.00029452	2867.7
0.00028826	2872.1
0.00028212	2876.4
0.00027609	2880.8
0.00027019	2885.2
0.0002644	2889.6
0.00025873	2893.9
0.00025317	2898.3
0.00024772	2902.7
0.00024237	2907
0.00023713	2911.4
0.000232	2915.8
0.00022697	2920.2
0.00022204	2924.5
0.00021721	2928.9
0.00021248	2933.3
0.00020784	2937.6
0.00020329	2942
0.00019884	2946.4
0.00019448	2950.8
0.0001902	2955.1
0.00018601	2959.5
0.00018191	2963.9
0.00017789	2968.2
0.00017396	2972.6
0.0001701	2977
0.00016633	2981.4
0.00016263	2985.7
0.00015901	2990.1
0.00015546	2994.5
0.00015198	2998.8
0.00014858	3003.2
0.00014525	3007.6
0.00014199	3012
0.0001388	3016.3
0.00013567	3020.7
0.00013261	3025.1
0.00012961	3029.4
0.00012668	3033.8
0.0001238	3038.2
0.00012099	3042.6
0.00011824	3046.9
0.00011555	3051.3
0.00011291	3055.7
0.00011033	3060
0.0001078	3064.4
0.00010533	3068.8
0.00010291	3073.2
0.00010055	3077.5
9.8232e-05	3081.9
9.5966e-05	3086.3
9.3749e-05	3090.6
9.158e-05	3095
8.9458e-05	3099.4
8.7382e-05	3103.8
8.5351e-05	3108.1
8.3364e-05	3112.5
8.142e-05	3116.9
7.9519e-05	3121.2
7.766e-05	3125.6
7.5841e-05	3130
7.4062e-05	3134.4
7.2323e-05	3138.7
7.0621e-05	3143.1
6.8958e-05	3147.5
6.7331e-05	3151.8
6.574e-05	3156.2
6.4184e-05	3160.6
6.2663e-05	3165
6.1176e-05	3169.3
5.9722e-05	3173.7
5.8301e-05	3178.1
5.6911e-05	3182.4
5.5553e-05	3186.8
5.4225e-05	3191.2
5.2927e-05	3195.6
5.1658e-05	3199.9
5.0418e-05	3204.3
4.9206e-05	3208.7
4.8022e-05	3213.1
4.6864e-05	3217.4
4.5733e-05	3221.8
4.4627e-05	3226.2
4.3547e-05	3230.5
4.2491e-05	3234.9
4.1459e-05	3239.3
4.0451e-05	3243.7
3.9466e-05	3248
3.8504e-05	3252.4
3.7564e-05	3256.8
3.6646e-05	3261.1
3.5749e-05	3265.5
3.4872e-05	3269.9
3.4016e-05	3274.3
3.318e-05	3278.6
3.2363e-05	3283
3.1566e-05	3287.4
3.0787e-05	3291.7
3.0026e-05	3296.1
2.9283e-05	3300.5
2.8557e-05	3304.9
2.7848e-05	3309.2
2.7156e-05	3313.6
2.6481e-05	3318
2.5821e-05	3322.3
2.5177e-05	3326.7
2.4548e-05	3331.1
2.3934e-05	3335.5
2.3334e-05	3339.8
2.2749e-05	3344.2
2.2178e-05	3348.6
2.162e-05	3352.9
2.1076e-05	3357.3
2.0544e-05	3361.7
2.0026e-05	3366.1
1.9519e-05	3370.4
1.9025e-05	3374.8
1.8543e-05	3379.2
1.8073e-05	3383.5
1.7613e-05	3387.9
1.7165e-05	3392.3
1.6728e-05	3396.7
1.6301e-05	3401
1.5885e-05	3405.4
1.5479e-05	3409.8
1.5083e-05	3414.1
1.4696e-05	3418.5
1.4319e-05	3422.9
1.3951e-05	3427.3
1.3592e-05	3431.6
1.3242e-05	3436
1.29e-05	3440.4
1.2567e-05	3444.7
1.2242e-05	3449.1
1.1925e-05	3453.5
1.1616e-05	3457.9
1.1315e-05	3462.2
1.1021e-05	3466.6
1.0734e-05	3471
1.0454e-05	3475.3
1.0182e-05	3479.7
9.9158e-06	3484.1
9.6566e-06	3488.5
9.4038e-06	3492.8
9.1574e-06	3497.2
8.9171e-06	3501.6
8.6829e-06	3505.9
8.4545e-06	3510.3
8.2319e-06	3514.7
8.0149e-06	3519.1
7.8034e-06	3523.4
7.5972e-06	3527.8
7.3962e-06	3532.2
7.2003e-06	3536.5
7.0093e-06	3540.9
6.8232e-06	3545.3
6.6419e-06	3549.7
6.4651e-06	3554
6.2929e-06	3558.4
6.125e-06	3562.8
5.9615e-06	3567.1
5.8021e-06	3571.5
5.6468e-06	3575.9
5.4955e-06	3580.3
5.3481e-06	3584.6
5.2044e-06	3589
5.0645e-06	3593.4
4.9282e-06	3597.7
4.7953e-06	3602.1
4.666e-06	3606.5
4.5399e-06	3610.9
4.4172e-06	3615.2
4.2976e-06	3619.6
4.1811e-06	3624
4.0677e-06	3628.3
3.9572e-06	3632.7
3.8496e-06	3637.1
3.7448e-06	3641.5
3.6427e-06	3645.8
3.5433e-06	3650.2
3.4466e-06	3654.6
3.3523e-06	3658.9
3.2605e-06	3663.3
3.1712e-06	3667.7
3.0842e-06	3672.1
2.9995e-06	3676.4
2.917e-06	3680.8
2.8367e-06	3685.2
2.7586e-06	3689.5
2.6825e-06	3693.9
2.6084e-06	3698.3
2.5363e-06	3702.7
2.4661e-06	3707
2.3978e-06	3711.4
2.3313e-06	3715.8
2.2666e-06	3720.1
2.2036e-06	3724.5
2.1423e-06	3728.9
2.0826e-06	3733.3
2.0246e-06	3737.6
1.9681e-06	3742
1.9131e-06	3746.4
1.8596e-06	3750.7
1.8075e-06	3755.1
1.7569e-06	3759.5
1.7076e-06	3763.9
1.6596e-06	3768.2
1.613e-06	3772.6
1.5676e-06	3777
1.5234e-06	3781.3
1.4804e-06	3785.7
1.4386e-06	3790.1
1.398e-06	3794.5
1.3584e-06	3798.8
1.32e-06	3803.2
1.2826e-06	3807.6
1.2462e-06	3811.9
1.2108e-06	3816.3
1.1763e-06	3820.7
1.1429e-06	3825.1
1.1103e-06	3829.4
1.0786e-06	3833.8
1.0479e-06	3838.2
1.0179e-06	3842.5
9.8879e-07	3846.9
9.6048e-07	3851.3
9.3295e-07	3855.7
9.0619e-07	3860
8.8016e-07	3864.4
8.5486e-07	3868.8
8.3026e-07	3873.1
8.0635e-07	3877.5
7.831e-07	3881.9
7.605e-07	3886.3
7.3853e-07	3890.6
7.1717e-07	3895
6.9641e-07	3899.4
6.7624e-07	3903.7
6.5663e-07	3908.1
6.3756e-07	3912.5
6.1904e-07	3916.9
6.0103e-07	3921.2
5.8354e-07	3925.6
5.6653e-07	3930
5.5001e-07	3934.3
5.3395e-07	3938.7
5.1834e-07	3943.1
5.0318e-07	3947.5
4.8845e-07	3951.8
4.7413e-07	3956.2
4.6022e-07	3960.6
4.4671e-07	3964.9
4.3358e-07	3969.3
4.2082e-07	3973.7
4.0843e-07	3978.1
3.9639e-07	3982.4
3.847e-07	3986.8
3.7334e-07	3991.2
3.6231e-07	3995.5
3.5159e-07	3999.9
3.4118e-07	4004.3
3.3106e-07	4008.7
3.2124e-07	4013
3.117e-07	4017.4
3.0244e-07	4021.8
2.9344e-07	4026.1
2.8471e-07	4030.5
2.7622e-07	4034.9
2.6798e-07	4039.3
2.5998e-07	4043.6
2.5221e-07	4048
2.4467e-07	4052.4
2.3734e-07	4056.7
2.3023e-07	4061.1
2.2332e-07	4065.5
2.1662e-07	4069.9
2.1011e-07	4074.2
2.0379e-07	4078.6
1.9766e-07	4083
1.917e-07	4087.3
1.8592e-07	4091.7
1.8031e-07	4096.1
1.7487e-07	4100.5
1.6958e-07	4104.8
1.6445e-07	4109.2
1.5947e-07	4113.6
1.5463e-07	4118
1.4994e-07	4122.3
1.4539e-07	4126.7
1.4097e-07	4131.1
1.3668e-07	4135.4
1.3252e-07	4139.8
1.2848e-07	4144.2
1.2456e-07	4148.6
1.2076e-07	4152.9
1.1707e-07	4157.3
1.1349e-07	4161.7
1.1002e-07	4166
1.0665e-07	4170.4
1.0338e-07	4174.8
1.002e-07	4179.2
9.7127e-08	4183.5
9.4142e-08	4187.9
9.1246e-08	4192.3
8.8436e-08	4196.6
8.5711e-08	4201
8.3068e-08	4205.4
8.0504e-08	4209.8
7.8017e-08	4214.1
7.5605e-08	4218.5
7.3265e-08	4222.9
7.0996e-08	4227.2
6.8795e-08	4231.6
6.6661e-08	4236
6.4591e-08	4240.4
6.2584e-08	4244.7
6.0638e-08	4249.1
5.8751e-08	4253.5
5.692e-08	4257.8
5.5146e-08	4262.2
5.3425e-08	4266.6
5.1757e-08	4271
5.014e-08	4275.3
4.8571e-08	4279.7
4.7051e-08	4284.1
4.5577e-08	4288.4
4.4148e-08	4292.8
4.2763e-08	4297.2
4.142e-08	4301.6
4.0118e-08	4305.9
3.8856e-08	4310.3
3.7633e-08	4314.7
3.6447e-08	4319
3.5298e-08	4323.4
3.4184e-08	4327.8
3.3105e-08	4332.2
3.2058e-08	4336.5
3.1044e-08	4340.9
3.0062e-08	4345.3
2.9109e-08	4349.6
2.8186e-08	4354
2.7292e-08	4358.4
2.6425e-08	4362.8
2.5586e-08	4367.1
2.4772e-08	4371.5
2.3983e-08	4375.9
2.3219e-08	4380.2
2.2479e-08	4384.6
2.1762e-08	4389
2.1067e-08	4393.4
2.0394e-08	4397.7
1.9742e-08	4402.1
1.911e-08	4406.5
1.8498e-08	4410.8
1.7905e-08	4415.2
1.7331e-08	4419.6
1.6774e-08	4424
1.6235e-08	4428.3
1.5713e-08	4432.7
1.5208e-08	4437.1
1.4718e-08	4441.4
1.4244e-08	4445.8
1.3784e-08	4450.2
1.334e-08	4454.6
1.2909e-08	4458.9
1.2491e-08	4463.3
1.2087e-08	4467.7
1.1696e-08	4472
1.1317e-08	4476.4
1.095e-08	4480.8
1.0595e-08	4485.2
1.0251e-08	4489.5
9.9179e-09	4493.9
9.5954e-09	4498.3
9.2831e-09	4502.6
8.9808e-09	4507
8.6881e-09	4511.4
8.4048e-09	4515.8
8.1304e-09	4520.1
7.8648e-09	4524.5
7.6078e-09	4528.9
7.3589e-09	4533.2
7.118e-09	4537.6
6.8848e-09	4542
6.6591e-09	4546.4
6.4406e-09	4550.7
6.2291e-09	4555.1
6.0244e-09	4559.5
5.8263e-09	4563.8
5.6346e-09	4568.2
5.4491e-09	4572.6
5.2695e-09	4577
5.0957e-09	4581.3
4.9275e-09	4585.7
4.7648e-09	4590.1
4.6073e-09	4594.4
4.4549e-09	4598.8
4.3075e-09	4603.2
4.1648e-09	4607.6
4.0267e-09	4611.9
3.8931e-09	4616.3
3.7639e-09	4620.7
3.6389e-09	4625
3.5179e-09	4629.4
3.4008e-09	4633.8
3.2876e-09	4638.2
3.1781e-09	4642.5
3.0721e-09	4646.9
2.9696e-09	4651.3
2.8704e-09	4655.6
2.7745e-09	4660
2.6817e-09	4664.4
2.5919e-09	4668.8
2.5051e-09	4673.1
2.4212e-09	4677.5
2.3399e-09	4681.9
2.2614e-09	4686.2
2.1854e-09	4690.6
2.112e-09	4695
2.0409e-09	4699.4
1.9722e-09	4703.7
1.9058e-09	4708.1
1.8415e-09	4712.5
1.7794e-09	4716.8
1.7193e-09	4721.2
1.6613e-09	4725.6
1.6051e-09	4730
1.5508e-09	4734.3
1.4983e-09	4738.7
1.4475e-09	4743.1
1.3984e-09	4747.4
1.351e-09	4751.8
1.3051e-09	4756.2
1.2608e-09	4760.6
1.2179e-09	4764.9
1.1765e-09	4769.3
1.1364e-09	4773.7
1.0977e-09	4778
1.0602e-09	4782.4
1.0241e-09	4786.8
9.8911e-10	4791.2
9.5531e-10	4795.5
9.2264e-10	4799.9
8.9107e-10	4804.3
8.6056e-10	4808.6
8.3107e-10	4813
8.0258e-10	4817.4
7.7504e-10	4821.8
7.4843e-10	4826.1
7.2271e-10	4830.5
6.9786e-10	4834.9
6.7385e-10	4839.2
6.5066e-10	4843.6
6.2824e-10	4848
6.0658e-10	4852.4
5.8565e-10	4856.7
5.6543e-10	4861.1
5.459e-10	4865.5
5.2703e-10	4869.8
5.0879e-10	4874.2
4.9118e-10	4878.6
4.7417e-10	4883
4.5773e-10	4887.3
4.4186e-10	4891.7
4.2652e-10	4896.1
4.117e-10	4900.4
3.974e-10	4904.8
3.8357e-10	4909.2
3.7023e-10	4913.6
3.5733e-10	4917.9
3.4488e-10	4922.3
3.3286e-10	4926.7
3.2124e-10	4931
3.1003e-10	4935.4
2.992e-10	4939.8
2.8874e-10	4944.2
2.7864e-10	4948.5
2.6888e-10	4952.9
2.5947e-10	4957.3
2.5037e-10	4961.6
2.4159e-10	4966
2.3312e-10	4970.4
2.2493e-10	4974.8
2.1703e-10	4979.1
2.094e-10	4983.5
2.0203e-10	4987.9
1.9492e-10	4992.2
1.8806e-10	4996.6
1.8143e-10	5001
1.7503e-10	5005.4
1.6886e-10	5009.7
1.629e-10	5014.1
1.5715e-10	5018.5
1.5159e-10	5022.9
1.4623e-10	5027.2
1.4106e-10	5031.6
1.3607e-10	5036
1.3125e-10	5040.3
1.266e-10	5044.7
1.2211e-10	5049.1
1.1778e-10	5053.5
1.136e-10	5057.8
1.0957e-10	5062.2
1.0568e-10	5066.6
1.0193e-10	5070.9
9.8303e-11	5075.3
9.4809e-11	5079.7
9.1437e-11	5084.1
8.8185e-11	5088.4
8.5048e-11	5092.8
8.2022e-11	5097.2
7.9103e-11	5101.5
7.6287e-11	5105.9
7.3571e-11	5110.3
7.0952e-11	5114.7
6.8427e-11	5119
6.5991e-11	5123.4
6.3642e-11	5127.8
6.1377e-11	5132.1
5.9194e-11	5136.5
5.7088e-11	5140.9
5.5059e-11	5145.3
5.3103e-11	5149.6
5.1217e-11	5154
4.9399e-11	5158.4
4.7647e-11	5162.7
4.5959e-11	5167.1
4.4333e-11	5171.5
4.2765e-11	5175.9
4.1255e-11	5180.2
3.9801e-11	5184.6
3.8399e-11	5189
3.705e-11	5193.3
3.5751e-11	5197.7
3.45e-11	5202.1
3.3295e-11	5206.5
3.2136e-11	5210.8
3.102e-11	5215.2
2.9946e-11	5219.6
2.8913e-11	5223.9
2.7919e-11	5228.3
2.6964e-11	5232.7
2.6045e-11	5237.1
2.5162e-11	5241.4
2.4313e-11	5245.8
2.3498e-11	5250.2
2.2715e-11	5254.5
2.1963e-11	5258.9
2.1241e-11	5263.3
2.0549e-11	5267.7
1.9885e-11	5272
1.9248e-11	5276.4
1.8638e-11	5280.8
1.8054e-11	5285.1
1.7495e-11	5289.5
1.6961e-11	5293.9
1.6449e-11	5298.3
1.5961e-11	5302.6
1.5495e-11	5307
1.5051e-11	5311.4
1.4628e-11	5315.7
1.4225e-11	5320.1
1.3843e-11	5324.5
1.3479e-11	5328.9
1.3135e-11	5333.2
1.2809e-11	5337.6
1.2501e-11	5342
1.2211e-11	5346.3
1.1938e-11	5350.7
1.1682e-11	5355.1
1.1443e-11	5359.5
1.122e-11	5363.8
1.1013e-11	5368.2
1.0821e-11	5372.6
1.0645e-11	5376.9
1.0484e-11	5381.3
1.0338e-11	5385.7
1.0207e-11	5390.1
1.0091e-11	5394.4
9.9888e-12	5398.8
9.9012e-12	5403.2
9.8278e-12	5407.5
9.7685e-12	5411.9
9.7234e-12	5416.3
9.6923e-12	5420.7
9.6751e-12	5425
9.672e-12	5429.4
9.683e-12	5433.8
9.7079e-12	5438.1
9.747e-12	5442.5
9.8003e-12	5446.9
9.8678e-12	5451.3
9.9498e-12	5455.6
1.0046e-11	5460
