1.5735e-12	0
1.2066e-05	4.0272
2.4156e-05	8.0544
3.6297e-05	12.082
4.8512e-05	16.109
6.0828e-05	20.136
7.327e-05	24.163
8.5864e-05	28.191
9.8636e-05	32.218
0.00011161	36.245
0.00012482	40.272
0.00013828	44.299
0.00015203	48.327
0.00016609	52.354
0.00018049	56.381
0.00019526	60.408
0.00021043	64.436
0.00022603	68.463
0.00024209	72.49
0.00025863	76.517
0.0002757	80.544
0.00029333	84.572
0.00031154	88.599
0.00033038	92.626
0.00034987	96.653
0.00037006	100.68
0.00039097	104.71
0.00041265	108.73
0.00043513	112.76
0.00045845	116.79
0.00048265	120.82
0.00050775	124.84
0.00053381	128.87
0.00056085	132.9
0.00058892	136.93
0.00061805	140.95
0.00064828	144.98
0.00067964	149.01
0.00071219	153.03
0.00074594	157.06
0.00078096	161.09
0.00081727	165.12
0.00085491	169.14
0.00089393	173.17
0.00093437	177.2
0.00097627	181.22
0.0010197	185.25
0.0010646	189.28
0.0011112	193.31
0.0011594	197.33
0.0012092	201.36
0.0012608	205.39
0.0013142	209.42
0.0013694	213.44
0.0014265	217.47
0.0014855	221.5
0.0015464	225.52
0.0016094	229.55
0.0016744	233.58
0.0017416	237.61
0.0018109	241.63
0.0018825	245.66
0.0019563	249.69
0.0020324	253.71
0.0021109	257.74
0.0021917	261.77
0.0022751	265.8
0.002361	269.82
0.0024494	273.85
0.0025404	277.88
0.0026341	281.91
0.0027304	285.93
0.0028295	289.96
0.0029314	293.99
0.0030362	298.01
0.0031438	302.04
0.0032543	306.07
0.0033677	310.1
0.0034842	314.12
0.0036037	318.15
0.0037262	322.18
0.0038519	326.2
0.0039806	330.23
0.0041125	334.26
0.0042477	338.29
0.004386	342.31
0.0045275	346.34
0.0046723	350.37
0.0048204	354.4
0.0049717	358.42
0.0051263	362.45
0.0052843	366.48
0.0054456	370.5
0.0056102	374.53
0.0057782	378.56
0.0059495	382.59
0.0061241	386.61
0.0063021	390.64
0.0064834	394.67
0.006668	398.69
0.0068559	402.72
0.0070471	406.75
0.0072415	410.78
0.0074391	414.8
0.0076399	418.83
0.0078439	422.86
0.008051	426.89
0.0082613	430.91
0.0084746	434.94
0.008691	438.97
0.0089104	442.99
0.0091328	447.02
0.0093582	451.05
0.0095864	455.08
0.0098174	459.1
0.010051	463.13
0.010288	467.16
0.010527	471.18
0.010768	475.21
0.011012	479.24
0.011259	483.27
0.011507	487.29
0.011758	491.32
0.012011	495.35
0.012267	499.38
0.012524	503.4
0.012783	507.43
0.013045	511.46
0.013308	515.48
0.013573	519.51
0.013839	523.54
0.014107	527.57
0.014377	531.59
0.014648	535.62
0.014921	539.65
0.015194	543.67
0.015469	547.7
0.015745	551.73
0.016021	555.76
0.016298	559.78
0.016576	563.81
0.016855	567.84
0.017134	571.87
0.017413	575.89
0.017694	579.92
0.017974	583.95
0.018255	587.97
0.018535	592
0.018816	596.03
0.019097	600.06
0.019378	604.08
0.019659	608.11
0.019939	612.14
0.020219	616.16
0.020499	620.19
0.020778	624.22
0.021057	628.25
0.021334	632.27
0.021611	636.3
0.021887	640.33
0.022162	644.36
0.022436	648.38
0.022709	652.41
0.022981	656.44
0.023251	660.46
0.02352	664.49
0.023788	668.52
0.024054	672.55
0.024319	676.57
0.024582	680.6
0.024844	684.63
0.025105	688.65
0.025363	692.68
0.02562	696.71
0.025875	700.74
0.026128	704.76
0.026379	708.79
0.026628	712.82
0.026875	716.85
0.027119	720.87
0.027362	724.9
0.027602	728.93
0.02784	732.95
0.028075	736.98
0.028309	741.01
0.028539	745.04
0.028768	749.06
0.028993	753.09
0.029217	757.12
0.029437	761.14
0.029655	765.17
0.02987	769.2
0.030083	773.23
0.030293	777.25
0.0305	781.28
0.030704	785.31
0.030906	789.34
0.031105	793.36
0.0313	797.39
0.031493	801.42
0.031683	805.44
0.031869	809.47
0.032053	813.5
0.032233	817.53
0.032411	821.55
0.032585	825.58
0.032756	829.61
0.032924	833.63
0.033089	837.66
0.03325	841.69
0.033408	845.72
0.033563	849.74
0.033715	853.77
0.033863	857.8
0.034008	861.83
0.03415	865.85
0.034288	869.88
0.034423	873.91
0.034554	877.93
0.034682	881.96
0.034807	885.99
0.034928	890.02
0.035046	894.04
0.03516	898.07
0.035271	902.1
0.035378	906.12
0.035482	910.15
0.035583	914.18
0.035679	918.21
0.035773	922.23
0.035862	926.26
0.035948	930.29
0.036031	934.32
0.03611	938.34
0.036186	942.37
0.036258	946.4
0.036326	950.42
0.036391	954.45
0.036453	958.48
0.036511	962.51
0.036565	966.53
0.036616	970.56
0.036664	974.59
0.036708	978.61
0.036748	982.64
0.036785	986.67
0.036819	990.7
0.036849	994.72
0.036875	998.75
0.036898	1002.8
0.036918	1006.8
0.036934	1010.8
0.036947	1014.9
0.036956	1018.9
0.036962	1022.9
0.036964	1026.9
0.036964	1031
0.036959	1035
0.036952	1039
0.036941	1043.1
0.036927	1047.1
0.036909	1051.1
0.036889	1055.1
0.036865	1059.2
0.036838	1063.2
0.036807	1067.2
0.036774	1071.2
0.036737	1075.3
0.036698	1079.3
0.036655	1083.3
0.036609	1087.3
0.03656	1091.4
0.036508	1095.4
0.036453	1099.4
0.036395	1103.5
0.036334	1107.5
0.03627	1111.5
0.036203	1115.5
0.036133	1119.6
0.036061	1123.6
0.035985	1127.6
0.035907	1131.6
0.035826	1135.7
0.035743	1139.7
0.035656	1143.7
0.035567	1147.8
0.035476	1151.8
0.035381	1155.8
0.035285	1159.8
0.035185	1163.9
0.035083	1167.9
0.034979	1171.9
0.034872	1175.9
0.034763	1180
0.034652	1184
0.034538	1188
0.034422	1192.1
0.034303	1196.1
0.034183	1200.1
0.03406	1204.1
0.033935	1208.2
0.033807	1212.2
0.033678	1216.2
0.033547	1220.2
0.033413	1224.3
0.033278	1228.3
0.03314	1232.3
0.033001	1236.4
0.03286	1240.4
0.032717	1244.4
0.032572	1248.4
0.032425	1252.5
0.032277	1256.5
0.032127	1260.5
0.031975	1264.5
0.031822	1268.6
0.031667	1272.6
0.03151	1276.6
0.031352	1280.7
0.031193	1284.7
0.031032	1288.7
0.030869	1292.7
0.030705	1296.8
0.03054	1300.8
0.030374	1304.8
0.030206	1308.8
0.030037	1312.9
0.029867	1316.9
0.029695	1320.9
0.029523	1325
0.029349	1329
0.029174	1333
0.028998	1337
0.028822	1341.1
0.028644	1345.1
0.028465	1349.1
0.028286	1353.1
0.028105	1357.2
0.027924	1361.2
0.027742	1365.2
0.027559	1369.3
0.027376	1373.3
0.027192	1377.3
0.027007	1381.3
0.026822	1385.4
0.026635	1389.4
0.026449	1393.4
0.026262	1397.4
0.026074	1401.5
0.025886	1405.5
0.025697	1409.5
0.025508	1413.6
0.025319	1417.6
0.025129	1421.6
0.024939	1425.6
0.024749	1429.7
0.024559	1433.7
0.024368	1437.7
0.024177	1441.7
0.023986	1445.8
0.023795	1449.8
0.023603	1453.8
0.023412	1457.9
0.023221	1461.9
0.023029	1465.9
0.022838	1469.9
0.022646	1474
0.022455	1478
0.022264	1482
0.022073	1486
0.021882	1490.1
0.021691	1494.1
0.0215	1498.1
0.02131	1502.2
0.02112	1506.2
0.02093	1510.2
0.020741	1514.2
0.020551	1518.3
0.020362	1522.3
0.020174	1526.3
0.019986	1530.3
0.019798	1534.4
0.019611	1538.4
0.019424	1542.4
0.019237	1546.5
0.019051	1550.5
0.018866	1554.5
0.018681	1558.5
0.018497	1562.6
0.018313	1566.6
0.01813	1570.6
0.017948	1574.6
0.017766	1578.7
0.017585	1582.7
0.017404	1586.7
0.017225	1590.8
0.017046	1594.8
0.016867	1598.8
0.01669	1602.8
0.016513	1606.9
0.016337	1610.9
0.016162	1614.9
0.015988	1618.9
0.015814	1623
0.015642	1627
0.01547	1631
0.015299	1635.1
0.015129	1639.1
0.014959	1643.1
0.014791	1647.1
0.014624	1651.2
0.014457	1655.2
0.014292	1659.2
0.014127	1663.2
0.013964	1667.3
0.013801	1671.3
0.01364	1675.3
0.013479	1679.4
0.01332	1683.4
0.013161	1687.4
0.013004	1691.4
0.012847	1695.5
0.012692	1699.5
0.012538	1703.5
0.012385	1707.5
0.012232	1711.6
0.012081	1715.6
0.011932	1719.6
0.011783	1723.7
0.011635	1727.7
0.011488	1731.7
0.011343	1735.7
0.011199	1739.8
0.011055	1743.8
0.010913	1747.8
0.010772	1751.8
0.010632	1755.9
0.010494	1759.9
0.010356	1763.9
0.01022	1768
0.010085	1772
0.0099504	1776
0.0098175	1780
0.0096857	1784.1
0.0095551	1788.1
0.0094256	1792.1
0.0092973	1796.1
0.0091702	1800.2
0.0090442	1804.2
0.0089195	1808.2
0.0087958	1812.2
0.0086734	1816.3
0.0085521	1820.3
0.008432	1824.3
0.0083131	1828.4
0.0081953	1832.4
0.0080787	1836.4
0.0079633	1840.4
0.0078491	1844.5
0.007736	1848.5
0.007624	1852.5
0.0075132	1856.5
0.0074036	1860.6
0.0072951	1864.6
0.0071878	1868.6
0.0070816	1872.7
0.0069766	1876.7
0.0068727	1880.7
0.00677	1884.7
0.0066683	1888.8
0.0065678	1892.8
0.0064684	1896.8
0.0063702	1900.8
0.006273	1904.9
0.0061769	1908.9
0.006082	1912.9
0.0059881	1917
0.0058954	1921
0.0058037	1925
0.0057131	1929
0.0056236	1933.1
0.0055351	1937.1
0.0054477	1941.1
0.0053614	1945.1
0.0052761	1949.2
0.0051919	1953.2
0.0051087	1957.2
0.0050265	1961.3
0.0049454	1965.3
0.0048653	1969.3
0.0047862	1973.3
0.0047082	1977.4
0.0046311	1981.4
0.004555	1985.4
0.0044799	1989.4
0.0044058	1993.5
0.0043327	1997.5
0.0042605	2001.5
0.0041893	2005.6
0.004119	2009.6
0.0040497	2013.6
0.0039813	2017.6
0.0039139	2021.7
0.0038473	2025.7
0.0037817	2029.7
0.003717	2033.7
0.0036532	2037.8
0.0035903	2041.8
0.0035282	2045.8
0.0034671	2049.9
0.0034068	2053.9
0.0033473	2057.9
0.0032888	2061.9
0.003231	2066
0.0031741	2070
0.003118	2074
0.0030627	2078
0.0030082	2082.1
0.0029546	2086.1
0.0029017	2090.1
0.0028496	2094.2
0.0027983	2098.2
0.0027478	2102.2
0.002698	2106.2
0.002649	2110.3
0.0026007	2114.3
0.0025531	2118.3
0.0025063	2122.3
0.0024602	2126.4
0.0024148	2130.4
0.0023702	2134.4
0.0023262	2138.5
0.0022829	2142.5
0.0022403	2146.5
0.0021984	2150.5
0.0021571	2154.6
0.0021165	2158.6
0.0020766	2162.6
0.0020372	2166.6
0.0019986	2170.7
0.0019605	2174.7
0.0019231	2178.7
0.0018863	2182.8
0.0018501	2186.8
0.0018145	2190.8
0.0017794	2194.8
0.001745	2198.9
0.0017111	2202.9
0.0016778	2206.9
0.0016451	2210.9
0.0016129	2215
0.0015813	2219
0.0015502	2223
0.0015196	2227.1
0.0014895	2231.1
0.00146	2235.1
0.001431	2239.1
0.0014025	2243.2
0.0013744	2247.2
0.0013469	2251.2
0.0013199	2255.2
0.0012933	2259.3
0.0012672	2263.3
0.0012415	2267.3
0.0012163	2271.4
0.0011916	2275.4
0.0011673	2279.4
0.0011434	2283.4
0.00112	2287.5
0.001097	2291.5
0.0010744	2295.5
0.0010522	2299.5
0.0010304	2303.6
0.001009	2307.6
0.00098801	2311.6
0.0009674	2315.7
0.00094718	2319.7
0.00092732	2323.7
0.00090784	2327.7
0.00088873	2331.8
0.00086997	2335.8
0.00085156	2339.8
0.0008335	2343.8
0.00081578	2347.9
0.0007984	2351.9
0.00078134	2355.9
0.00076462	2360
0.00074821	2364
0.00073212	2368
0.00071634	2372
0.00070086	2376.1
0.00068568	2380.1
0.0006708	2384.1
0.00065621	2388.1
0.0006419	2392.2
0.00062788	2396.2
0.00061413	2400.2
0.00060065	2404.3
0.00058743	2408.3
0.00057448	2412.3
0.00056179	2416.3
0.00054935	2420.4
0.00053716	2424.4
0.00052522	2428.4
0.00051351	2432.4
0.00050204	2436.5
0.0004908	2440.5
0.00047979	2444.5
0.00046901	2448.6
0.00045844	2452.6
0.00044809	2456.6
0.00043795	2460.6
0.00042802	2464.7
0.0004183	2468.7
0.00040877	2472.7
0.00039945	2476.7
0.00039032	2480.8
0.00038137	2484.8
0.00037262	2488.8
0.00036404	2492.9
0.00035565	2496.9
0.00034744	2500.9
0.00033939	2504.9
0.00033152	2509
0.00032381	2513
0.00031627	2517
0.00030889	2521
0.00030167	2525.1
0.0002946	2529.1
0.00028768	2533.1
0.00028091	2537.1
0.00027429	2541.2
0.00026781	2545.2
0.00026147	2549.2
0.00025527	2553.3
0.00024921	2557.3
0.00024327	2561.3
0.00023747	2565.3
0.0002318	2569.4
0.00022625	2573.4
0.00022082	2577.4
0.00021551	2581.4
0.00021032	2585.5
0.00020525	2589.5
0.00020029	2593.5
0.00019543	2597.6
0.00019069	2601.6
0.00018606	2605.6
0.00018152	2609.6
0.0001771	2613.7
0.00017277	2617.7
0.00016853	2621.7
0.0001644	2625.7
0.00016036	2629.8
0.00015641	2633.8
0.00015255	2637.8
0.00014878	2641.9
0.0001451	2645.9
0.0001415	2649.9
0.00013798	2653.9
0.00013455	2658
0.00013119	2662
0.00012791	2666
0.00012471	2670
0.00012158	2674.1
0.00011853	2678.1
0.00011555	2682.1
0.00011263	2686.2
0.00010979	2690.2
0.00010701	2694.2
0.0001043	2698.2
0.00010165	2702.3
9.9069e-05	2706.3
9.6545e-05	2710.3
9.4082e-05	2714.3
9.1677e-05	2718.4
8.933e-05	2722.4
8.7039e-05	2726.4
8.4802e-05	2730.5
8.262e-05	2734.5
8.049e-05	2738.5
7.8411e-05	2742.5
7.6383e-05	2746.6
7.4404e-05	2750.6
7.2472e-05	2754.6
7.0588e-05	2758.6
6.875e-05	2762.7
6.6956e-05	2766.7
6.5207e-05	2770.7
6.35e-05	2774.8
6.1835e-05	2778.8
6.0211e-05	2782.8
5.8627e-05	2786.8
5.7083e-05	2790.9
5.5576e-05	2794.9
5.4107e-05	2798.9
5.2675e-05	2802.9
5.1278e-05	2807
4.9916e-05	2811
4.8588e-05	2815
4.7293e-05	2819.1
4.6031e-05	2823.1
4.4801e-05	2827.1
4.3601e-05	2831.1
4.2432e-05	2835.2
4.1292e-05	2839.2
4.0182e-05	2843.2
3.9099e-05	2847.2
3.8044e-05	2851.3
3.7016e-05	2855.3
3.6014e-05	2859.3
3.5037e-05	2863.4
3.4086e-05	2867.4
3.3159e-05	2871.4
3.2256e-05	2875.4
3.1376e-05	2879.5
3.0519e-05	2883.5
2.9684e-05	2887.5
2.887e-05	2891.5
2.8078e-05	2895.6
2.7306e-05	2899.6
2.6555e-05	2903.6
2.5823e-05	2907.7
2.511e-05	2911.7
2.4415e-05	2915.7
2.3739e-05	2919.7
2.3081e-05	2923.8
2.244e-05	2927.8
2.1816e-05	2931.8
2.1208e-05	2935.8
2.0616e-05	2939.9
2.004e-05	2943.9
1.948e-05	2947.9
1.8934e-05	2952
1.8402e-05	2956
1.7885e-05	2960
1.7382e-05	2964
1.6892e-05	2968.1
1.6415e-05	2972.1
1.5951e-05	2976.1
1.55e-05	2980.1
1.506e-05	2984.2
1.4633e-05	2988.2
1.4217e-05	2992.2
1.3812e-05	2996.3
1.3418e-05	3000.3
1.3035e-05	3004.3
1.2663e-05	3008.3
1.23e-05	3012.4
1.1947e-05	3016.4
1.1604e-05	3020.4
1.1271e-05	3024.4
1.0946e-05	3028.5
1.063e-05	3032.5
1.0324e-05	3036.5
1.0025e-05	3040.6
9.7348e-06	3044.6
9.4525e-06	3048.6
9.1781e-06	3052.6
8.9113e-06	3056.7
8.6518e-06	3060.7
8.3996e-06	3064.7
8.1544e-06	3068.7
7.916e-06	3072.8
7.6843e-06	3076.8
7.459e-06	3080.8
7.2401e-06	3084.9
7.0273e-06	3088.9
6.8205e-06	3092.9
6.6195e-06	3096.9
6.4242e-06	3101
6.2344e-06	3105
6.0499e-06	3109
5.8707e-06	3113
5.6965e-06	3117.1
5.5273e-06	3121.1
5.3629e-06	3125.1
5.2032e-06	3129.2
5.048e-06	3133.2
4.8973e-06	3137.2
4.7509e-06	3141.2
4.6086e-06	3145.3
4.4705e-06	3149.3
4.3363e-06	3153.3
4.206e-06	3157.3
4.0794e-06	3161.4
3.9565e-06	3165.4
3.8372e-06	3169.4
3.7212e-06	3173.5
3.6087e-06	3177.5
3.4994e-06	3181.5
3.3933e-06	3185.5
3.2903e-06	3189.6
3.1903e-06	3193.6
3.0932e-06	3197.6
2.9989e-06	3201.6
2.9074e-06	3205.7
2.8186e-06	3209.7
2.7324e-06	3213.7
2.6487e-06	3217.8
2.5675e-06	3221.8
2.4886e-06	3225.8
2.4121e-06	3229.8
2.3379e-06	3233.9
2.2658e-06	3237.9
2.1959e-06	3241.9
2.1281e-06	3245.9
2.0623e-06	3250
1.9984e-06	3254
1.9365e-06	3258
1.8763e-06	3262
1.818e-06	3266.1
1.7614e-06	3270.1
1.7066e-06	3274.1
1.6533e-06	3278.2
1.6017e-06	3282.2
1.5516e-06	3286.2
1.503e-06	3290.2
1.4559e-06	3294.3
1.4102e-06	3298.3
1.3659e-06	3302.3
1.323e-06	3306.3
1.2813e-06	3310.4
1.2409e-06	3314.4
1.2017e-06	3318.4
1.1637e-06	3322.5
1.1269e-06	3326.5
1.0912e-06	3330.5
1.0566e-06	3334.5
1.023e-06	3338.6
9.9053e-07	3342.6
9.59e-07	3346.6
9.2844e-07	3350.6
8.9882e-07	3354.7
8.7011e-07	3358.7
8.4229e-07	3362.7
8.1533e-07	3366.8
7.892e-07	3370.8
7.6387e-07	3374.8
7.3934e-07	3378.8
7.1556e-07	3382.9
6.9252e-07	3386.9
6.702e-07	3390.9
6.4858e-07	3394.9
6.2762e-07	3399
6.0733e-07	3403
5.8766e-07	3407
5.6861e-07	3411.1
5.5016e-07	3415.1
5.3229e-07	3419.1
5.1498e-07	3423.1
4.9821e-07	3427.2
4.8197e-07	3431.2
4.6625e-07	3435.2
4.5102e-07	3439.2
4.3627e-07	3443.3
4.2199e-07	3447.3
4.0816e-07	3451.3
3.9477e-07	3455.4
3.818e-07	3459.4
3.6925e-07	3463.4
3.5709e-07	3467.4
3.4532e-07	3471.5
3.3393e-07	3475.5
3.2291e-07	3479.5
3.1223e-07	3483.5
3.019e-07	3487.6
2.919e-07	3491.6
2.8222e-07	3495.6
2.7285e-07	3499.7
2.6378e-07	3503.7
2.55e-07	3507.7
2.4651e-07	3511.7
2.3829e-07	3515.8
2.3034e-07	3519.8
2.2264e-07	3523.8
2.1519e-07	3527.8
2.0799e-07	3531.9
2.0102e-07	3535.9
1.9427e-07	3539.9
1.8775e-07	3544
1.8143e-07	3548
1.7533e-07	3552
1.6942e-07	3556
1.6371e-07	3560.1
1.5818e-07	3564.1
1.5283e-07	3568.1
1.4766e-07	3572.1
1.4266e-07	3576.2
1.3782e-07	3580.2
1.3315e-07	3584.2
1.2862e-07	3588.3
1.2425e-07	3592.3
1.2002e-07	3596.3
1.1593e-07	3600.3
1.1197e-07	3604.4
1.0815e-07	3608.4
1.0445e-07	3612.4
1.0088e-07	3616.4
9.7424e-08	3620.5
9.4083e-08	3624.5
9.0854e-08	3628.5
8.7733e-08	3632.6
8.4716e-08	3636.6
8.1799e-08	3640.6
7.898e-08	3644.6
7.6256e-08	3648.7
7.3623e-08	3652.7
7.1078e-08	3656.7
6.8619e-08	3660.7
6.6242e-08	3664.8
6.3946e-08	3668.8
6.1727e-08	3672.8
5.9583e-08	3676.9
5.7511e-08	3680.9
5.551e-08	3684.9
5.3576e-08	3688.9
5.1708e-08	3693
4.9903e-08	3697
4.8159e-08	3701
4.6475e-08	3705
4.4848e-08	3709.1
4.3276e-08	3713.1
4.1759e-08	3717.1
4.0292e-08	3721.2
3.8876e-08	3725.2
3.7509e-08	3729.2
3.6188e-08	3733.2
3.4913e-08	3737.3
3.3681e-08	3741.3
3.2492e-08	3745.3
3.1344e-08	3749.3
3.0235e-08	3753.4
2.9164e-08	3757.4
2.813e-08	3761.4
2.7132e-08	3765.5
2.6169e-08	3769.5
2.5239e-08	3773.5
2.4341e-08	3777.5
2.3474e-08	3781.6
2.2637e-08	3785.6
2.183e-08	3789.6
2.105e-08	3793.6
2.0298e-08	3797.7
1.9571e-08	3801.7
1.8871e-08	3805.7
1.8194e-08	3809.8
1.7541e-08	3813.8
1.6912e-08	3817.8
1.6304e-08	3821.8
1.5717e-08	3825.9
1.5151e-08	3829.9
1.4605e-08	3833.9
1.4078e-08	3837.9
1.357e-08	3842
1.308e-08	3846
1.2606e-08	3850
1.215e-08	3854.1
1.171e-08	3858.1
1.1285e-08	3862.1
1.0875e-08	3866.1
1.048e-08	3870.2
1.0099e-08	3874.2
9.7314e-09	3878.2
9.3769e-09	3882.2
9.0349e-09	3886.3
8.7052e-09	3890.3
8.3872e-09	3894.3
8.0805e-09	3898.4
7.7848e-09	3902.4
7.4996e-09	3906.4
7.2247e-09	3910.4
6.9596e-09	3914.5
6.704e-09	3918.5
6.4575e-09	3922.5
6.22e-09	3926.5
5.9909e-09	3930.6
5.7701e-09	3934.6
5.5572e-09	3938.6
5.3521e-09	3942.6
5.1543e-09	3946.7
4.9636e-09	3950.7
4.7799e-09	3954.7
4.6028e-09	3958.8
4.4321e-09	3962.8
4.2676e-09	3966.8
4.1091e-09	3970.8
3.9563e-09	3974.9
3.8091e-09	3978.9
3.6672e-09	3982.9
3.5305e-09	3986.9
3.3988e-09	3991
3.2719e-09	3995
3.1496e-09	3999
3.0318e-09	4003.1
2.9183e-09	4007.1
2.809e-09	4011.1
2.7036e-09	4015.1
2.6022e-09	4019.2
2.5044e-09	4023.2
2.4103e-09	4027.2
2.3196e-09	4031.2
2.2322e-09	4035.3
2.1481e-09	4039.3
2.0671e-09	4043.3
1.989e-09	4047.4
1.9139e-09	4051.4
1.8415e-09	4055.4
1.7718e-09	4059.4
1.7047e-09	4063.5
1.6401e-09	4067.5
1.5779e-09	4071.5
1.5179e-09	4075.5
1.4603e-09	4079.6
1.4047e-09	4083.6
1.3512e-09	4087.6
1.2998e-09	4091.7
1.2502e-09	4095.7
1.2025e-09	4099.7
1.1566e-09	4103.7
1.1124e-09	4107.8
1.0698e-09	4111.8
1.0289e-09	4115.8
9.8944e-10	4119.8
9.515e-10	4123.9
9.1498e-10	4127.9
8.7984e-10	4131.9
8.4602e-10	4136
8.1348e-10	4140
7.8216e-10	4144
7.5202e-10	4148
7.2302e-10	4152.1
6.9512e-10	4156.1
6.6827e-10	4160.1
6.4244e-10	4164.1
6.1759e-10	4168.2
5.9368e-10	4172.2
5.7068e-10	4176.2
5.4855e-10	4180.3
5.2726e-10	4184.3
5.0678e-10	4188.3
4.8709e-10	4192.3
4.6814e-10	4196.4
4.4992e-10	4200.4
4.3239e-10	4204.4
4.1553e-10	4208.4
3.9932e-10	4212.5
3.8372e-10	4216.5
3.6873e-10	4220.5
3.5431e-10	4224.6
3.4044e-10	4228.6
3.271e-10	4232.6
3.1428e-10	4236.6
3.0195e-10	4240.7
2.901e-10	4244.7
2.787e-10	4248.7
2.6774e-10	4252.7
2.572e-10	4256.8
2.4707e-10	4260.8
2.3734e-10	4264.8
2.2798e-10	4268.9
2.1898e-10	4272.9
2.1033e-10	4276.9
2.0201e-10	4280.9
1.9402e-10	4285
1.8634e-10	4289
1.7896e-10	4293
1.7186e-10	4297
1.6504e-10	4301.1
1.5849e-10	4305.1
1.5219e-10	4309.1
1.4614e-10	4313.2
1.4032e-10	4317.2
1.3473e-10	4321.2
1.2936e-10	4325.2
1.242e-10	4329.3
1.1925e-10	4333.3
1.1448e-10	4337.3
1.0991e-10	4341.3
1.0551e-10	4345.4
1.0129e-10	4349.4
9.7228e-11	4353.4
9.333e-11	4357.5
8.9586e-11	4361.5
8.5989e-11	4365.5
8.2534e-11	4369.5
7.9215e-11	4373.6
7.6028e-11	4377.6
7.2966e-11	4381.6
7.0026e-11	4385.6
6.7202e-11	4389.7
6.449e-11	4393.7
6.1885e-11	4397.7
5.9384e-11	4401.8
5.6983e-11	4405.8
5.4677e-11	4409.8
5.2462e-11	4413.8
5.0336e-11	4417.9
4.8294e-11	4421.9
4.6334e-11	4425.9
4.4452e-11	4429.9
4.2645e-11	4434
4.0911e-11	4438
3.9246e-11	4442
3.7647e-11	4446.1
3.6113e-11	4450.1
3.464e-11	4454.1
3.3226e-11	4458.1
3.1869e-11	4462.2
3.0566e-11	4466.2
2.9316e-11	4470.2
2.8116e-11	4474.2
2.6964e-11	4478.3
2.5859e-11	4482.3
2.4798e-11	4486.3
2.378e-11	4490.4
2.2804e-11	4494.4
2.1866e-11	4498.4
2.0967e-11	4502.4
2.0104e-11	4506.5
1.9276e-11	4510.5
1.8481e-11	4514.5
1.7719e-11	4518.5
1.6988e-11	4522.6
1.6286e-11	4526.6
1.5613e-11	4530.6
1.4967e-11	4534.7
1.4348e-11	4538.7
1.3754e-11	4542.7
1.3184e-11	4546.7
1.2637e-11	4550.8
1.2113e-11	4554.8
1.161e-11	4558.8
1.1127e-11	4562.8
1.0665e-11	4566.9
1.0221e-11	4570.9
9.7952e-12	4574.9
9.387e-12	4579
8.9957e-12	4583
8.6204e-12	4587
8.2605e-12	4591
7.9154e-12	4595.1
7.5845e-12	4599.1
7.2673e-12	4603.1
6.9631e-12	4607.1
6.6714e-12	4611.2
6.3918e-12	4615.2
6.1237e-12	4619.2
5.8667e-12	4623.3
5.6204e-12	4627.3
5.3842e-12	4631.3
5.1578e-12	4635.3
4.9408e-12	4639.4
4.7328e-12	4643.4
4.5334e-12	4647.4
4.3423e-12	4651.4
4.1592e-12	4655.5
3.9836e-12	4659.5
3.8154e-12	4663.5
3.6542e-12	4667.5
3.4997e-12	4671.6
3.3516e-12	4675.6
3.2097e-12	4679.6
3.0738e-12	4683.7
2.9436e-12	4687.7
2.8188e-12	4691.7
2.6992e-12	4695.7
2.5847e-12	4699.8
2.4749e-12	4703.8
2.3698e-12	4707.8
2.2691e-12	4711.8
2.1727e-12	4715.9
2.0803e-12	4719.9
1.9918e-12	4723.9
1.907e-12	4728
1.8258e-12	4732
1.7481e-12	4736
1.6736e-12	4740
1.6024e-12	4744.1
1.5341e-12	4748.1
1.4687e-12	4752.1
1.4062e-12	4756.1
1.3463e-12	4760.2
1.2889e-12	4764.2
1.234e-12	4768.2
1.1815e-12	4772.3
1.1312e-12	4776.3
1.0831e-12	4780.3
1.037e-12	4784.3
9.9297e-13	4788.4
9.5081e-13	4792.4
9.1048e-13	4796.4
8.719e-13	4800.4
8.35e-13	4804.5
7.9971e-13	4808.5
7.6597e-13	4812.5
7.337e-13	4816.6
7.0286e-13	4820.6
6.7339e-13	4824.6
6.4522e-13	4828.6
6.183e-13	4832.7
5.9259e-13	4836.7
5.6803e-13	4840.7
5.4459e-13	4844.7
5.2221e-13	4848.8
5.0085e-13	4852.8
4.8048e-13	4856.8
4.6104e-13	4860.9
4.4251e-13	4864.9
4.2486e-13	4868.9
4.0804e-13	4872.9
3.9203e-13	4877
3.7679e-13	4881
3.623e-13	4885
3.4853e-13	4889
3.3544e-13	4893.1
3.2303e-13	4897.1
3.1125e-13	4901.1
3.001e-13	4905.2
2.8955e-13	4909.2
2.7957e-13	4913.2
2.7015e-13	4917.2
2.6128e-13	4921.3
2.5293e-13	4925.3
2.4508e-13	4929.3
2.3773e-13	4933.3
2.3086e-13	4937.4
2.2445e-13	4941.4
2.185e-13	4945.4
2.1298e-13	4949.5
2.079e-13	4953.5
2.0324e-13	4957.5
1.9899e-13	4961.5
1.9515e-13	4965.6
1.917e-13	4969.6
1.8865e-13	4973.6
1.8597e-13	4977.6
1.8368e-13	4981.7
1.8177e-13	4985.7
1.8022e-13	4989.7
1.7905e-13	4993.8
1.7824e-13	4997.8
1.778e-13	5001.8
1.7772e-13	5005.8
1.7801e-13	5009.9
1.7867e-13	5013.9
1.7969e-13	5017.9
1.8109e-13	5021.9
1.8287e-13	5026
1.8502e-13	5030
