1.4726e-11	0
6.1868e-05	4.0272
0.00012377	8.0544
0.00018573	12.082
0.00024778	16.109
0.00030995	20.136
0.00037227	24.163
0.00043478	28.191
0.0004975	32.218
0.00056047	36.245
0.00062371	40.272
0.00068725	44.299
0.00075113	48.327
0.00081538	52.354
0.00088002	56.381
0.00094509	60.408
0.0010106	64.436
0.0010766	68.463
0.0011432	72.49
0.0012103	76.517
0.0012779	80.544
0.0013462	84.572
0.0014151	88.599
0.0014847	92.626
0.001555	96.653
0.001626	100.68
0.0016977	104.71
0.0017703	108.73
0.0018437	112.76
0.0019179	116.79
0.0019929	120.82
0.0020689	124.84
0.0021458	128.87
0.0022236	132.9
0.0023023	136.93
0.0023821	140.95
0.0024628	144.98
0.0025446	149.01
0.0026273	153.03
0.0027112	157.06
0.0027961	161.09
0.0028821	165.12
0.0029692	169.14
0.0030574	173.17
0.0031467	177.2
0.0032372	181.22
0.0033289	185.25
0.0034217	189.28
0.0035157	193.31
0.003611	197.33
0.0037074	201.36
0.0038051	205.39
0.003904	209.42
0.0040042	213.44
0.0041056	217.47
0.0042083	221.5
0.0043123	225.52
0.0044175	229.55
0.0045241	233.58
0.004632	237.61
0.0047412	241.63
0.0048517	245.66
0.0049636	249.69
0.0050768	253.71
0.0051913	257.74
0.0053072	261.77
0.0054244	265.8
0.005543	269.82
0.005663	273.85
0.0057843	277.88
0.0059069	281.91
0.006031	285.93
0.0061563	289.96
0.0062831	293.99
0.0064111	298.01
0.0065405	302.04
0.0066713	306.07
0.0068034	310.1
0.0069368	314.12
0.0070716	318.15
0.0072077	322.18
0.0073451	326.2
0.0074837	330.23
0.0076237	334.26
0.007765	338.29
0.0079075	342.31
0.0080512	346.34
0.0081962	350.37
0.0083424	354.4
0.0084898	358.42
0.0086384	362.45
0.0087882	366.48
0.0089391	370.5
0.0090911	374.53
0.0092443	378.56
0.0093985	382.59
0.0095539	386.61
0.0097103	390.64
0.0098677	394.67
0.010026	398.69
0.010185	402.72
0.010346	406.75
0.010507	410.78
0.010669	414.8
0.010832	418.83
0.010996	422.86
0.011161	426.89
0.011326	430.91
0.011492	434.94
0.011659	438.97
0.011827	442.99
0.011995	447.02
0.012164	451.05
0.012334	455.08
0.012504	459.1
0.012675	463.13
0.012846	467.16
0.013017	471.18
0.01319	475.21
0.013362	479.24
0.013535	483.27
0.013708	487.29
0.013882	491.32
0.014056	495.35
0.01423	499.38
0.014404	503.4
0.014578	507.43
0.014753	511.46
0.014928	515.48
0.015103	519.51
0.015278	523.54
0.015453	527.57
0.015628	531.59
0.015803	535.62
0.015978	539.65
0.016153	543.67
0.016327	547.7
0.016502	551.73
0.016676	555.76
0.01685	559.78
0.017024	563.81
0.017198	567.84
0.017371	571.87
0.017544	575.89
0.017716	579.92
0.017889	583.95
0.01806	587.97
0.018232	592
0.018402	596.03
0.018573	600.06
0.018743	604.08
0.018912	608.11
0.019081	612.14
0.019249	616.16
0.019417	620.19
0.019584	624.22
0.01975	628.25
0.019916	632.27
0.02008	636.3
0.020245	640.33
0.020408	644.36
0.020571	648.38
0.020732	652.41
0.020893	656.44
0.021053	660.46
0.021213	664.49
0.021371	668.52
0.021529	672.55
0.021685	676.57
0.021841	680.6
0.021996	684.63
0.02215	688.65
0.022303	692.68
0.022455	696.71
0.022606	700.74
0.022756	704.76
0.022905	708.79
0.023053	712.82
0.0232	716.85
0.023345	720.87
0.02349	724.9
0.023634	728.93
0.023776	732.95
0.023918	736.98
0.024058	741.01
0.024197	745.04
0.024335	749.06
0.024471	753.09
0.024607	757.12
0.024741	761.14
0.024874	765.17
0.025006	769.2
0.025137	773.23
0.025267	777.25
0.025395	781.28
0.025522	785.31
0.025648	789.34
0.025772	793.36
0.025895	797.39
0.026017	801.42
0.026138	805.44
0.026257	809.47
0.026375	813.5
0.026491	817.53
0.026607	821.55
0.026721	825.58
0.026833	829.61
0.026944	833.63
0.027054	837.66
0.027163	841.69
0.02727	845.72
0.027376	849.74
0.02748	853.77
0.027583	857.8
0.027684	861.83
0.027784	865.85
0.027883	869.88
0.02798	873.91
0.028076	877.93
0.028171	881.96
0.028264	885.99
0.028355	890.02
0.028445	894.04
0.028534	898.07
0.028621	902.1
0.028707	906.12
0.028791	910.15
0.028874	914.18
0.028955	918.21
0.029035	922.23
0.029114	926.26
0.029191	930.29
0.029266	934.32
0.02934	938.34
0.029412	942.37
0.029483	946.4
0.029553	950.42
0.029621	954.45
0.029687	958.48
0.029752	962.51
0.029816	966.53
0.029878	970.56
0.029938	974.59
0.029997	978.61
0.030055	982.64
0.030111	986.67
0.030165	990.7
0.030218	994.72
0.030269	998.75
0.030319	1002.8
0.030368	1006.8
0.030415	1010.8
0.03046	1014.9
0.030504	1018.9
0.030547	1022.9
0.030587	1026.9
0.030627	1031
0.030665	1035
0.030701	1039
0.030736	1043.1
0.03077	1047.1
0.030802	1051.1
0.030832	1055.1
0.030861	1059.2
0.030888	1063.2
0.030914	1067.2
0.030939	1071.2
0.030962	1075.3
0.030984	1079.3
0.031004	1083.3
0.031022	1087.3
0.03104	1091.4
0.031055	1095.4
0.03107	1099.4
0.031082	1103.5
0.031094	1107.5
0.031104	1111.5
0.031112	1115.5
0.031119	1119.6
0.031125	1123.6
0.031129	1127.6
0.031132	1131.6
0.031133	1135.7
0.031133	1139.7
0.031132	1143.7
0.031129	1147.8
0.031125	1151.8
0.031119	1155.8
0.031112	1159.8
0.031103	1163.9
0.031094	1167.9
0.031083	1171.9
0.03107	1175.9
0.031056	1180
0.031041	1184
0.031024	1188
0.031007	1192.1
0.030987	1196.1
0.030967	1200.1
0.030945	1204.1
0.030922	1208.2
0.030898	1212.2
0.030872	1216.2
0.030845	1220.2
0.030817	1224.3
0.030787	1228.3
0.030756	1232.3
0.030724	1236.4
0.030691	1240.4
0.030656	1244.4
0.03062	1248.4
0.030583	1252.5
0.030545	1256.5
0.030506	1260.5
0.030465	1264.5
0.030423	1268.6
0.03038	1272.6
0.030336	1276.6
0.030291	1280.7
0.030244	1284.7
0.030197	1288.7
0.030148	1292.7
0.030098	1296.8
0.030047	1300.8
0.029995	1304.8
0.029941	1308.8
0.029887	1312.9
0.029832	1316.9
0.029775	1320.9
0.029718	1325
0.029659	1329
0.029599	1333
0.029539	1337
0.029477	1341.1
0.029414	1345.1
0.02935	1349.1
0.029285	1353.1
0.02922	1357.2
0.029153	1361.2
0.029085	1365.2
0.029016	1369.3
0.028947	1373.3
0.028876	1377.3
0.028805	1381.3
0.028732	1385.4
0.028659	1389.4
0.028585	1393.4
0.028509	1397.4
0.028433	1401.5
0.028356	1405.5
0.028279	1409.5
0.0282	1413.6
0.028121	1417.6
0.02804	1421.6
0.027959	1425.6
0.027877	1429.7
0.027794	1433.7
0.027711	1437.7
0.027626	1441.7
0.027541	1445.8
0.027456	1449.8
0.027369	1453.8
0.027282	1457.9
0.027193	1461.9
0.027105	1465.9
0.027015	1469.9
0.026925	1474
0.026834	1478
0.026742	1482
0.02665	1486
0.026557	1490.1
0.026464	1494.1
0.02637	1498.1
0.026275	1502.2
0.026179	1506.2
0.026083	1510.2
0.025987	1514.2
0.02589	1518.3
0.025792	1522.3
0.025693	1526.3
0.025595	1530.3
0.025495	1534.4
0.025395	1538.4
0.025295	1542.4
0.025194	1546.5
0.025092	1550.5
0.02499	1554.5
0.024888	1558.5
0.024785	1562.6
0.024682	1566.6
0.024578	1570.6
0.024473	1574.6
0.024369	1578.7
0.024264	1582.7
0.024158	1586.7
0.024052	1590.8
0.023946	1594.8
0.023839	1598.8
0.023732	1602.8
0.023625	1606.9
0.023517	1610.9
0.023409	1614.9
0.023301	1618.9
0.023193	1623
0.023084	1627
0.022974	1631
0.022865	1635.1
0.022755	1639.1
0.022645	1643.1
0.022535	1647.1
0.022424	1651.2
0.022313	1655.2
0.022202	1659.2
0.022091	1663.2
0.02198	1667.3
0.021868	1671.3
0.021757	1675.3
0.021645	1679.4
0.021532	1683.4
0.02142	1687.4
0.021308	1691.4
0.021195	1695.5
0.021083	1699.5
0.02097	1703.5
0.020857	1707.5
0.020744	1711.6
0.020631	1715.6
0.020518	1719.6
0.020405	1723.7
0.020292	1727.7
0.020179	1731.7
0.020065	1735.7
0.019952	1739.8
0.019839	1743.8
0.019725	1747.8
0.019612	1751.8
0.019498	1755.9
0.019385	1759.9
0.019272	1763.9
0.019158	1768
0.019045	1772
0.018932	1776
0.018819	1780
0.018706	1784.1
0.018593	1788.1
0.01848	1792.1
0.018367	1796.1
0.018254	1800.2
0.018141	1804.2
0.018029	1808.2
0.017916	1812.2
0.017804	1816.3
0.017692	1820.3
0.01758	1824.3
0.017468	1828.4
0.017356	1832.4
0.017244	1836.4
0.017133	1840.4
0.017022	1844.5
0.016911	1848.5
0.0168	1852.5
0.016689	1856.5
0.016579	1860.6
0.016468	1864.6
0.016358	1868.6
0.016248	1872.7
0.016139	1876.7
0.016029	1880.7
0.01592	1884.7
0.015811	1888.8
0.015703	1892.8
0.015594	1896.8
0.015486	1900.8
0.015378	1904.9
0.015271	1908.9
0.015164	1912.9
0.015057	1917
0.01495	1921
0.014844	1925
0.014737	1929
0.014632	1933.1
0.014526	1937.1
0.014421	1941.1
0.014316	1945.1
0.014212	1949.2
0.014107	1953.2
0.014003	1957.2
0.0139	1961.3
0.013797	1965.3
0.013694	1969.3
0.013591	1973.3
0.013489	1977.4
0.013388	1981.4
0.013286	1985.4
0.013185	1989.4
0.013085	1993.5
0.012984	1997.5
0.012884	2001.5
0.012785	2005.6
0.012686	2009.6
0.012587	2013.6
0.012489	2017.6
0.012391	2021.7
0.012293	2025.7
0.012196	2029.7
0.0121	2033.7
0.012003	2037.8
0.011908	2041.8
0.011812	2045.8
0.011717	2049.9
0.011623	2053.9
0.011528	2057.9
0.011435	2061.9
0.011341	2066
0.011248	2070
0.011156	2074
0.011064	2078
0.010972	2082.1
0.010881	2086.1
0.010791	2090.1
0.0107	2094.2
0.010611	2098.2
0.010521	2102.2
0.010432	2106.2
0.010344	2110.3
0.010256	2114.3
0.010169	2118.3
0.010082	2122.3
0.0099949	2126.4
0.0099088	2130.4
0.0098231	2134.4
0.0097379	2138.5
0.0096532	2142.5
0.0095689	2146.5
0.0094851	2150.5
0.0094018	2154.6
0.009319	2158.6
0.0092366	2162.6
0.0091547	2166.6
0.0090732	2170.7
0.0089923	2174.7
0.0089118	2178.7
0.0088318	2182.8
0.0087522	2186.8
0.0086732	2190.8
0.0085946	2194.8
0.0085165	2198.9
0.0084389	2202.9
0.0083617	2206.9
0.008285	2210.9
0.0082088	2215
0.0081331	2219
0.0080579	2223
0.0079831	2227.1
0.0079088	2231.1
0.007835	2235.1
0.0077617	2239.1
0.0076889	2243.2
0.0076165	2247.2
0.0075446	2251.2
0.0074732	2255.2
0.0074022	2259.3
0.0073318	2263.3
0.0072618	2267.3
0.0071922	2271.4
0.0071232	2275.4
0.0070546	2279.4
0.0069865	2283.4
0.0069189	2287.5
0.0068517	2291.5
0.0067851	2295.5
0.0067189	2299.5
0.0066531	2303.6
0.0065878	2307.6
0.006523	2311.6
0.0064587	2315.7
0.0063948	2319.7
0.0063314	2323.7
0.0062684	2327.7
0.006206	2331.8
0.0061439	2335.8
0.0060824	2339.8
0.0060213	2343.8
0.0059606	2347.9
0.0059004	2351.9
0.0058407	2355.9
0.0057814	2360
0.0057226	2364
0.0056642	2368
0.0056063	2372
0.0055488	2376.1
0.0054918	2380.1
0.0054352	2384.1
0.0053791	2388.1
0.0053234	2392.2
0.0052682	2396.2
0.0052134	2400.2
0.005159	2404.3
0.0051051	2408.3
0.0050516	2412.3
0.0049985	2416.3
0.0049459	2420.4
0.0048937	2424.4
0.0048419	2428.4
0.0047906	2432.4
0.0047396	2436.5
0.0046891	2440.5
0.0046391	2444.5
0.0045894	2448.6
0.0045402	2452.6
0.0044913	2456.6
0.0044429	2460.6
0.0043949	2464.7
0.0043473	2468.7
0.0043002	2472.7
0.0042534	2476.7
0.004207	2480.8
0.0041611	2484.8
0.0041155	2488.8
0.0040703	2492.9
0.0040255	2496.9
0.0039812	2500.9
0.0039372	2504.9
0.0038936	2509
0.0038503	2513
0.0038075	2517
0.0037651	2521
0.003723	2525.1
0.0036813	2529.1
0.00364	2533.1
0.0035991	2537.1
0.0035585	2541.2
0.0035184	2545.2
0.0034785	2549.2
0.0034391	2553.3
0.0034	2557.3
0.0033613	2561.3
0.0033229	2565.3
0.0032849	2569.4
0.0032473	2573.4
0.00321	2577.4
0.0031731	2581.4
0.0031365	2585.5
0.0031002	2589.5
0.0030643	2593.5
0.0030288	2597.6
0.0029936	2601.6
0.0029587	2605.6
0.0029242	2609.6
0.00289	2613.7
0.0028561	2617.7
0.0028226	2621.7
0.0027894	2625.7
0.0027565	2629.8
0.0027239	2633.8
0.0026917	2637.8
0.0026597	2641.9
0.0026281	2645.9
0.0025968	2649.9
0.0025659	2653.9
0.0025352	2658
0.0025048	2662
0.0024748	2666
0.002445	2670
0.0024156	2674.1
0.0023864	2678.1
0.0023576	2682.1
0.002329	2686.2
0.0023008	2690.2
0.0022728	2694.2
0.0022451	2698.2
0.0022177	2702.3
0.0021906	2706.3
0.0021638	2710.3
0.0021372	2714.3
0.0021109	2718.4
0.0020849	2722.4
0.0020592	2726.4
0.0020337	2730.5
0.0020085	2734.5
0.0019836	2738.5
0.0019589	2742.5
0.0019345	2746.6
0.0019104	2750.6
0.0018865	2754.6
0.0018629	2758.6
0.0018395	2762.7
0.0018164	2766.7
0.0017935	2770.7
0.0017709	2774.8
0.0017486	2778.8
0.0017264	2782.8
0.0017045	2786.8
0.0016829	2790.9
0.0016615	2794.9
0.0016403	2798.9
0.0016193	2802.9
0.0015986	2807
0.0015782	2811
0.0015579	2815
0.0015379	2819.1
0.0015181	2823.1
0.0014985	2827.1
0.0014791	2831.1
0.00146	2835.2
0.001441	2839.2
0.0014223	2843.2
0.0014038	2847.2
0.0013855	2851.3
0.0013674	2855.3
0.0013496	2859.3
0.0013319	2863.4
0.0013144	2867.4
0.0012972	2871.4
0.0012801	2875.4
0.0012632	2879.5
0.0012465	2883.5
0.00123	2887.5
0.0012137	2891.5
0.0011976	2895.6
0.0011817	2899.6
0.001166	2903.6
0.0011504	2907.7
0.0011351	2911.7
0.0011199	2915.7
0.0011049	2919.7
0.0010901	2923.8
0.0010754	2927.8
0.0010609	2931.8
0.0010466	2935.8
0.0010325	2939.9
0.0010185	2943.9
0.0010047	2947.9
0.00099111	2952
0.00097765	2956
0.00096434	2960
0.0009512	2964
0.00093821	2968.1
0.00092538	2972.1
0.00091271	2976.1
0.00090019	2980.1
0.00088783	2984.2
0.00087562	2988.2
0.00086355	2992.2
0.00085164	2996.3
0.00083987	3000.3
0.00082824	3004.3
0.00081676	3008.3
0.00080542	3012.4
0.00079422	3016.4
0.00078316	3020.4
0.00077224	3024.4
0.00076146	3028.5
0.00075081	3032.5
0.00074029	3036.5
0.00072991	3040.6
0.00071965	3044.6
0.00070953	3048.6
0.00069953	3052.6
0.00068966	3056.7
0.00067991	3060.7
0.00067029	3064.7
0.00066079	3068.7
0.00065141	3072.8
0.00064215	3076.8
0.00063301	3080.8
0.00062399	3084.9
0.00061509	3088.9
0.00060629	3092.9
0.00059761	3096.9
0.00058905	3101
0.00058059	3105
0.00057224	3109
0.00056401	3113
0.00055588	3117.1
0.00054785	3121.1
0.00053993	3125.1
0.00053211	3129.2
0.0005244	3133.2
0.00051679	3137.2
0.00050928	3141.2
0.00050186	3145.3
0.00049455	3149.3
0.00048733	3153.3
0.00048021	3157.3
0.00047318	3161.4
0.00046624	3165.4
0.0004594	3169.4
0.00045265	3173.5
0.00044599	3177.5
0.00043941	3181.5
0.00043293	3185.5
0.00042653	3189.6
0.00042022	3193.6
0.000414	3197.6
0.00040786	3201.6
0.0004018	3205.7
0.00039582	3209.7
0.00038992	3213.7
0.00038411	3217.8
0.00037837	3221.8
0.00037272	3225.8
0.00036714	3229.8
0.00036163	3233.9
0.0003562	3237.9
0.00035085	3241.9
0.00034557	3245.9
0.00034036	3250
0.00033522	3254
0.00033016	3258
0.00032516	3262
0.00032024	3266.1
0.00031538	3270.1
0.00031059	3274.1
0.00030587	3278.2
0.00030121	3282.2
0.00029662	3286.2
0.00029209	3290.2
0.00028763	3294.3
0.00028322	3298.3
0.00027888	3302.3
0.00027461	3306.3
0.00027039	3310.4
0.00026623	3314.4
0.00026213	3318.4
0.00025809	3322.5
0.0002541	3326.5
0.00025017	3330.5
0.0002463	3334.5
0.00024248	3338.6
0.00023872	3342.6
0.00023501	3346.6
0.00023136	3350.6
0.00022776	3354.7
0.00022421	3358.7
0.00022071	3362.7
0.00021726	3366.8
0.00021386	3370.8
0.00021051	3374.8
0.0002072	3378.8
0.00020395	3382.9
0.00020074	3386.9
0.00019758	3390.9
0.00019447	3394.9
0.0001914	3399
0.00018838	3403
0.0001854	3407
0.00018246	3411.1
0.00017957	3415.1
0.00017672	3419.1
0.00017391	3423.1
0.00017114	3427.2
0.00016841	3431.2
0.00016573	3435.2
0.00016308	3439.2
0.00016048	3443.3
0.00015791	3447.3
0.00015538	3451.3
0.00015288	3455.4
0.00015043	3459.4
0.00014801	3463.4
0.00014563	3467.4
0.00014328	3471.5
0.00014097	3475.5
0.00013869	3479.5
0.00013645	3483.5
0.00013424	3487.6
0.00013207	3491.6
0.00012992	3495.6
0.00012781	3499.7
0.00012573	3503.7
0.00012369	3507.7
0.00012167	3511.7
0.00011969	3515.8
0.00011773	3519.8
0.00011581	3523.8
0.00011391	3527.8
0.00011204	3531.9
0.0001102	3535.9
0.00010839	3539.9
0.00010661	3544
0.00010486	3548
0.00010313	3552
0.00010143	3556
9.9751e-05	3560.1
9.8102e-05	3564.1
9.6478e-05	3568.1
9.4879e-05	3572.1
9.3305e-05	3576.2
9.1755e-05	3580.2
9.023e-05	3584.2
8.8728e-05	3588.3
8.725e-05	3592.3
8.5794e-05	3596.3
8.4362e-05	3600.3
8.2952e-05	3604.4
8.1564e-05	3608.4
8.0197e-05	3612.4
7.8852e-05	3616.4
7.7529e-05	3620.5
7.6226e-05	3624.5
7.4943e-05	3628.5
7.3681e-05	3632.6
7.2439e-05	3636.6
7.1216e-05	3640.6
7.0013e-05	3644.6
6.8829e-05	3648.7
6.7664e-05	3652.7
6.6517e-05	3656.7
6.5388e-05	3660.7
6.4278e-05	3664.8
6.3185e-05	3668.8
6.211e-05	3672.8
6.1051e-05	3676.9
6.001e-05	3680.9
5.8986e-05	3684.9
5.7978e-05	3688.9
5.6986e-05	3693
5.601e-05	3697
5.505e-05	3701
5.4105e-05	3705
5.3176e-05	3709.1
5.2261e-05	3713.1
5.1362e-05	3717.1
5.0477e-05	3721.2
4.9606e-05	3725.2
4.875e-05	3729.2
4.7907e-05	3733.2
4.7079e-05	3737.3
4.6263e-05	3741.3
4.5462e-05	3745.3
4.4673e-05	3749.3
4.3897e-05	3753.4
4.3134e-05	3757.4
4.2383e-05	3761.4
4.1645e-05	3765.5
4.0918e-05	3769.5
4.0204e-05	3773.5
3.9502e-05	3777.5
3.8811e-05	3781.6
3.8131e-05	3785.6
3.7463e-05	3789.6
3.6806e-05	3793.6
3.616e-05	3797.7
3.5524e-05	3801.7
3.4899e-05	3805.7
3.4285e-05	3809.8
3.368e-05	3813.8
3.3086e-05	3817.8
3.2502e-05	3821.8
3.1927e-05	3825.9
3.1362e-05	3829.9
3.0807e-05	3833.9
3.0261e-05	3837.9
2.9724e-05	3842
2.9196e-05	3846
2.8677e-05	3850
2.8166e-05	3854.1
2.7665e-05	3858.1
2.7171e-05	3862.1
2.6686e-05	3866.1
2.621e-05	3870.2
2.5741e-05	3874.2
2.528e-05	3878.2
2.4827e-05	3882.2
2.4382e-05	3886.3
2.3945e-05	3890.3
2.3514e-05	3894.3
2.3092e-05	3898.4
2.2676e-05	3902.4
2.2267e-05	3906.4
2.1866e-05	3910.4
2.1471e-05	3914.5
2.1083e-05	3918.5
2.0702e-05	3922.5
2.0327e-05	3926.5
1.9959e-05	3930.6
1.9597e-05	3934.6
1.9242e-05	3938.6
1.8892e-05	3942.6
1.8548e-05	3946.7
1.8211e-05	3950.7
1.7879e-05	3954.7
1.7553e-05	3958.8
1.7233e-05	3962.8
1.6918e-05	3966.8
1.6609e-05	3970.8
1.6305e-05	3974.9
1.6006e-05	3978.9
1.5713e-05	3982.9
1.5425e-05	3986.9
1.5141e-05	3991
1.4863e-05	3995
1.4589e-05	3999
1.4321e-05	4003.1
1.4057e-05	4007.1
1.3798e-05	4011.1
1.3543e-05	4015.1
1.3293e-05	4019.2
1.3047e-05	4023.2
1.2805e-05	4027.2
1.2568e-05	4031.2
1.2335e-05	4035.3
1.2106e-05	4039.3
1.1881e-05	4043.3
1.166e-05	4047.4
1.1443e-05	4051.4
1.123e-05	4055.4
1.1021e-05	4059.4
1.0815e-05	4063.5
1.0613e-05	4067.5
1.0415e-05	4071.5
1.022e-05	4075.5
1.0029e-05	4079.6
9.8407e-06	4083.6
9.6562e-06	4087.6
9.475e-06	4091.7
9.297e-06	4095.7
9.1222e-06	4099.7
8.9505e-06	4103.7
8.782e-06	4107.8
8.6164e-06	4111.8
8.4539e-06	4115.8
8.2943e-06	4119.8
8.1376e-06	4123.9
7.9837e-06	4127.9
7.8326e-06	4131.9
7.6842e-06	4136
7.5385e-06	4140
7.3955e-06	4144
7.2551e-06	4148
7.1172e-06	4152.1
6.9818e-06	4156.1
6.8489e-06	4160.1
6.7184e-06	4164.1
6.5903e-06	4168.2
6.4646e-06	4172.2
6.3411e-06	4176.2
6.2199e-06	4180.3
6.1009e-06	4184.3
5.9841e-06	4188.3
5.8695e-06	4192.3
5.7569e-06	4196.4
5.6465e-06	4200.4
5.538e-06	4204.4
5.4316e-06	4208.4
5.3271e-06	4212.5
5.2246e-06	4216.5
5.1239e-06	4220.5
5.0251e-06	4224.6
4.9282e-06	4228.6
4.833e-06	4232.6
4.7396e-06	4236.6
4.648e-06	4240.7
4.558e-06	4244.7
4.4697e-06	4248.7
4.3831e-06	4252.7
4.2981e-06	4256.8
4.2146e-06	4260.8
4.1328e-06	4264.8
4.0524e-06	4268.9
3.9736e-06	4272.9
3.8962e-06	4276.9
3.8203e-06	4280.9
3.7458e-06	4285
3.6727e-06	4289
3.601e-06	4293
3.5306e-06	4297
3.4616e-06	4301.1
3.3939e-06	4305.1
3.3274e-06	4309.1
3.2622e-06	4313.2
3.1982e-06	4317.2
3.1355e-06	4321.2
3.0739e-06	4325.2
3.0135e-06	4329.3
2.9543e-06	4333.3
2.8961e-06	4337.3
2.8391e-06	4341.3
2.7832e-06	4345.4
2.7283e-06	4349.4
2.6745e-06	4353.4
2.6217e-06	4357.5
2.5699e-06	4361.5
2.5191e-06	4365.5
2.4693e-06	4369.5
2.4204e-06	4373.6
2.3725e-06	4377.6
2.3255e-06	4381.6
2.2794e-06	4385.6
2.2341e-06	4389.7
2.1898e-06	4393.7
2.1463e-06	4397.7
2.1037e-06	4401.8
2.0618e-06	4405.8
2.0208e-06	4409.8
1.9806e-06	4413.8
1.9412e-06	4417.9
1.9025e-06	4421.9
1.8646e-06	4425.9
1.8274e-06	4429.9
1.7909e-06	4434
1.7552e-06	4438
1.7201e-06	4442
1.6858e-06	4446.1
1.6521e-06	4450.1
1.619e-06	4454.1
1.5866e-06	4458.1
1.5549e-06	4462.2
1.5238e-06	4466.2
1.4932e-06	4470.2
1.4633e-06	4474.2
1.434e-06	4478.3
1.4053e-06	4482.3
1.3771e-06	4486.3
1.3495e-06	4490.4
1.3224e-06	4494.4
1.2959e-06	4498.4
1.2699e-06	4502.4
1.2444e-06	4506.5
1.2194e-06	4510.5
1.1949e-06	4514.5
1.1709e-06	4518.5
1.1474e-06	4522.6
1.1244e-06	4526.6
1.1018e-06	4530.6
1.0797e-06	4534.7
1.058e-06	4538.7
1.0368e-06	4542.7
1.0159e-06	4546.7
9.9555e-07	4550.8
9.7558e-07	4554.8
9.5601e-07	4558.8
9.3683e-07	4562.8
9.1805e-07	4566.9
8.9965e-07	4570.9
8.8163e-07	4574.9
8.6398e-07	4579
8.4669e-07	4583
8.2976e-07	4587
8.1317e-07	4591
7.9693e-07	4595.1
7.8102e-07	4599.1
7.6545e-07	4603.1
7.502e-07	4607.1
7.3526e-07	4611.2
7.2064e-07	4615.2
7.0633e-07	4619.2
6.9231e-07	4623.3
6.786e-07	4627.3
6.6517e-07	4631.3
6.5202e-07	4635.3
6.3916e-07	4639.4
6.2657e-07	4643.4
6.1425e-07	4647.4
6.0219e-07	4651.4
5.9039e-07	4655.5
5.7885e-07	4659.5
5.6756e-07	4663.5
5.5651e-07	4667.5
5.457e-07	4671.6
5.3514e-07	4675.6
5.248e-07	4679.6
5.1469e-07	4683.7
5.0481e-07	4687.7
4.9515e-07	4691.7
4.857e-07	4695.7
4.7647e-07	4699.8
4.6745e-07	4703.8
4.5863e-07	4707.8
4.5001e-07	4711.8
4.416e-07	4715.9
4.3337e-07	4719.9
4.2534e-07	4723.9
4.175e-07	4728
4.0984e-07	4732
4.0237e-07	4736
3.9507e-07	4740
3.8795e-07	4744.1
3.81e-07	4748.1
3.7422e-07	4752.1
3.6761e-07	4756.1
3.6117e-07	4760.2
3.5489e-07	4764.2
3.4876e-07	4768.2
3.428e-07	4772.3
3.3699e-07	4776.3
3.3133e-07	4780.3
3.2582e-07	4784.3
3.2045e-07	4788.4
3.1524e-07	4792.4
3.1016e-07	4796.4
3.0523e-07	4800.4
3.0043e-07	4804.5
2.9578e-07	4808.5
2.9126e-07	4812.5
2.8687e-07	4816.6
2.8261e-07	4820.6
2.7848e-07	4824.6
2.7448e-07	4828.6
2.7061e-07	4832.7
2.6686e-07	4836.7
2.6323e-07	4840.7
2.5973e-07	4844.7
2.5634e-07	4848.8
2.5308e-07	4852.8
2.4993e-07	4856.8
2.469e-07	4860.9
2.4398e-07	4864.9
2.4118e-07	4868.9
2.3848e-07	4872.9
2.3591e-07	4877
2.3344e-07	4881
2.3108e-07	4885
2.2882e-07	4889
2.2668e-07	4893.1
2.2464e-07	4897.1
2.2271e-07	4901.1
2.2088e-07	4905.2
2.1916e-07	4909.2
2.1754e-07	4913.2
2.1603e-07	4917.2
2.1461e-07	4921.3
2.133e-07	4925.3
2.1209e-07	4929.3
2.1099e-07	4933.3
2.0998e-07	4937.4
2.0907e-07	4941.4
2.0826e-07	4945.4
2.0755e-07	4949.5
2.0695e-07	4953.5
2.0644e-07	4957.5
2.0603e-07	4961.5
2.0572e-07	4965.6
2.055e-07	4969.6
2.0539e-07	4973.6
2.0538e-07	4977.6
2.0546e-07	4981.7
2.0565e-07	4985.7
2.0594e-07	4989.7
2.0632e-07	4993.8
2.0681e-07	4997.8
2.074e-07	5001.8
2.0808e-07	5005.8
2.0887e-07	5009.9
2.0977e-07	5013.9
2.1076e-07	5017.9
2.1186e-07	5021.9
2.1306e-07	5026
2.1437e-07	5030
