4.9874e-12	0
2.939e-05	4.0272
5.8813e-05	8.0544
8.8303e-05	12.082
0.00011789	16.109
0.00014762	20.136
0.00017752	24.163
0.00020761	28.191
0.00023795	32.218
0.00026856	36.245
0.00029948	40.272
0.00033073	44.299
0.00036237	48.327
0.00039441	52.354
0.00042691	56.381
0.00045988	60.408
0.00049338	64.436
0.00052743	68.463
0.00056207	72.49
0.00059734	76.517
0.00063328	80.544
0.00066992	84.572
0.00070731	88.599
0.00074548	92.626
0.00078447	96.653
0.00082431	100.68
0.00086506	104.71
0.00090673	108.73
0.00094939	112.76
0.00099305	116.79
0.0010378	120.82
0.0010835	124.84
0.0011305	128.87
0.0011785	132.9
0.0012278	136.93
0.0012782	140.95
0.00133	144.98
0.001383	149.01
0.0014373	153.03
0.001493	157.06
0.0015501	161.09
0.0016086	165.12
0.0016685	169.14
0.0017299	173.17
0.0017928	177.2
0.0018573	181.22
0.0019233	185.25
0.001991	189.28
0.0020602	193.31
0.0021312	197.33
0.0022038	201.36
0.0022782	205.39
0.0023544	209.42
0.0024323	213.44
0.002512	217.47
0.0025936	221.5
0.0026771	225.52
0.0027625	229.55
0.0028499	233.58
0.0029392	237.61
0.0030305	241.63
0.0031238	245.66
0.0032192	249.69
0.0033167	253.71
0.0034162	257.74
0.0035179	261.77
0.0036218	265.8
0.0037278	269.82
0.003836	273.85
0.0039465	277.88
0.0040592	281.91
0.0041741	285.93
0.0042914	289.96
0.0044109	293.99
0.0045327	298.01
0.0046568	302.04
0.0047833	306.07
0.0049122	310.1
0.0050433	314.12
0.0051769	318.15
0.0053128	322.18
0.0054511	326.2
0.0055918	330.23
0.0057349	334.26
0.0058804	338.29
0.0060282	342.31
0.0061784	346.34
0.006331	350.37
0.006486	354.4
0.0066433	358.42
0.006803	362.45
0.006965	366.48
0.0071294	370.5
0.007296	374.53
0.007465	378.56
0.0076363	382.59
0.0078098	386.61
0.0079855	390.64
0.0081635	394.67
0.0083437	398.69
0.008526	402.72
0.0087104	406.75
0.0088969	410.78
0.0090854	414.8
0.009276	418.83
0.0094686	422.86
0.0096631	426.89
0.0098595	430.91
0.010058	434.94
0.010258	438.97
0.01046	442.99
0.010664	447.02
0.010869	451.05
0.011076	455.08
0.011285	459.1
0.011495	463.13
0.011707	467.16
0.01192	471.18
0.012135	475.21
0.012351	479.24
0.012568	483.27
0.012786	487.29
0.013006	491.32
0.013226	495.35
0.013448	499.38
0.013671	503.4
0.013894	507.43
0.014119	511.46
0.014344	515.48
0.014571	519.51
0.014798	523.54
0.015025	527.57
0.015254	531.59
0.015482	535.62
0.015712	539.65
0.015941	543.67
0.016171	547.7
0.016402	551.73
0.016632	555.76
0.016863	559.78
0.017093	563.81
0.017324	567.84
0.017554	571.87
0.017785	575.89
0.018015	579.92
0.018246	583.95
0.018476	587.97
0.018706	592
0.018935	596.03
0.019164	600.06
0.019393	604.08
0.019622	608.11
0.019849	612.14
0.020077	616.16
0.020303	620.19
0.020529	624.22
0.020754	628.25
0.020978	632.27
0.021202	636.3
0.021424	640.33
0.021646	644.36
0.021866	648.38
0.022086	652.41
0.022304	656.44
0.022522	660.46
0.022738	664.49
0.022953	668.52
0.023166	672.55
0.023379	676.57
0.02359	680.6
0.0238	684.63
0.024009	688.65
0.024216	692.68
0.024422	696.71
0.024626	700.74
0.024829	704.76
0.025031	708.79
0.02523	712.82
0.025428	716.85
0.025625	720.87
0.02582	724.9
0.026013	728.93
0.026204	732.95
0.026394	736.98
0.026582	741.01
0.026768	745.04
0.026952	749.06
0.027134	753.09
0.027315	757.12
0.027493	761.14
0.02767	765.17
0.027845	769.2
0.028018	773.23
0.028189	777.25
0.028357	781.28
0.028524	785.31
0.028689	789.34
0.028852	793.36
0.029012	797.39
0.029171	801.42
0.029327	805.44
0.029481	809.47
0.029633	813.5
0.029783	817.53
0.029931	821.55
0.030076	825.58
0.030219	829.61
0.03036	833.63
0.030499	837.66
0.030635	841.69
0.03077	845.72
0.030901	849.74
0.031031	853.77
0.031158	857.8
0.031283	861.83
0.031406	865.85
0.031526	869.88
0.031644	873.91
0.031759	877.93
0.031872	881.96
0.031983	885.99
0.032091	890.02
0.032197	894.04
0.032301	898.07
0.032402	902.1
0.0325	906.12
0.032597	910.15
0.03269	914.18
0.032782	918.21
0.03287	922.23
0.032957	926.26
0.03304	930.29
0.033122	934.32
0.033201	938.34
0.033277	942.37
0.033351	946.4
0.033423	950.42
0.033492	954.45
0.033558	958.48
0.033622	962.51
0.033684	966.53
0.033743	970.56
0.0338	974.59
0.033854	978.61
0.033906	982.64
0.033955	986.67
0.034002	990.7
0.034046	994.72
0.034088	998.75
0.034127	1002.8
0.034164	1006.8
0.034198	1010.8
0.03423	1014.9
0.03426	1018.9
0.034287	1022.9
0.034312	1026.9
0.034334	1031
0.034354	1035
0.034371	1039
0.034386	1043.1
0.034399	1047.1
0.034409	1051.1
0.034417	1055.1
0.034422	1059.2
0.034425	1063.2
0.034426	1067.2
0.034425	1071.2
0.034421	1075.3
0.034415	1079.3
0.034406	1083.3
0.034395	1087.3
0.034382	1091.4
0.034367	1095.4
0.034349	1099.4
0.034329	1103.5
0.034307	1107.5
0.034283	1111.5
0.034256	1115.5
0.034227	1119.6
0.034196	1123.6
0.034163	1127.6
0.034128	1131.6
0.03409	1135.7
0.034051	1139.7
0.034009	1143.7
0.033966	1147.8
0.03392	1151.8
0.033872	1155.8
0.033822	1159.8
0.03377	1163.9
0.033716	1167.9
0.03366	1171.9
0.033602	1175.9
0.033542	1180
0.03348	1184
0.033417	1188
0.033351	1192.1
0.033284	1196.1
0.033214	1200.1
0.033143	1204.1
0.03307	1208.2
0.032995	1212.2
0.032918	1216.2
0.03284	1220.2
0.032759	1224.3
0.032677	1228.3
0.032594	1232.3
0.032508	1236.4
0.032421	1240.4
0.032332	1244.4
0.032242	1248.4
0.03215	1252.5
0.032056	1256.5
0.031961	1260.5
0.031864	1264.5
0.031766	1268.6
0.031666	1272.6
0.031565	1276.6
0.031462	1280.7
0.031358	1284.7
0.031253	1288.7
0.031145	1292.7
0.031037	1296.8
0.030927	1300.8
0.030816	1304.8
0.030703	1308.8
0.03059	1312.9
0.030475	1316.9
0.030358	1320.9
0.03024	1325
0.030122	1329
0.030002	1333
0.02988	1337
0.029758	1341.1
0.029634	1345.1
0.02951	1349.1
0.029384	1353.1
0.029257	1357.2
0.029129	1361.2
0.029	1365.2
0.02887	1369.3
0.02874	1373.3
0.028608	1377.3
0.028475	1381.3
0.028341	1385.4
0.028207	1389.4
0.028071	1393.4
0.027935	1397.4
0.027797	1401.5
0.027659	1405.5
0.02752	1409.5
0.027381	1413.6
0.02724	1417.6
0.027099	1421.6
0.026957	1425.6
0.026815	1429.7
0.026672	1433.7
0.026528	1437.7
0.026383	1441.7
0.026238	1445.8
0.026092	1449.8
0.025946	1453.8
0.025799	1457.9
0.025652	1461.9
0.025504	1465.9
0.025356	1469.9
0.025207	1474
0.025058	1478
0.024908	1482
0.024758	1486
0.024607	1490.1
0.024456	1494.1
0.024305	1498.1
0.024154	1502.2
0.024002	1506.2
0.02385	1510.2
0.023697	1514.2
0.023544	1518.3
0.023392	1522.3
0.023238	1526.3
0.023085	1530.3
0.022931	1534.4
0.022778	1538.4
0.022624	1542.4
0.02247	1546.5
0.022316	1550.5
0.022162	1554.5
0.022007	1558.5
0.021853	1562.6
0.021699	1566.6
0.021544	1570.6
0.02139	1574.6
0.021236	1578.7
0.021081	1582.7
0.020927	1586.7
0.020773	1590.8
0.020619	1594.8
0.020465	1598.8
0.020311	1602.8
0.020157	1606.9
0.020003	1610.9
0.01985	1614.9
0.019697	1618.9
0.019544	1623
0.019391	1627
0.019238	1631
0.019085	1635.1
0.018933	1639.1
0.018781	1643.1
0.01863	1647.1
0.018478	1651.2
0.018327	1655.2
0.018177	1659.2
0.018026	1663.2
0.017876	1667.3
0.017726	1671.3
0.017577	1675.3
0.017428	1679.4
0.01728	1683.4
0.017131	1687.4
0.016984	1691.4
0.016837	1695.5
0.01669	1699.5
0.016543	1703.5
0.016398	1707.5
0.016252	1711.6
0.016107	1715.6
0.015963	1719.6
0.015819	1723.7
0.015676	1727.7
0.015533	1731.7
0.015391	1735.7
0.015249	1739.8
0.015108	1743.8
0.014968	1747.8
0.014828	1751.8
0.014688	1755.9
0.01455	1759.9
0.014411	1763.9
0.014274	1768
0.014137	1772
0.014001	1776
0.013865	1780
0.01373	1784.1
0.013596	1788.1
0.013462	1792.1
0.013329	1796.1
0.013197	1800.2
0.013065	1804.2
0.012934	1808.2
0.012804	1812.2
0.012675	1816.3
0.012546	1820.3
0.012418	1824.3
0.012291	1828.4
0.012164	1832.4
0.012038	1836.4
0.011913	1840.4
0.011789	1844.5
0.011665	1848.5
0.011542	1852.5
0.01142	1856.5
0.011299	1860.6
0.011178	1864.6
0.011058	1868.6
0.010939	1872.7
0.010821	1876.7
0.010704	1880.7
0.010587	1884.7
0.010471	1888.8
0.010356	1892.8
0.010242	1896.8
0.010128	1900.8
0.010016	1904.9
0.0099038	1908.9
0.0097927	1912.9
0.0096824	1917
0.0095729	1921
0.0094642	1925
0.0093563	1929
0.0092492	1933.1
0.009143	1937.1
0.0090375	1941.1
0.0089329	1945.1
0.0088291	1949.2
0.008726	1953.2
0.0086238	1957.2
0.0085225	1961.3
0.0084219	1965.3
0.0083221	1969.3
0.0082232	1973.3
0.0081251	1977.4
0.0080278	1981.4
0.0079313	1985.4
0.0078356	1989.4
0.0077407	1993.5
0.0076467	1997.5
0.0075534	2001.5
0.007461	2005.6
0.0073693	2009.6
0.0072785	2013.6
0.0071885	2017.6
0.0070993	2021.7
0.0070109	2025.7
0.0069233	2029.7
0.0068365	2033.7
0.0067504	2037.8
0.0066652	2041.8
0.0065808	2045.8
0.0064971	2049.9
0.0064143	2053.9
0.0063322	2057.9
0.0062509	2061.9
0.0061704	2066
0.0060906	2070
0.0060117	2074
0.0059335	2078
0.005856	2082.1
0.0057794	2086.1
0.0057035	2090.1
0.0056283	2094.2
0.0055539	2098.2
0.0054802	2102.2
0.0054073	2106.2
0.0053352	2110.3
0.0052638	2114.3
0.0051931	2118.3
0.0051231	2122.3
0.0050539	2126.4
0.0049854	2130.4
0.0049176	2134.4
0.0048506	2138.5
0.0047843	2142.5
0.0047186	2146.5
0.0046537	2150.5
0.0045895	2154.6
0.004526	2158.6
0.0044631	2162.6
0.004401	2166.6
0.0043396	2170.7
0.0042788	2174.7
0.0042187	2178.7
0.0041593	2182.8
0.0041006	2186.8
0.0040425	2190.8
0.0039851	2194.8
0.0039283	2198.9
0.0038722	2202.9
0.0038167	2206.9
0.0037619	2210.9
0.0037077	2215
0.0036542	2219
0.0036013	2223
0.003549	2227.1
0.0034973	2231.1
0.0034462	2235.1
0.0033958	2239.1
0.0033459	2243.2
0.0032967	2247.2
0.003248	2251.2
0.0031999	2255.2
0.0031524	2259.3
0.0031055	2263.3
0.0030592	2267.3
0.0030135	2271.4
0.0029683	2275.4
0.0029237	2279.4
0.0028796	2283.4
0.0028361	2287.5
0.0027931	2291.5
0.0027507	2295.5
0.0027088	2299.5
0.0026674	2303.6
0.0026266	2307.6
0.0025863	2311.6
0.0025465	2315.7
0.0025072	2319.7
0.0024685	2323.7
0.0024302	2327.7
0.0023924	2331.8
0.0023552	2335.8
0.0023184	2339.8
0.0022821	2343.8
0.0022463	2347.9
0.002211	2351.9
0.0021761	2355.9
0.0021417	2360
0.0021078	2364
0.0020744	2368
0.0020413	2372
0.0020088	2376.1
0.0019767	2380.1
0.001945	2384.1
0.0019137	2388.1
0.0018829	2392.2
0.0018525	2396.2
0.0018226	2400.2
0.001793	2404.3
0.0017639	2408.3
0.0017351	2412.3
0.0017068	2416.3
0.0016789	2420.4
0.0016514	2424.4
0.0016242	2428.4
0.0015975	2432.4
0.0015711	2436.5
0.0015451	2440.5
0.0015195	2444.5
0.0014942	2448.6
0.0014693	2452.6
0.0014448	2456.6
0.0014207	2460.6
0.0013968	2464.7
0.0013734	2468.7
0.0013503	2472.7
0.0013275	2476.7
0.001305	2480.8
0.0012829	2484.8
0.0012611	2488.8
0.0012397	2492.9
0.0012185	2496.9
0.0011977	2500.9
0.0011772	2504.9
0.001157	2509
0.0011371	2513
0.0011175	2517
0.0010982	2521
0.0010792	2525.1
0.0010605	2529.1
0.001042	2533.1
0.0010239	2537.1
0.001006	2541.2
0.00098845	2545.2
0.00097113	2549.2
0.00095408	2553.3
0.0009373	2557.3
0.00092078	2561.3
0.00090452	2565.3
0.00088852	2569.4
0.00087277	2573.4
0.00085726	2577.4
0.000842	2581.4
0.00082699	2585.5
0.00081221	2589.5
0.00079767	2593.5
0.00078336	2597.6
0.00076928	2601.6
0.00075543	2605.6
0.0007418	2609.6
0.00072839	2613.7
0.0007152	2617.7
0.00070222	2621.7
0.00068945	2625.7
0.0006769	2629.8
0.00066455	2633.8
0.0006524	2637.8
0.00064045	2641.9
0.00062869	2645.9
0.00061714	2649.9
0.00060577	2653.9
0.00059459	2658
0.0005836	2662
0.00057279	2666
0.00056216	2670
0.00055172	2674.1
0.00054144	2678.1
0.00053134	2682.1
0.00052141	2686.2
0.00051165	2690.2
0.00050205	2694.2
0.00049262	2698.2
0.00048335	2702.3
0.00047423	2706.3
0.00046527	2710.3
0.00045647	2714.3
0.00044781	2718.4
0.00043931	2722.4
0.00043095	2726.4
0.00042274	2730.5
0.00041467	2734.5
0.00040674	2738.5
0.00039894	2742.5
0.00039129	2746.6
0.00038377	2750.6
0.00037637	2754.6
0.00036911	2758.6
0.00036198	2762.7
0.00035497	2766.7
0.00034809	2770.7
0.00034133	2774.8
0.00033469	2778.8
0.00032817	2782.8
0.00032176	2786.8
0.00031547	2790.9
0.00030929	2794.9
0.00030322	2798.9
0.00029726	2802.9
0.00029141	2807
0.00028566	2811
0.00028002	2815
0.00027448	2819.1
0.00026904	2823.1
0.0002637	2827.1
0.00025846	2831.1
0.00025332	2835.2
0.00024826	2839.2
0.0002433	2843.2
0.00023844	2847.2
0.00023366	2851.3
0.00022897	2855.3
0.00022437	2859.3
0.00021985	2863.4
0.00021541	2867.4
0.00021106	2871.4
0.00020679	2875.4
0.0002026	2879.5
0.00019849	2883.5
0.00019446	2887.5
0.0001905	2891.5
0.00018662	2895.6
0.0001828	2899.6
0.00017907	2903.6
0.0001754	2907.7
0.0001718	2911.7
0.00016827	2915.7
0.00016481	2919.7
0.00016141	2923.8
0.00015808	2927.8
0.00015481	2931.8
0.00015161	2935.8
0.00014846	2939.9
0.00014538	2943.9
0.00014236	2947.9
0.00013939	2952
0.00013649	2956
0.00013363	2960
0.00013084	2964
0.0001281	2968.1
0.00012541	2972.1
0.00012277	2976.1
0.00012019	2980.1
0.00011766	2984.2
0.00011517	2988.2
0.00011274	2992.2
0.00011035	2996.3
0.00010801	3000.3
0.00010572	3004.3
0.00010347	3008.3
0.00010127	3012.4
9.9111e-05	3016.4
9.6994e-05	3020.4
9.492e-05	3024.4
9.2888e-05	3028.5
9.0896e-05	3032.5
8.8944e-05	3036.5
8.7031e-05	3040.6
8.5157e-05	3044.6
8.332e-05	3048.6
8.1521e-05	3052.6
7.9758e-05	3056.7
7.803e-05	3060.7
7.6338e-05	3064.7
7.468e-05	3068.7
7.3056e-05	3072.8
7.1465e-05	3076.8
6.9907e-05	3080.8
6.838e-05	3084.9
6.6885e-05	3088.9
6.542e-05	3092.9
6.3986e-05	3096.9
6.2581e-05	3101
6.1205e-05	3105
5.9857e-05	3109
5.8537e-05	3113
5.7245e-05	3117.1
5.598e-05	3121.1
5.4741e-05	3125.1
5.3527e-05	3129.2
5.2339e-05	3133.2
5.1176e-05	3137.2
5.0037e-05	3141.2
4.8922e-05	3145.3
4.7831e-05	3149.3
4.6762e-05	3153.3
4.5716e-05	3157.3
4.4692e-05	3161.4
4.3689e-05	3165.4
4.2708e-05	3169.4
4.1748e-05	3173.5
4.0808e-05	3177.5
3.9888e-05	3181.5
3.8987e-05	3185.5
3.8106e-05	3189.6
3.7243e-05	3193.6
3.6399e-05	3197.6
3.5573e-05	3201.6
3.4765e-05	3205.7
3.3974e-05	3209.7
3.32e-05	3213.7
3.2443e-05	3217.8
3.1702e-05	3221.8
3.0977e-05	3225.8
3.0268e-05	3229.8
2.9574e-05	3233.9
2.8896e-05	3237.9
2.8231e-05	3241.9
2.7582e-05	3245.9
2.6946e-05	3250
2.6325e-05	3254
2.5717e-05	3258
2.5122e-05	3262
2.4541e-05	3266.1
2.3972e-05	3270.1
2.3415e-05	3274.1
2.2871e-05	3278.2
2.2339e-05	3282.2
2.1819e-05	3286.2
2.131e-05	3290.2
2.0812e-05	3294.3
2.0325e-05	3298.3
1.985e-05	3302.3
1.9384e-05	3306.3
1.8929e-05	3310.4
1.8485e-05	3314.4
1.805e-05	3318.4
1.7625e-05	3322.5
1.7209e-05	3326.5
1.6803e-05	3330.5
1.6406e-05	3334.5
1.6017e-05	3338.6
1.5638e-05	3342.6
1.5267e-05	3346.6
1.4904e-05	3350.6
1.455e-05	3354.7
1.4204e-05	3358.7
1.3865e-05	3362.7
1.3534e-05	3366.8
1.3211e-05	3370.8
1.2895e-05	3374.8
1.2586e-05	3378.8
1.2285e-05	3382.9
1.199e-05	3386.9
1.1702e-05	3390.9
1.142e-05	3394.9
1.1145e-05	3399
1.0876e-05	3403
1.0614e-05	3407
1.0357e-05	3411.1
1.0107e-05	3415.1
9.862e-06	3419.1
9.6229e-06	3423.1
9.3893e-06	3427.2
9.1611e-06	3431.2
8.9382e-06	3435.2
8.7205e-06	3439.2
8.5079e-06	3443.3
8.3002e-06	3447.3
8.0973e-06	3451.3
7.8992e-06	3455.4
7.7057e-06	3459.4
7.5168e-06	3463.4
7.3322e-06	3467.4
7.1521e-06	3471.5
6.9761e-06	3475.5
6.8043e-06	3479.5
6.6365e-06	3483.5
6.4727e-06	3487.6
6.3128e-06	3491.6
6.1566e-06	3495.6
6.0041e-06	3499.7
5.8553e-06	3503.7
5.71e-06	3507.7
5.5681e-06	3511.7
5.4296e-06	3515.8
5.2944e-06	3519.8
5.1625e-06	3523.8
5.0336e-06	3527.8
4.9079e-06	3531.9
4.7852e-06	3535.9
4.6654e-06	3539.9
4.5485e-06	3544
4.4344e-06	3548
4.323e-06	3552
4.2143e-06	3556
4.1083e-06	3560.1
4.0048e-06	3564.1
3.9038e-06	3568.1
3.8052e-06	3572.1
3.7091e-06	3576.2
3.6152e-06	3580.2
3.5237e-06	3584.2
3.4343e-06	3588.3
3.3472e-06	3592.3
3.2621e-06	3596.3
3.1792e-06	3600.3
3.0982e-06	3604.4
3.0193e-06	3608.4
2.9422e-06	3612.4
2.8671e-06	3616.4
2.7938e-06	3620.5
2.7223e-06	3624.5
2.6526e-06	3628.5
2.5845e-06	3632.6
2.5182e-06	3636.6
2.4535e-06	3640.6
2.3904e-06	3644.6
2.3288e-06	3648.7
2.2688e-06	3652.7
2.2103e-06	3656.7
2.1532e-06	3660.7
2.0975e-06	3664.8
2.0432e-06	3668.8
1.9903e-06	3672.8
1.9387e-06	3676.9
1.8884e-06	3680.9
1.8393e-06	3684.9
1.7915e-06	3688.9
1.7448e-06	3693
1.6994e-06	3697
1.655e-06	3701
1.6118e-06	3705
1.5697e-06	3709.1
1.5286e-06	3713.1
1.4886e-06	3717.1
1.4495e-06	3721.2
1.4115e-06	3725.2
1.3744e-06	3729.2
1.3383e-06	3733.2
1.3031e-06	3737.3
1.2687e-06	3741.3
1.2353e-06	3745.3
1.2027e-06	3749.3
1.1709e-06	3753.4
1.1399e-06	3757.4
1.1098e-06	3761.4
1.0804e-06	3765.5
1.0517e-06	3769.5
1.0238e-06	3773.5
9.9659e-07	3777.5
9.7008e-07	3781.6
9.4426e-07	3785.6
9.1909e-07	3789.6
8.9458e-07	3793.6
8.707e-07	3797.7
8.4743e-07	3801.7
8.2476e-07	3805.7
8.0268e-07	3809.8
7.8117e-07	3813.8
7.6021e-07	3817.8
7.398e-07	3821.8
7.1992e-07	3825.9
7.0055e-07	3829.9
6.8169e-07	3833.9
6.6332e-07	3837.9
6.4543e-07	3842
6.28e-07	3846
6.1103e-07	3850
5.945e-07	3854.1
5.7841e-07	3858.1
5.6273e-07	3862.1
5.4747e-07	3866.1
5.326e-07	3870.2
5.1813e-07	3874.2
5.0404e-07	3878.2
4.9032e-07	3882.2
4.7696e-07	3886.3
4.6395e-07	3890.3
4.5128e-07	3894.3
4.3895e-07	3898.4
4.2695e-07	3902.4
4.1526e-07	3906.4
4.0389e-07	3910.4
3.9281e-07	3914.5
3.8203e-07	3918.5
3.7153e-07	3922.5
3.6132e-07	3926.5
3.5137e-07	3930.6
3.4169e-07	3934.6
3.3227e-07	3938.6
3.2311e-07	3942.6
3.1418e-07	3946.7
3.055e-07	3950.7
2.9704e-07	3954.7
2.8882e-07	3958.8
2.8081e-07	3962.8
2.7302e-07	3966.8
2.6544e-07	3970.8
2.5806e-07	3974.9
2.5089e-07	3978.9
2.439e-07	3982.9
2.3711e-07	3986.9
2.3049e-07	3991
2.2406e-07	3995
2.178e-07	3999
2.1171e-07	4003.1
2.0579e-07	4007.1
2.0002e-07	4011.1
1.9441e-07	4015.1
1.8896e-07	4019.2
1.8365e-07	4023.2
1.7849e-07	4027.2
1.7347e-07	4031.2
1.6859e-07	4035.3
1.6384e-07	4039.3
1.5922e-07	4043.3
1.5472e-07	4047.4
1.5035e-07	4051.4
1.461e-07	4055.4
1.4196e-07	4059.4
1.3794e-07	4063.5
1.3403e-07	4067.5
1.3023e-07	4071.5
1.2653e-07	4075.5
1.2294e-07	4079.6
1.1944e-07	4083.6
1.1604e-07	4087.6
1.1274e-07	4091.7
1.0952e-07	4095.7
1.064e-07	4099.7
1.0336e-07	4103.7
1.004e-07	4107.8
9.7531e-08	4111.8
9.4739e-08	4115.8
9.2025e-08	4119.8
8.9385e-08	4123.9
8.682e-08	4127.9
8.4326e-08	4131.9
8.1902e-08	4136
7.9546e-08	4140
7.7255e-08	4144
7.5029e-08	4148
7.2865e-08	4152.1
7.0762e-08	4156.1
6.8717e-08	4160.1
6.6731e-08	4164.1
6.48e-08	4168.2
6.2923e-08	4172.2
6.11e-08	4176.2
5.9328e-08	4180.3
5.7606e-08	4184.3
5.5932e-08	4188.3
5.4306e-08	4192.3
5.2726e-08	4196.4
5.119e-08	4200.4
4.9699e-08	4204.4
4.8249e-08	4208.4
4.6841e-08	4212.5
4.5472e-08	4216.5
4.4143e-08	4220.5
4.2851e-08	4224.6
4.1597e-08	4228.6
4.0378e-08	4232.6
3.9194e-08	4236.6
3.8043e-08	4240.7
3.6926e-08	4244.7
3.584e-08	4248.7
3.4786e-08	4252.7
3.3762e-08	4256.8
3.2767e-08	4260.8
3.1801e-08	4264.8
3.0862e-08	4268.9
2.9951e-08	4272.9
2.9066e-08	4276.9
2.8206e-08	4280.9
2.7371e-08	4285
2.656e-08	4289
2.5773e-08	4293
2.5008e-08	4297
2.4266e-08	4301.1
2.3545e-08	4305.1
2.2845e-08	4309.1
2.2165e-08	4313.2
2.1505e-08	4317.2
2.0864e-08	4321.2
2.0241e-08	4325.2
1.9637e-08	4329.3
1.9051e-08	4333.3
1.8481e-08	4337.3
1.7928e-08	4341.3
1.7392e-08	4345.4
1.6871e-08	4349.4
1.6365e-08	4353.4
1.5874e-08	4357.5
1.5397e-08	4361.5
1.4935e-08	4365.5
1.4485e-08	4369.5
1.405e-08	4373.6
1.3626e-08	4377.6
1.3216e-08	4381.6
1.2817e-08	4385.6
1.243e-08	4389.7
1.2055e-08	4393.7
1.1691e-08	4397.7
1.1337e-08	4401.8
1.0994e-08	4405.8
1.0661e-08	4409.8
1.0338e-08	4413.8
1.0024e-08	4417.9
9.7199e-09	4421.9
9.4246e-09	4425.9
9.1381e-09	4429.9
8.8601e-09	4434
8.5905e-09	4438
8.3288e-09	4442
8.0749e-09	4446.1
7.8285e-09	4450.1
7.5895e-09	4454.1
7.3577e-09	4458.1
7.1328e-09	4462.2
6.9146e-09	4466.2
6.7029e-09	4470.2
6.4976e-09	4474.2
6.2984e-09	4478.3
6.1052e-09	4482.3
5.9178e-09	4486.3
5.7361e-09	4490.4
5.5598e-09	4494.4
5.3887e-09	4498.4
5.2229e-09	4502.4
5.0621e-09	4506.5
4.906e-09	4510.5
4.7547e-09	4514.5
4.608e-09	4518.5
4.4657e-09	4522.6
4.3278e-09	4526.6
4.194e-09	4530.6
4.0642e-09	4534.7
3.9384e-09	4538.7
3.8164e-09	4542.7
3.6981e-09	4546.7
3.5834e-09	4550.8
3.4722e-09	4554.8
3.3644e-09	4558.8
3.2599e-09	4562.8
3.1586e-09	4566.9
3.0603e-09	4570.9
2.9651e-09	4574.9
2.8727e-09	4579
2.7832e-09	4583
2.6965e-09	4587
2.6124e-09	4591
2.5308e-09	4595.1
2.4518e-09	4599.1
2.3752e-09	4603.1
2.301e-09	4607.1
2.2291e-09	4611.2
2.1593e-09	4615.2
2.0918e-09	4619.2
2.0263e-09	4623.3
1.9628e-09	4627.3
1.9013e-09	4631.3
1.8417e-09	4635.3
1.784e-09	4639.4
1.728e-09	4643.4
1.6738e-09	4647.4
1.6213e-09	4651.4
1.5704e-09	4655.5
1.5211e-09	4659.5
1.4733e-09	4663.5
1.4271e-09	4667.5
1.3823e-09	4671.6
1.3388e-09	4675.6
1.2968e-09	4679.6
1.2561e-09	4683.7
1.2166e-09	4687.7
1.1784e-09	4691.7
1.1414e-09	4695.7
1.1056e-09	4699.8
1.0709e-09	4703.8
1.0373e-09	4707.8
1.0048e-09	4711.8
9.7335e-10	4715.9
9.4288e-10	4719.9
9.1338e-10	4723.9
8.8483e-10	4728
8.572e-10	4732
8.3045e-10	4736
8.0457e-10	4740
7.7953e-10	4744.1
7.5531e-10	4748.1
7.3187e-10	4752.1
7.092e-10	4756.1
6.8727e-10	4760.2
6.6606e-10	4764.2
6.4556e-10	4768.2
6.2573e-10	4772.3
6.0656e-10	4776.3
5.8803e-10	4780.3
5.7012e-10	4784.3
5.5282e-10	4788.4
5.361e-10	4792.4
5.1995e-10	4796.4
5.0436e-10	4800.4
4.893e-10	4804.5
4.7476e-10	4808.5
4.6073e-10	4812.5
4.4719e-10	4816.6
4.3413e-10	4820.6
4.2153e-10	4824.6
4.0939e-10	4828.6
3.9769e-10	4832.7
3.8641e-10	4836.7
3.7555e-10	4840.7
3.651e-10	4844.7
3.5504e-10	4848.8
3.4536e-10	4852.8
3.3606e-10	4856.8
3.2713e-10	4860.9
3.1854e-10	4864.9
3.1031e-10	4868.9
3.0241e-10	4872.9
2.9485e-10	4877
2.876e-10	4881
2.8067e-10	4885
2.7405e-10	4889
2.6773e-10	4893.1
2.617e-10	4897.1
2.5596e-10	4901.1
2.505e-10	4905.2
2.4532e-10	4909.2
2.404e-10	4913.2
2.3576e-10	4917.2
2.3137e-10	4921.3
2.2725e-10	4925.3
2.2337e-10	4929.3
2.1974e-10	4933.3
2.1636e-10	4937.4
2.1321e-10	4941.4
2.1031e-10	4945.4
2.0764e-10	4949.5
2.052e-10	4953.5
2.03e-10	4957.5
2.0102e-10	4961.5
1.9926e-10	4965.6
1.9773e-10	4969.6
1.9642e-10	4973.6
1.9534e-10	4977.6
1.9447e-10	4981.7
1.9383e-10	4985.7
1.934e-10	4989.7
1.932e-10	4993.8
1.9321e-10	4997.8
1.9344e-10	5001.8
1.9389e-10	5005.8
1.9456e-10	5009.9
1.9546e-10	5013.9
1.9658e-10	5017.9
1.9792e-10	5021.9
1.9949e-10	5026
2.0129e-10	5030
