#automaid v3.4.0-Z (https://github.com/earthscopeoceans/automaid)
#created 2021-05-28T16:42:41Z
#                               filename          interp_STLA    interp_STLO      STDP
20180811T094707.10_5B6F002C.MER.DET.WLT5           -14.027804    -165.808472      1527
20180817T154404.10_5B773BAD.MER.DET.WLT5           -14.014482    -165.750046      1500
20180819T002046.10_5B7ACDEE.MER.DET.WLT5           -14.000408    -165.753403      1519
20180819T022005.10_5B7ACDEE.MER.DET.WLT5           -13.999923    -165.752731      1525
20180819T030842.10_5B801C20.MER.DET.WLT5           -13.999724    -165.752457      1539
20180819T043004.10_5B7ACDEE.MER.DET.WLT5           -13.999393    -165.751984      1518
20180819T063803.10_5B7ACDEE.MER.DET.WLT5           -13.998873    -165.751251      1523
20180819T150648.10_5B7ACDEE.MER.DET.WLT5           -13.996802    -165.748352      1508
20180819T184502.10_5B801C20.MER.DET.WLT5           -13.995914    -165.747116      1517
20180819T185044.10_5B801C20.MER.DET.WLT5           -13.995892    -165.747086      1516
20180820T083909.10_5B801C20.MER.DET.WLT5           -13.992520    -165.742355      1530
20180824T091655.10_5B801C20.MER.DET.WLT5           -13.987083    -165.709991      1519
20180826T072718.10_5B8598B6.MER.DET.WLT5           -13.984234    -165.684402      1531
20180828T131026.10_5B8598B6.MER.DET.WLT5           -13.976880    -165.643814      1537
20180905T181610.10_5D877D2E.MER.REQ.WLT5           -13.951728    -165.512177    -12345
20180908T072638.10_5B93CA95.MER.DET.WLT5           -13.952601    -165.478516      1530
20180909T193438.10_5D810C6C.MER.REQ.WLT5           -13.942875    -165.453125    -12345
20180910T042024.10_5D810C6C.MER.REQ.WLT5           -13.940976    -165.444397    -12345
20180910T042209.10_5B97235E.MER.DET.WLT5           -13.940970    -165.444366      1529
20180910T202552.10_5B97235E.MER.DET.WLT5           -13.937491    -165.428391      1534
20180916T131202.10_5B9EA66A.MER.DET.WLT5           -13.915235    -165.321655      1516
20180921T034206.10_5BA4B8A4.MER.DET.WLT5           -13.893997    -165.234344      1505
20180926T003846.10_5BAB2638.MER.DET.WLT5           -13.938725    -165.135010      1530
20180928T101106.10_5D810C6C.MER.REQ.WLT5           -13.969840    -165.110489    -12345
20180928T101307.10_5BAE4E32.MER.DET.WLT5           -13.969855    -165.110474      1518
20180930T105338.10_5BB96C72.MER.DET.WLT5           -13.968267    -165.080673      1523
20181010T205300.10_5D810C6C.MER.REQ.WLT5           -13.960213    -164.888275    -12345
20181010T232401.10_5D810C6C.MER.REQ.WLT5           -13.960275    -164.886215    -12345
20181022T054731.10_5D75DB4E.MER.REQ.WLT5           -13.960286    -164.685150    -12345
20181022T062421.10_5D75DB4E.MER.REQ.WLT5           -13.960279    -164.684708    -12345
20181025T183319.10_5BD70084.MER.DET.WLT5           -13.960519    -164.627533      1508
20181025T231125.10_5D75DB4E.MER.REQ.WLT5           -13.960056    -164.623917    -12345
20181029T070517.10_5BD70084.MER.DET.WLT5           -13.952076    -164.561523      1520
20181030T212813.10_5BE22435.MER.DET.WLT5           -13.943814    -164.544479      1528
20181103T095758.10_5BE22435.MER.DET.WLT5           -13.911814    -164.494949      1519
20181109T020509.10_5D6AAB9E.MER.REQ.WLT5           -13.869010    -164.441116    -12345
20181109T020510.10_5DC0F846.MER.REQ.WLT5           -13.869010    -164.441116    -12345
20181110T083420.10_5BED4234.MER.DET.WLT5           -13.862413    -164.430649      1530
20181114T223745.10_5BED4234.MER.DET.WLT5           -13.838599    -164.392899      1488
20181118T202713.10_5BF21B12.MER.DET.WLT5           -13.813403    -164.326065      1512
20181120T004703.10_5BFCFE75.MER.DET.WLT5           -13.807992    -164.308151      1491
20181127T024707.10_5BFCFE75.MER.DET.WLT5           -13.791580    -164.253403      1525
20181130T173932.10_5C01C5AC.MER.DET.WLT5           -13.797609    -164.215530      1521
20181203T092752.10_5C07A1F6.MER.DET.WLT5           -13.822726    -164.216461      1514
20181205T042022.10_5D6AAB9E.MER.REQ.WLT5           -13.836425    -164.217255    -12345
20181205T042024.10_5DC0F846.MER.REQ.WLT5           -13.836425    -164.217255    -12345
20181205T042215.10_5C07A1F6.MER.DET.WLT5           -13.836435    -164.217255      1520
20181205T042537.10_5D6AAB9E.MER.REQ.WLT3           -13.836452    -164.217255    -12345
20181205T042539.10_5DC0F846.MER.REQ.WLT3           -13.836453    -164.217255    -12345
20181207T043749.10_5C12C4D8.MER.DET.WLT5           -13.852871    -164.231537      1512
20181211T023637.10_5D6AAB9E.MER.REQ.WLT5           -13.886765    -164.245331    -12345
20181211T023642.10_5DB7E16E.MER.REQ.WLT5           -13.886765    -164.245331    -12345
20181212T032728.10_5C12C4D8.MER.DET.WLT5           -13.895726    -164.248993      1519
20181216T095055.10_5C1670A0.MER.DET.WLT5           -13.926425    -164.257736      1530
20181219T014614.10_5C19F36C.MER.DET.WLT5           -13.964645    -164.257706      1529
20181220T171158.10_5C251380.MER.DET.WLT5           -13.984717    -164.257584      1493
20181229T034659.10_5D6AAB9E.MER.REQ.WLT5           -14.118968    -164.244934    -12345
20190106T173505.10_5D5F7E3A.MER.REQ.WLT5           -14.245805    -164.234695    -12345
20190108T090958.10_5C34B904.MER.DET.WLT5           -14.274764    -164.220566      1528
20190111T055928.10_5C3E70A0.MER.DET.WLT5           -14.324455    -164.196259      1511
20190115T181052.10_5C3E70A0.MER.DET.WLT5           -14.404655    -164.153137      1490
20190120T014200.10_5D5F7E3A.MER.REQ.WLT5           -14.418666    -164.102417    -12345
20190122T051820.10_5D5F7E3A.MER.REQ.WLT5           -14.423349    -164.079987    -12345
20190122T173411.10_5C4993BA.MER.DET.WLT5           -14.424462    -164.074661      1519
20190122T191708.10_5D5F7E3A.MER.REQ.WLT5           -14.424618    -164.073914    -12345
20190124T005333.10_5C4993BA.MER.DET.WLT5           -14.427305    -164.061050      1512
20190126T195828.10_5C4D0B6D.MER.DET.WLT5           -14.436546    -163.992828      1525
20190130T140232.10_5C535684.MER.DET.WLT5           -14.420010    -163.902863      1550
20190131T143607.10_5C535684.MER.DET.WLT5           -14.415679    -163.881287      1513
20190201T162234.10_5D566D0C.MER.REQ.WLT5           -14.398655    -163.864563    -12345
20190202T011404.10_5C5E7BFB.MER.DET.WLT5           -14.394348    -163.859634      1541
20190202T070300.10_5C5E7BFB.MER.DET.WLT5           -14.391521    -163.856400      1510
20190211T201457.10_5C6227AD.MER.DET.WLT5           -14.268706    -163.711227      1525
20190222T102627.10_5D566D0C.MER.REQ.WLT5           -14.206272    -163.598282    -12345
20190222T102822.10_5C786B6E.MER.DET.WLT5           -14.206264    -163.598267      1526
20190304T005812.10_5C803BEA.MER.DET.WLT5           -14.176567    -163.477219      1534
20190306T154746.10_5D566D0C.MER.REQ.WLT5           -14.183585    -163.440918    -12345
20190306T154941.10_5C803BEA.MER.DET.WLT5           -14.183588    -163.440903      1509
20190310T081401.10_5C85174E.MER.DET.WLT5           -14.197192    -163.374237      1523
20190311T163254.10_5C8C365C.MER.DET.WLT5           -14.195799    -163.348679      1509
20190315T175616.10_5C8C365C.MER.DET.WLT5           -14.195548    -163.273087      1499
20190326T215527.10_5C9C9F54.MER.DET.WLT5           -14.186836    -163.101974      1532
20190328T044436.10_5C9C9F54.MER.DET.WLT5           -14.173748    -163.085693      1532
20190329T043500.10_5CA7C1E2.MER.DET.WLT5           -14.168499    -163.078049      1515
20190402T214308.10_5D566D0C.MER.REQ.WLT5           -14.154565    -163.065399    -12345
20190403T073803.10_5CA7C1E2.MER.DET.WLT5           -14.153344    -163.064301      1519
20190405T124101.10_5CA7C1E2.MER.DET.WLT5           -14.146811    -163.058365      1520
20190405T124520.10_5DB7E16E.MER.REQ.WLT5           -14.146801    -163.058365    -12345
20190407T191617.10_5CB0CB50.MER.DET.WLT5           -14.146579    -163.088974      1509
20190408T201813.10_5CB0CB50.MER.DET.WLT5           -14.146814    -163.101379      1515
20190408T202623.10_5CB0CB50.MER.DET.WLT5           -14.146815    -163.101440      1519
20190409T180420.10_5DB7E16E.MER.REQ.WLT5           -14.147018    -163.112167    -12345
20190412T114908.10_5DB7E16E.MER.REQ.WLT5           -14.147636    -163.144760    -12345
20190412T115103.10_5CB0CB50.MER.DET.WLT5           -14.147636    -163.144775      1525
20190418T145239.10_5DB7E16E.MER.REQ.WLT5           -14.181830    -163.211823    -12345
20190423T054612.10_5DB1411C.MER.REQ.WLT5           -14.200569    -163.234756    -12345
20190423T142229.10_5CBF6F49.MER.DET.WLT5           -14.200480    -163.233521      1510
20190501T153426.10_5CCA90F0.MER.DET.WLT5           -14.166331    -163.282425      1545
20190506T212646.10_5CD0F6C9.MER.DET.WLT5           -14.109389    -163.312485      1521
20190509T230938.10_5CDB108C.MER.DET.WLT5           -14.069682    -163.347229      1515
20190514T130506.10_5CDB108C.MER.DET.WLT5           -14.006464    -163.406006      1520
20190519T012734.10_5CE0FF83.MER.DET.WLT5           -13.940029    -163.497345      1482
20190520T051159.10_5CEA9616.MER.DET.WLT5           -13.931705    -163.512207      1471
20190526T075033.10_5DB1411C.MER.REQ.WLT5           -13.855024    -163.631912    -12345
20190526T075215.10_5CEA9616.MER.DET.WLT5           -13.855009    -163.631927      1534
20190530T091206.10_5DB1411C.MER.REQ.WLT5           -13.821448    -163.727310    -12345
20190530T153944.10_5CF3FA30.MER.DET.WLT5           -13.819504    -163.733429      1528
20190602T103748.10_5CF3FA30.MER.DET.WLT5           -13.799342    -163.796967      1536
20190602T105042.10_5CF3FA30.MER.DET.WLT5           -13.799277    -163.797165      1538
20190604T044805.10_5CFF1EA6.MER.DET.WLT5           -13.773232    -163.843689      1503
20190604T094739.10_5CFF1EA6.MER.DET.WLT5           -13.771362    -163.850479      1504
20190608T142424.10_5CFF1EA6.MER.DET.WLT5           -13.733685    -163.987198      1519
20190624T030226.10_5D1089F1.MER.DET.WLT5           -13.271210    -164.954407      1515
20190706T102042.10_5D24DB80.MER.DET.WLT5           -13.158505    -165.171600      1515
20190709T124707.10_5D24DB80.MER.DET.WLT5           -13.110892    -165.225845      1522
20190711T171356.10_5D2B11F4.MER.DET.WLT5           -13.110481    -165.254898      1529
20190714T054924.10_5D2B11F4.MER.DET.WLT5           -13.114264    -165.278320      1519
20190715T082834.10_5D2F422A.MER.DET.WLT5           -13.106975    -165.307327      1491
20190717T101613.10_5D2F422A.MER.DET.WLT5           -13.101389    -165.338562      1503
20190731T151301.10_5D41FE44.MER.DET.WLT5           -13.161265    -165.598099      1507
20190806T110706.10_5D4D1F3C.MER.DET.WLT5           -13.212203    -165.718353      1517
20190816T032047.10_5D566D0C.MER.DET.WLT5           -13.282086    -165.930725      1469
20190823T000705.10_5D5F7E3A.MER.DET.WLT5           -13.372205    -166.116562      1538
20190824T155515.10_5D6AAB9E.MER.DET.WLT5           -13.392088    -166.174072      1514
20190829T122942.10_5D6AAB9E.MER.DET.WLT5           -13.433464    -166.326263      1519
20190901T155537.10_5D75DB4E.MER.DET.WLT5           -13.462131    -166.440750      1479
20190907T110441.10_5D75DB4E.MER.DET.WLT5           -13.498867    -166.632156      1523
20190920T091501.10_5D877D2E.MER.DET.WLT5           -13.589799    -167.048752      1507
20190922T073223.10_5D877D2E.MER.DET.WLT5           -13.603761    -167.115952      1513
20190922T075635.10_5D877D2E.MER.DET.WLT5           -13.603883    -167.116531      1512
20190927T120750.10_5D8E4C1D.MER.DET.WLT5           -13.600369    -167.290131      1502
20191022T093626.10_5DB1411C.MER.DET.WLT5           -13.643197    -168.042831      1510
20191024T003423.10_5DB1411C.MER.DET.WLT5           -13.647783    -168.079025      1526
20191029T011425.10_5DB7E16E.MER.DET.WLT5           -13.689778    -168.237274      1505
20191031T191835.10_5DC0F846.MER.DET.WLT5           -13.710912    -168.323105      1524
20191104T224355.10_5DC0F846.MER.DET.WLT5           -13.743393    -168.414230      1514
20191108T104600.10_5DC5978D.MER.DET.WLT5           -13.780309    -168.523270      1523
20191109T112523.10_5DCA36DA.MER.DET.WLT5           -13.788431    -168.555893      1485
20191111T230043.10_5DCA36DA.MER.DET.WLT5           -13.789269    -168.614227      1491
20191114T055920.10_5DCD3E4E.MER.DET.WLT5           -13.796054    -168.668625      1500
20191117T121419.10_5DD1894A.MER.DET.WLT5           -13.784399    -168.757431      1523
20191120T024703.10_5DDCAC23.MER.DET.WLT5           -13.807337    -168.828476      1507
20191123T083058.10_5DDCAC23.MER.DET.WLT5           -13.841717    -168.916000      1486
20191127T022704.10_5DE24280.MER.DET.WLT5           -13.885831    -169.002258      1533
20191127T100156.10_5DE24280.MER.DET.WLT5           -13.890802    -169.007477      1527
20191130T045122.10_5DE24280.MER.DET.WLT5           -13.934624    -169.053421      1511
20191204T201250.10_5DE860CC.MER.DET.WLT5           -13.999351    -169.137344      1496
20191206T130439.10_5DF380F4.MER.DET.WLT5           -14.018569    -169.160034      1503
20191206T154242.10_5DF380F4.MER.DET.WLT5           -14.019764    -169.160675      1504
20191209T053840.10_5DF380F4.MER.DET.WLT5           -14.047868    -169.175735      1510
20191215T062118.10_5DF9D679.MER.DET.WLT5           -14.102257    -169.208725      1484
20191218T015927.10_5DF9D679.MER.DET.WLT5           -14.118034    -169.226715      1496
20191224T072917.10_5E0492C8.MER.DET.WLT5           -14.196778    -169.224411      1516
20191224T140228.10_5E0492C8.MER.DET.WLT5           -14.200105    -169.224335      1504
20191226T050012.10_5E0492C8.MER.DET.WLT5           -14.219879    -169.223907      1518
20191227T160215.10_5E0FB63C.MER.DET.WLT5           -14.234641    -169.211548      1507
20191229T180608.10_5E0FB63C.MER.DET.WLT5           -14.273623    -169.204361      1516
20200105T072141.10_5E1AD7A6.MER.DET.WLT5           -14.382010    -169.184982      1527
20200120T090307.10_5E25F868.MER.DET.WLT5           -14.483482    -169.076340      1506
20200123T154245.10_5E3118F8.MER.DET.WLT5           -14.504966    -169.072540      1517
20200131T110853.10_5E345890.MER.DET.WLT5           -14.545438    -169.090500      1529
20200202T042441.10_5E37932E.MER.DET.WLT5           -14.552135    -169.106674      1508
20200202T215319.10_5E37932E.MER.DET.WLT5           -14.554890    -169.114807      1506
20200205T182155.10_5E3B56F4.MER.DET.WLT5           -14.540326    -169.117737      1500
20200208T185509.10_5E3F5392.MER.DET.WLT5           -14.548297    -169.130173      1531
20200210T165717.10_5E42DBC2.MER.DET.WLT5           -14.566204    -169.158142      1512
20200211T102229.10_5E42DBC2.MER.DET.WLT5           -14.571599    -169.165131      1518
20200211T110834.10_5E42DBC2.MER.DET.WLT5           -14.571837    -169.165436      1506
20200212T145832.10_5E47D2A8.MER.DET.WLT5           -14.583327    -169.190460      1513
20200213T045759.10_5E47D2A8.MER.DET.WLT5           -14.582392    -169.200790      1516
20200213T082548.10_5E47D2A8.MER.DET.WLT5           -14.582160    -169.203354      1518
20200213T104310.10_5E47D2A8.MER.DET.WLT5           -14.582006    -169.205032      1537
20200215T052234.10_5E47D2A8.MER.DET.WLT5           -14.579152    -169.236526      1539
20200222T194814.10_5E52FD28.MER.DET.WLT5           -14.603975    -169.320847      1518
20200225T020806.10_5E5673F8.MER.DET.WLT5           -14.611349    -169.335464      1516
20200225T054428.10_5E5673F8.MER.DET.WLT5           -14.611355    -169.335754      1518
20200225T070610.10_5E5673F8.MER.DET.WLT5           -14.611357    -169.335861      1520
20200225T095852.10_5E5673F8.MER.DET.WLT5           -14.611362    -169.336075      1522
20200225T134346.10_5E5673F8.MER.DET.WLT5           -14.611367    -169.336365      1522
20200225T164553.10_5E5673F8.MER.DET.WLT5           -14.611372    -169.336594      1527
20200225T202201.10_5E5673F8.MER.DET.WLT5           -14.611378    -169.336884      1526
20200225T230730.10_5E5673F8.MER.DET.WLT5           -14.611382    -169.337097      1528
20200226T074927.10_5E5673F8.MER.DET.WLT5           -14.611396    -169.337769      1526
20200227T080129.10_5E59A9F4.MER.DET.WLT5           -14.626464    -169.318878      1495
20200227T085732.10_5E59A9F4.MER.DET.WLT5           -14.626534    -169.319000      1490
20200227T174942.10_5E59A9F4.MER.DET.WLT5           -14.627200    -169.320236      1499
20200227T214121.10_5E59A9F4.MER.DET.WLT5           -14.627490    -169.320786      1511
20200228T011935.10_5E59A9F4.MER.DET.WLT5           -14.627763    -169.321289      1496
20200228T070807.10_5E59A9F4.MER.DET.WLT5           -14.628200    -169.322098      1510
20200228T121902.10_5E59A9F4.MER.DET.WLT5           -14.628589    -169.322815      1515
20200228T181955.10_5E59A9F4.MER.DET.WLT5           -14.629040    -169.323654      1515
20200229T214209.10_5E5CD1E2.MER.DET.WLT5           -14.645688    -169.312134      1495
20200301T010417.10_5E5CD1E2.MER.DET.WLT5           -14.645697    -169.311188      1492
20200301T023100.10_5E5CD1E2.MER.DET.WLT5           -14.645700    -169.310776      1489
20200301T181346.10_5E5CD1E2.MER.DET.WLT5           -14.645741    -169.306320      1497
20200302T034933.10_5E5CD1E2.MER.DET.WLT5           -14.645765    -169.303589      1501
20200303T132921.10_5E621DCA.MER.DET.WLT5           -14.657452    -169.304688      1510
20200303T172827.10_5E621DCA.MER.DET.WLT5           -14.657351    -169.305222      1513
20200306T002737.10_5E621DCA.MER.DET.WLT5           -14.655960    -169.312607      1538
20200306T041004.10_5E621DCA.MER.DET.WLT5           -14.655866    -169.313095      1539
20200307T050552.10_5E6D96A0.MER.DET.WLT5           -14.654436    -169.317139      1492
20200307T112556.10_5E65650A.MER.DET.WLT5           -14.654165    -169.316879      1491
20200307T114807.10_5E6992E4.MER.DET.WLT5           -14.654149    -169.316864      1487
20200307T142020.10_5E6D96A0.MER.DET.WLT5           -14.654040    -169.316757      1497
20200307T164509.10_5E6992E4.MER.DET.WLT5           -14.653937    -169.316666      1500
20200307T202947.10_5E6D96A0.MER.DET.WLT5           -14.653777    -169.316513      1500
20200307T230244.10_5E65650A.MER.DET.WLT5           -14.653667    -169.316406      1504
20200308T030657.10_5E65650A.MER.DET.WLT5           -14.653494    -169.316238      1497
20200308T055541.10_5E65650A.MER.DET.WLT5           -14.653373    -169.316132      1514
20200308T062006.10_5E65650A.MER.DET.WLT5           -14.653356    -169.316101      1504
20200308T100801.10_5E65650A.MER.DET.WLT5           -14.653193    -169.315948      1495
20200308T112722.10_5E65650A.MER.DET.WLT5           -14.653136    -169.315903      1496
20200308T115651.10_5E65650A.MER.DET.WLT5           -14.653115    -169.315887      1510
20200308T141616.10_5E6992E4.MER.DET.WLT5           -14.653016    -169.315781      1497
20200308T151512.10_5E65650A.MER.DET.WLT5           -14.652974    -169.315750      1505
20200308T154550.10_5E65650A.MER.DET.WLT5           -14.652952    -169.315720      1509
20200308T160051.10_5E6992E4.MER.DET.WLT5           -14.652942    -169.315720      1519
20200309T205120.10_5E6D96A0.MER.DET.WLT5           -14.665839    -169.310989      1527
20200310T073115.10_5E6992E4.MER.DET.WLT5           -14.664533    -169.314529      1537
20200310T101138.10_5E6992E4.MER.DET.WLT5           -14.664206    -169.315414      1542
20200310T102750.10_5E6D96A0.MER.DET.WLT5           -14.664173    -169.315506      1543
20200310T105831.10_5E6D96A0.MER.DET.WLT5           -14.664110    -169.315674      1539
20200310T195417.10_5E6992E4.MER.DET.WLT5           -14.663017    -169.318634      1539
20200310T213952.10_5E6992E4.MER.DET.WLT5           -14.662802    -169.319214      1536
20200311T030544.10_5E6D96A0.MER.DET.WLT5           -14.662136    -169.321014      1543
20200311T195359.10_5E6992E4.MER.DET.WLT5           -14.660079    -169.326584      1509
20200312T205201.10_5E6D96A0.MER.DET.WLT5           -14.672725    -169.324371      1486
20200314T211017.10_5E6D96A0.MER.DET.WLT5           -14.660092    -169.329391      1512
20200315T213235.10_5E80B550.MER.DET.WLT5           -14.663118    -169.321686      1513
20200315T215103.10_5E7D0424.MER.DET.WLT5           -14.662973    -169.321625      1511
20200315T221754.10_5E7D0424.MER.DET.WLT5           -14.662764    -169.321548      1511
20200315T223154.10_5E709976.MER.DET.WLT5           -14.662655    -169.321518      1509
20200315T224137.10_5E76C10C.MER.DET.WLT5           -14.662579    -169.321487      1507
20200315T233509.10_5E83EA01.MER.DET.WLT5           -14.662160    -169.321320      1510
20200315T235809.10_5E739FA8.MER.DET.WLT5           -14.661981    -169.321259      1511
20200316T001833.10_5E739FA8.MER.DET.WLT5           -14.661821    -169.321198      1513
20200316T002604.10_5E739FA8.MER.DET.WLT5           -14.661762    -169.321182      1513
20200316T003253.10_5E709976.MER.DET.WLT5           -14.661709    -169.321152      1511
20200316T003715.10_5E7D0424.MER.DET.WLT5           -14.661675    -169.321136      1511
20200316T004120.10_5E709976.MER.DET.WLT5           -14.661643    -169.321136      1511
20200316T004930.10_5E709976.MER.DET.WLT5           -14.661579    -169.321106      1513
20200316T005652.10_5E709976.MER.DET.WLT5           -14.661522    -169.321091      1514
20200316T042037.10_5E955B88.MER.DET.WLT5           -14.659930    -169.320480      1503
20200316T051650.10_5E739FA8.MER.DET.WLT5           -14.659491    -169.320312      1512
20200316T054522.10_5E98A3CA.MER.DET.WLT5           -14.659267    -169.320236      1507
20200316T061846.10_5E8A3C50.MER.DET.WLT5           -14.659007    -169.320145      1509
20200316T063958.10_5E709976.MER.DET.WLT5           -14.658841    -169.320068      1512
20200316T074926.10_5E83EA01.MER.DET.WLT5           -14.658298    -169.319870      1513
20200316T081955.10_5E76C10C.MER.DET.WLT5           -14.658060    -169.319778      1522
20200316T092414.10_5E709976.MER.DET.WLT5           -14.657557    -169.319595      1517
20200316T093219.10_5EA4AE60.MER.DET.WLT5           -14.657495    -169.319565      1518
20200316T094049.10_5E79D332.MER.DET.WLT5           -14.657428    -169.319550      1518
20200316T094559.10_5E76C10C.MER.DET.WLT5           -14.657388    -169.319534      1518
20200316T095235.10_5E9E3C06.MER.DET.WLT5           -14.657336    -169.319504      1519
20200316T112222.10_5E739FA8.MER.DET.WLT5           -14.656634    -169.319244      1520
20200316T114226.10_5EC9121B.MER.DET.WLT5           -14.656478    -169.319183      1521
20200316T114624.10_5EBB48FA.MER.DET.WLT5           -14.656446    -169.319168      1521
20200316T120527.10_5E7D0424.MER.DET.WLT5           -14.656298    -169.319122      1521
20200316T130303.10_5E76C10C.MER.DET.WLT5           -14.655848    -169.318954      1519
20200316T131323.10_5EA7C50A.MER.DET.WLT5           -14.655767    -169.318924      1518
20200316T132136.10_5E76C10C.MER.DET.WLT5           -14.655704    -169.318893      1519
20200316T133304.10_5E83EA01.MER.DET.WLT5           -14.655614    -169.318863      1523
20200316T142935.10_5E80B550.MER.DET.WLT5           -14.655172    -169.318695      1516
20200316T144943.10_5E709976.MER.DET.WLT5           -14.655015    -169.318634      1520
20200316T145634.10_5E7D0424.MER.DET.WLT5           -14.654961    -169.318619      1520
20200316T150043.10_5E7D0424.MER.DET.WLT5           -14.654929    -169.318604      1520
20200316T151449.10_5E91A8A7.MER.DET.WLT5           -14.654819    -169.318558      1517
20200316T152713.10_5EABA490.MER.DET.WLT5           -14.654721    -169.318527      1517
20200316T155428.10_5E98A3CA.MER.DET.WLT5           -14.654509    -169.318451      1518
20200316T161434.10_5E739FA8.MER.DET.WLT5           -14.654351    -169.318390      1513
20200316T162400.10_5EA7C50A.MER.DET.WLT5           -14.654278    -169.318359      1512
20200316T174744.10_5E79D332.MER.DET.WLT5           -14.653624    -169.318115      1521
20200316T180223.10_5E86F008.MER.DET.WLT5           -14.653509    -169.318069      1517
20200316T183005.10_5E76C10C.MER.DET.WLT5           -14.653293    -169.317993      1519
20200316T191615.10_5E79D332.MER.DET.WLT5           -14.652932    -169.317856      1513
20200316T202244.10_5EA18B48.MER.DET.WLT5           -14.652412    -169.317657      1517
20200316T204354.10_5EA18B48.MER.DET.WLT5           -14.652247    -169.317596      1523
20200316T210404.10_5E98A3CA.MER.DET.WLT5           -14.652090    -169.317535      1529
20200316T212653.10_5E79D332.MER.DET.WLT5           -14.651912    -169.317459      1529
20200316T223311.10_5EAEF8C0.MER.DET.WLT5           -14.651394    -169.317276      1525
20200316T225512.10_5E8A3C50.MER.DET.WLT5           -14.651221    -169.317200      1525
20200316T231159.10_5E8A3C50.MER.DET.WLT5           -14.651091    -169.317154      1525
20200316T233549.10_5E709976.MER.DET.WLT5           -14.650904    -169.317093      1526
20200316T235451.10_5E79D332.MER.DET.WLT5           -14.650755    -169.317032      1523
20200317T001243.10_5E7D0424.MER.DET.WLT5           -14.650616    -169.316971      1523
20200317T003128.10_5E7D0424.MER.DET.WLT5           -14.650469    -169.316925      1528
20200317T011328.10_5E83EA01.MER.DET.WLT5           -14.650141    -169.316803      1527
20200317T012417.10_5E8A3C50.MER.DET.WLT5           -14.650057    -169.316772      1527
20200317T014515.10_5E80B550.MER.DET.WLT5           -14.649893    -169.316711      1530
20200317T020823.10_5E79D332.MER.DET.WLT5           -14.649713    -169.316635      1529
20200317T022444.10_5E79D332.MER.DET.WLT5           -14.649585    -169.316589      1526
20200317T024757.10_5E739FA8.MER.DET.WLT5           -14.649403    -169.316528      1531
20200317T031352.10_5E739FA8.MER.DET.WLT5           -14.649200    -169.316452      1527
20200317T032731.10_5E8DB4F8.MER.DET.WLT5           -14.649094    -169.316406      1527
20200317T033704.10_5E91A8A7.MER.DET.WLT5           -14.649019    -169.316376      1529
20200317T034508.10_5EC1DDB1.MER.DET.WLT5           -14.648956    -169.316360      1530
20200317T035441.10_5EA7C50A.MER.DET.WLT5           -14.648882    -169.316330      1531
20200318T031706.10_5E86F008.MER.DET.WLT5           -14.646638    -169.306137      1520
20200318T032635.10_5E86F008.MER.DET.WLT5           -14.646554    -169.306107      1518
20200318T033937.10_5E98A3CA.MER.DET.WLT5           -14.646441    -169.306076      1515
20200318T042206.10_5E955B88.MER.DET.WLT5           -14.646068    -169.306000      1518
20200318T043158.10_5E9E3C06.MER.DET.WLT5           -14.645981    -169.305969      1517
20200318T044546.10_5E8A3C50.MER.DET.WLT5           -14.645860    -169.305954      1517
20200318T052240.10_5EABA490.MER.DET.WLT5           -14.645536    -169.305878      1513
20200318T054959.10_5E8DB4F8.MER.DET.WLT5           -14.645297    -169.305817      1505
20200318T060542.10_5E9E3C06.MER.DET.WLT5           -14.645159    -169.305786      1509
20200318T063534.10_5EA4AE60.MER.DET.WLT5           -14.644897    -169.305725      1511
20200318T075341.10_5EA4AE60.MER.DET.WLT5           -14.644212    -169.305557      1515
20200318T080956.10_5E955B88.MER.DET.WLT5           -14.644070    -169.305527      1517
20200318T090342.10_5E9E3C06.MER.DET.WLT5           -14.643598    -169.305420      1517
20200318T094531.10_5EA7C50A.MER.DET.WLT5           -14.643231    -169.305328      1519
20200318T101724.10_5E955B88.MER.DET.WLT5           -14.642952    -169.305267      1527
20200318T103546.10_5EBB48FA.MER.DET.WLT5           -14.642791    -169.305222      1529
20200318T110225.10_5EBB48FA.MER.DET.WLT5           -14.642557    -169.305176      1519
20200318T130522.10_5EBB48FA.MER.DET.WLT5           -14.641479    -169.304916      1528
20200318T140430.10_5EAEF8C0.MER.DET.WLT5           -14.640960    -169.304794      1523
20200318T172517.10_5E80B550.MER.DET.WLT5           -14.639199    -169.304382      1532
20200318T180239.10_5ED44100.MER.DET.WLT5           -14.638871    -169.304306      1528
20200318T185117.10_5ED44100.MER.DET.WLT5           -14.638445    -169.304199      1524
20200318T190449.10_5EA18B48.MER.DET.WLT5           -14.638326    -169.304169      1526
20200318T192800.10_5EAEF8C0.MER.DET.WLT5           -14.638123    -169.304123      1528
20200318T194612.10_5EABA490.MER.DET.WLT5           -14.637963    -169.304092      1527
20200318T200744.10_5E80B550.MER.DET.WLT5           -14.637774    -169.304047      1527
20200318T202256.10_5E8A3C50.MER.DET.WLT5           -14.637641    -169.304016      1526
20200318T205202.10_5E91A8A7.MER.DET.WLT5           -14.637386    -169.303955      1515
20200318T211523.10_5EC1DDB1.MER.DET.WLT5           -14.637181    -169.303909      1508
20200318T213429.10_5E955B88.MER.DET.WLT5           -14.637013    -169.303864      1513
20200318T220919.10_5E955B88.MER.DET.WLT5           -14.636708    -169.303787      1528
20200318T222410.10_5E98A3CA.MER.DET.WLT5           -14.636578    -169.303757      1528
20200318T224839.10_5EB7DE62.MER.DET.WLT5           -14.636363    -169.303711      1522
20200318T230620.10_5EAEF8C0.MER.DET.WLT5           -14.636208    -169.303680      1524
20200318T231414.10_5EAEF8C0.MER.DET.WLT5           -14.636139    -169.303665      1525
20200319T004557.10_5E98A3CA.MER.DET.WLT5           -14.635334    -169.303467      1526
20200319T010748.10_5E91A8A7.MER.DET.WLT5           -14.635142    -169.303421      1527
20200319T013758.10_5EAEF8C0.MER.DET.WLT5           -14.634878    -169.303360      1520
20200319T020701.10_5EABA490.MER.DET.WLT5           -14.634624    -169.303299      1522
20200319T022447.10_5EA18B48.MER.DET.WLT5           -14.634467    -169.303268      1525
20200319T051525.10_5EC9121B.MER.DET.WLT5           -14.632971    -169.302917      1524
20200319T055112.10_5E739FA8.MER.DET.WLT5           -14.632657    -169.302841      1519
20200319T062501.10_5EABA490.MER.DET.WLT5           -14.632360    -169.302765      1527
20200319T074953.10_5EA7C50A.MER.DET.WLT5           -14.631617    -169.302597      1523
20200319T081126.10_5EC1DDB1.MER.DET.WLT5           -14.631428    -169.302551      1522
20200319T082458.10_5EC1DDB1.MER.DET.WLT5           -14.631309    -169.302521      1521
20200319T083247.10_5EA7C50A.MER.DET.WLT5           -14.631240    -169.302505      1520
20200319T084709.10_5E91A8A7.MER.DET.WLT5           -14.631114    -169.302475      1521
20200319T085355.10_5E955B88.MER.DET.WLT5           -14.631055    -169.302460      1522
20200319T085821.10_5E9E3C06.MER.DET.WLT5           -14.631016    -169.302460      1522
20200319T090852.10_5EA7C50A.MER.DET.WLT5           -14.630924    -169.302429      1522
20200319T105723.10_5EC1DDB1.MER.DET.WLT5           -14.629972    -169.302216      1527
20200320T115210.10_5E98A3CA.MER.DET.WLT5           -14.620006    -169.290512      1506
20200320T163914.10_5E76C10C.MER.DET.WLT5           -14.615250    -169.289230      1520
20200320T183406.10_5EBB48FA.MER.DET.WLT5           -14.613346    -169.288727      1520
20200321T011705.10_5E76C10C.MER.DET.WLT5           -14.606668    -169.286926      1520
20200321T013420.10_5EA4AE60.MER.DET.WLT5           -14.606383    -169.286850      1514
20200321T014837.10_5E76C10C.MER.DET.WLT5           -14.606147    -169.286789      1512
20200321T025033.10_5EBB48FA.MER.DET.WLT5           -14.605121    -169.286514      1512
20200321T034631.10_5EC9121B.MER.DET.WLT5           -14.604193    -169.286270      1528
20200321T132853.10_5ED44100.MER.DET.WLT5           -14.594543    -169.283676      1510
20200321T195447.10_5EA18B48.MER.DET.WLT5           -14.588149    -169.281967      1511
20200322T223416.10_5E79D332.MER.DET.WLT5           -14.583035    -169.282608      1521
20200322T232541.10_5E9E3C06.MER.DET.WLT5           -14.582178    -169.282501      1519
20200323T070122.10_5E98A3CA.MER.DET.WLT5           -14.574581    -169.281448      1522
20200323T080859.10_5EA18B48.MER.DET.WLT5           -14.573454    -169.281296      1522
20200323T083151.10_5EB7DE62.MER.DET.WLT5           -14.573072    -169.281235      1528
20200323T090219.10_5ED44100.MER.DET.WLT5           -14.572565    -169.281174      1528
20200323T094537.10_5E86F008.MER.DET.WLT5           -14.571843    -169.281067      1529
20200323T111232.10_5EC9121B.MER.DET.WLT5           -14.570394    -169.280869      1524
20200323T113811.10_5EABA490.MER.DET.WLT5           -14.569966    -169.280807      1528
20200323T115027.10_5EA4AE60.MER.DET.WLT5           -14.569761    -169.280777      1528
20200323T132042.10_5E79D332.MER.DET.WLT5           -14.568257    -169.280579      1524
20200323T140744.10_5E83EA01.MER.DET.WLT5           -14.567473    -169.280472      1533
20200323T143334.10_5EA18B48.MER.DET.WLT5           -14.567042    -169.280411      1534
20200323T150102.10_5EABA490.MER.DET.WLT5           -14.566585    -169.280350      1532
20200323T151308.10_5EA4AE60.MER.DET.WLT5           -14.566382    -169.280319      1529
20200323T153639.10_5E8DB4F8.MER.DET.WLT5           -14.565990    -169.280258      1529
20200323T163922.10_5E80B550.MER.DET.WLT5           -14.564945    -169.280121      1523
20200323T165557.10_5E83EA01.MER.DET.WLT5           -14.564669    -169.280075      1527
20200323T170702.10_5E8DB4F8.MER.DET.WLT5           -14.564484    -169.280060      1533
20200323T181559.10_5E80B550.MER.DET.WLT5           -14.563334    -169.279892      1532
20200323T182632.10_5E955B88.MER.DET.WLT5           -14.563159    -169.279877      1536
20200323T184155.10_5E98A3CA.MER.DET.WLT5           -14.562902    -169.279831      1538
20200323T191456.10_5EC1DDB1.MER.DET.WLT5           -14.562351    -169.279755      1538
20200323T192813.10_5EA7C50A.MER.DET.WLT5           -14.562130    -169.279724      1540
20200325T034549.10_5EA18B48.MER.DET.WLT5           -14.525356    -169.268982      1513
20200325T035435.10_5E9E3C06.MER.DET.WLT5           -14.525210    -169.268936      1512
20200325T040535.10_5E80B550.MER.DET.WLT5           -14.525027    -169.268860      1512
20200325T042617.10_5E7D0424.MER.DET.WLT5           -14.524683    -169.268723      1520
20200325T044411.10_5E91A8A7.MER.DET.WLT5           -14.524385    -169.268616      1524
20200325T045129.10_5EAEF8C0.MER.DET.WLT5           -14.524264    -169.268570      1525
20200325T050133.10_5E86F008.MER.DET.WLT5           -14.524096    -169.268509      1522
20200325T051139.10_5E91A8A7.MER.DET.WLT5           -14.523929    -169.268433      1516
20200325T052447.10_5EBB48FA.MER.DET.WLT5           -14.523710    -169.268356      1513
20200328T125021.10_5E80B550.MER.DET.WLT5           -14.434173    -169.230881      1514
20200328T151218.10_5E86F008.MER.DET.WLT5           -14.431304    -169.229355      1516
20200328T160250.10_5E91A8A7.MER.DET.WLT5           -14.430284    -169.228806      1516
20200330T200058.10_5E83EA01.MER.DET.WLT5           -14.376206    -169.205383      1522
20200331T110459.10_5E83EA01.MER.DET.WLT5           -14.366792    -169.195221      1538
20200331T193137.10_5E83EA01.MER.DET.WLT5           -14.361515    -169.189529      1526
20200401T225634.10_5E86F008.MER.DET.WLT5           -14.341374    -169.189499      1537
20200402T053834.10_5E86F008.MER.DET.WLT5           -14.338370    -169.185898      1511
20200402T132953.10_5E86F008.MER.DET.WLT5           -14.334847    -169.181656      1519
20200404T092413.10_5E8A3C50.MER.DET.WLT5           -14.314145    -169.175537      1509
20200405T044101.10_5E8A3C50.MER.DET.WLT5           -14.307659    -169.169556      1530
20200405T142706.10_5E8A3C50.MER.DET.WLT5           -14.304374    -169.166519      1526
20200406T161825.10_5E8DB4F8.MER.DET.WLT5           -14.318645    -169.140167      1478
20200406T180246.10_5E8DB4F8.MER.DET.WLT5           -14.318801    -169.138763      1487
20200406T212737.10_5E8DB4F8.MER.DET.WLT5           -14.319106    -169.136017      1482
20200406T224818.10_5E8DB4F8.MER.DET.WLT5           -14.319227    -169.134933      1475
20200407T123305.10_5E8DB4F8.MER.DET.WLT5           -14.320459    -169.123886      1533
20200408T054604.10_5E91A8A7.MER.DET.WLT5           -14.322002    -169.110031      1533
20200411T053734.10_5EA7C50A.MER.DET.WLT5           -14.340018    -169.046051      1530
20200414T010911.10_5E955B88.MER.DET.WLT5           -14.362117    -168.980179      1517
20200415T155913.10_5E9E3C06.MER.DET.WLT5           -14.380916    -168.958908      1526
20200416T123743.10_5E9E3C06.MER.DET.WLT5           -14.391069    -168.945938      1544
20200422T232456.10_5EA18B48.MER.DET.WLT5           -14.408465    -168.889587      1515
20200425T014203.10_5EC9121B.MER.DET.WLT5           -14.414578    -168.874786      1497
20200425T123427.10_5EA4AE60.MER.DET.WLT5           -14.417213    -168.872849      1494
20200425T125941.10_5EA4AE60.MER.DET.WLT5           -14.417315    -168.872772      1505
20200425T155942.10_5EA4AE60.MER.DET.WLT5           -14.418042    -168.872238      1502
20200430T044542.10_5EABA490.MER.DET.WLT5           -14.448083    -168.849609      1525
20200430T223838.10_5EABA490.MER.DET.WLT5           -14.457669    -168.842102      1507
20200502T220202.10_5EAEF8C0.MER.DET.WLT5           -14.480802    -168.861328      1520
20200503T053933.10_5EAEF8C0.MER.DET.WLT5           -14.481948    -168.859604      1510
20200503T112243.10_5ED44100.MER.DET.WLT5           -14.482808    -168.858307      1526
20200504T150258.10_5EC1DDB1.MER.DET.WLT5           -14.493601    -168.858215      1520
20200504T182536.10_5EB7DE62.MER.DET.WLT5           -14.493127    -168.855530      1518
20200504T222945.10_5EB203F5.MER.DET.WLT5           -14.492557    -168.852295      1522
20200504T223840.10_5EB7DE62.MER.DET.WLT5           -14.492536    -168.852173      1526
20200504T230452.10_5EB203F5.MER.DET.WLT5           -14.492475    -168.851837      1531
20200504T232143.10_5EB203F5.MER.DET.WLT5           -14.492435    -168.851608      1525
20200505T035734.10_5EB7DE62.MER.DET.WLT5           -14.491791    -168.847946      1528
20200505T040656.10_5EB203F5.MER.DET.WLT5           -14.491769    -168.847824      1530
20200505T041218.10_5EB203F5.MER.DET.WLT5           -14.491756    -168.847763      1530
20200505T041838.10_5EB203F5.MER.DET.WLT5           -14.491741    -168.847672      1529
20200505T042743.10_5EB203F5.MER.DET.WLT5           -14.491720    -168.847549      1525
20200505T044020.10_5EC9121B.MER.DET.WLT5           -14.491691    -168.847382      1519
20200505T080445.10_5EB203F5.MER.DET.WLT5           -14.491213    -168.844681      1528
20200505T110306.10_5EB7DE62.MER.DET.WLT5           -14.490796    -168.842316      1528
20200505T110838.10_5EB7DE62.MER.DET.WLT5           -14.490784    -168.842239      1527
20200505T111432.10_5EB7DE62.MER.DET.WLT5           -14.490769    -168.842163      1526
20200505T112122.10_5EB203F5.MER.DET.WLT5           -14.490753    -168.842072      1527
20200505T183432.10_5EB7DE62.MER.DET.WLT5           -14.489741    -168.836334      1529
20200511T231223.10_5EBB48FA.MER.DET.WLT5           -14.501255    -168.757019      1497
20200512T192629.10_5EBB48FA.MER.DET.WLT5           -14.501849    -168.737778      1518
20200515T144842.10_5EC1DDB1.MER.DET.WLT5           -14.501164    -168.687485      1532
20200517T190928.10_5EC1DDB1.MER.DET.WLT5           -14.501566    -168.646271      1526
20200520T135117.10_5EC9121B.MER.DET.WLT5           -14.495313    -168.603516      1518
20200520T150532.10_5EC9121B.MER.DET.WLT5           -14.495283    -168.602539      1519
20200523T062712.10_5EC9121B.MER.DET.WLT5           -14.493755    -168.552399      1536
20200603T093259.10_5ED7BC54.MER.DET.WLT5           -14.405985    -168.318710      1513
20200604T085835.10_5EDED93A.MER.DET.WLT5           -14.407006    -168.290176      1507
20200607T160312.10_5EDED93A.MER.DET.WLT5           -14.394938    -168.211166      1504
20200608T190414.10_5EDED93A.MER.DET.WLT5           -14.390815    -168.184174      1500
20200610T043052.10_5EE26A6E.MER.DET.WLT5           -14.406013    -168.143784      1511
20200611T115548.10_5EE26A6E.MER.DET.WLT5           -14.414142    -168.104950      1497
20200612T152521.10_5EEBB1F0.MER.DET.WLT5           -14.422971    -168.073471      1474
20200617T062422.10_5EEBB1F0.MER.DET.WLT5           -14.467164    -167.966064      1539
20200618T125304.10_5EEBB1F0.MER.DET.WLT5           -14.479300    -167.936554      1508
20200620T015729.10_5EF6DA5F.MER.DET.WLT5           -14.478930    -167.928970      1488
20200703T030018.10_5F01FA7A.MER.DET.WLT5           -14.524386    -167.951126      1536
20200708T082807.10_5F05D17A.MER.DET.WLT5           -14.530819    -168.003723      1531
20200718T153208.10_5F17A6D6.MER.DET.WLT5           -14.583302    -168.099136      1496
20200718T153722.10_5F17A6D6.MER.DET.WLT5           -14.583317    -168.099152      1497
20200718T160246.10_5F17A6D6.MER.DET.WLT5           -14.583390    -168.099228      1496
20200721T073424.10_5F17A6D6.MER.DET.WLT5           -14.594442    -168.110611      1520
20200721T194355.10_5F17A6D6.MER.DET.WLT5           -14.596558    -168.112793      1516
20200721T205725.10_5F17A6D6.MER.DET.WLT5           -14.596771    -168.113022      1515
20200801T195534.10_609A9C98.MER.REQ.WLT5           -14.573037    -168.057770    -12345
20200805T023843.10_5F2AC0B8.MER.DET.WLT5           -14.613117    -168.056732      1526
20200805T083631.10_5F2AC0B8.MER.DET.WLT5           -14.616154    -168.056656      1531
20200806T125055.10_5F358DA4.MER.DET.WLT5           -14.625307    -168.064484      1512
20200808T160634.10_5F358DA4.MER.DET.WLT5           -14.647423    -168.068756      1528
20200809T025552.10_5F358DA4.MER.DET.WLT5           -14.652091    -168.069656      1530
20200810T142044.10_5F358DA4.MER.DET.WLT5           -14.667370    -168.072601      1534
20200810T142506.10_5F358DA4.MER.DET.WLT5           -14.667401    -168.072617      1535
20200813T131847.10_5F358DA4.MER.DET.WLT5           -14.697987    -168.078522      1529
20200815T050322.10_5F3F9996.MER.DET.WLT5           -14.713202    -168.085953      1512
20200821T041812.10_5F3F9996.MER.DET.WLT5           -14.777356    -168.091537      1532
20200823T105205.10_5F4444FC.MER.DET.WLT5           -14.791553    -168.084122      1536
20200824T171454.10_5F4444FC.MER.DET.WLT5           -14.797995    -168.077774      1496
20200830T105721.10_5F4F680A.MER.DET.WLT5           -14.844791    -168.109100      1517
20200906T145543.10_5F57917E.MER.DET.WLT5           -14.850163    -168.131989      1510
20200906T150324.10_5F57917E.MER.DET.WLT5           -14.850137    -168.131989      1510
20200908T083322.10_5F57917E.MER.DET.WLT5           -14.841803    -168.133606      1508
20200912T023810.10_5F5D80B6.MER.DET.WLT5           -14.805525    -168.153030      1514
20200912T121846.10_5F5D80B6.MER.DET.WLT5           -14.802000    -168.154541      1506
20200912T203455.10_5F5D80B6.MER.DET.WLT5           -14.798987    -168.155838      1531
20200914T195806.10_5F68A496.MER.DET.WLT5           -14.777320    -168.167191      1532
20201002T054154.10_5F770D88.MER.DET.WLT5           -14.685593    -168.256989      1537
20201006T101230.10_5F8231C2.MER.DET.WLT5           -14.662784    -168.291077      1502
20201021T002802.10_5F9873F2.MER.DET.WLT5           -14.579604    -168.354889      1535
20201023T070609.10_5F9873F2.MER.DET.WLT5           -14.567129    -168.359818      1526
20201025T115215.10_5F9873F2.MER.DET.WLT5           -14.555080    -168.364578      1529
20201025T191240.10_5F9873F2.MER.DET.WLT5           -14.553404    -168.365234      1535
20201103T081939.10_5FA164B4.MER.DET.WLT5           -14.495617    -168.346893      1527
20201111T004925.10_5FAC86E8.MER.DET.WLT5           -14.497236    -168.336945      1497
20201114T095932.10_5FAFFC78.MER.DET.WLT5           -14.508527    -168.347168      1524
20201115T224721.10_5FBB1FEE.MER.DET.WLT5           -14.516809    -168.347229      1508
20201116T075530.10_5FBB1FEE.MER.DET.WLT5           -14.517953    -168.345947      1501
20201126T202836.10_5FC3B4EE.MER.DET.WLT5           -14.559031    -168.310089      1514
20201128T095255.10_5FC3B4EE.MER.DET.WLT5           -14.571408    -168.305710      1525
20201129T090508.10_5FC3B4EE.MER.DET.WLT5           -14.579086    -168.303009      1523
20201202T094459.10_5FC7B328.MER.DET.WLT5           -14.587522    -168.273773      1513
20201205T064321.10_5FD2D70F.MER.DET.WLT5           -14.596983    -168.265076      1539
20201206T064134.10_5FD2D70F.MER.DET.WLT5           -14.601775    -168.262405      1531
20201208T235110.10_5FD2D70F.MER.DET.WLT5           -14.614800    -168.255173      1510
20201214T015841.10_5FD715D9.MER.DET.WLT5           -14.677289    -168.265488      1529
20201218T171944.10_5FDD34AF.MER.DET.WLT5           -14.781476    -168.325516      1520
20201223T041315.10_5FE57AE2.MER.DET.WLT5           -14.819591    -168.371002      1513
20201224T235348.10_5FE57AE2.MER.DET.WLT5           -14.831072    -168.389481      1501
20201231T221845.10_5FF0A022.MER.DET.WLT5           -14.867217    -168.449081      1527
20210105T064604.10_5FF680AC.MER.DET.WLT5           -14.912508    -168.468918      1515
20210105T065550.10_5FF680AC.MER.DET.WLT5           -14.912608    -168.468964      1515
20210106T062259.10_5FF680AC.MER.DET.WLT5           -14.927109    -168.475861      1522
20210106T214832.10_5FF680AC.MER.DET.WLT5           -14.936646    -168.480392      1523
20210108T003103.10_6001A75C.MER.DET.WLT5           -14.953287    -168.503510      1505
20210108T050410.10_6001A75C.MER.DET.WLT5           -14.956619    -168.506149      1510
20210111T170127.10_6001A75C.MER.DET.WLT5           -15.018077    -168.554611      1524
20210128T003838.10_60125783.MER.DET.WLT5           -15.266431    -168.871613      1520
20210203T111134.10_601D7A92.MER.DET.WLT5           -15.364725    -169.031921      1524
20210208T080827.10_60242DA3.MER.DET.WLT5           -15.433427    -169.164841      1529
20210210T132255.10_60242DA3.MER.DET.WLT5           -15.454026    -169.229706      1513
20210213T141721.10_60283086.MER.DET.WLT5           -15.452136    -169.322235      1512
20210214T220714.10_602B67E2.MER.DET.WLT5           -15.455308    -169.349762      1523
20210216T005258.10_602B67E2.MER.DET.WLT5           -15.461137    -169.366135      1540
20210217T114041.10_602ED79C.MER.DET.WLT5           -15.480342    -169.412781      1511
20210217T225236.10_602ED79C.MER.DET.WLT5           -15.484716    -169.424011      1515
20210218T064055.10_602ED79C.MER.DET.WLT5           -15.487765    -169.431839      1520
20210218T153058.10_602ED79C.MER.DET.WLT5           -15.491217    -169.440704      1521
20210227T021327.10_6039FB2D.MER.DET.WLT5           -15.535114    -169.586716      1522
20210302T190729.10_603F5220.MER.DET.WLT5           -15.605921    -169.675369      1497
20210303T032257.10_603F5220.MER.DET.WLT5           -15.610741    -169.684784      1522
20210304T113700.10_6049779E.MER.DET.WLT5           -15.616921    -169.732010      1517
20210304T133112.10_60424E65.MER.DET.WLT5           -15.617049    -169.734680      1523
20210304T133544.10_60455984.MER.DET.WLT5           -15.617054    -169.734787      1522
20210304T135529.10_60424E65.MER.DET.WLT5           -15.617077    -169.735245      1520
20210304T142853.10_60505208.MER.DET.WLT5           -15.617114    -169.736038      1525
20210304T152701.10_60505208.MER.DET.WLT5           -15.617179    -169.737396      1526
20210304T165619.10_60424E65.MER.DET.WLT5           -15.617280    -169.739487      1528
20210304T174326.10_60424E65.MER.DET.WLT5           -15.617332    -169.740585      1536
20210304T175747.10_60424E65.MER.DET.WLT5           -15.617349    -169.740921      1533
20210304T193043.10_60424E65.MER.DET.WLT5           -15.617454    -169.743088      1529
20210304T200334.10_604CDD30.MER.DET.WLT5           -15.617490    -169.743866      1528
20210304T213613.10_604CDD30.MER.DET.WLT5           -15.617594    -169.746033      1527
20210304T222156.10_60455984.MER.DET.WLT5           -15.617645    -169.747101      1530
20210304T235114.10_6049779E.MER.DET.WLT5           -15.617745    -169.749191      1531
20210305T021036.10_60455984.MER.DET.WLT5           -15.617903    -169.752441      1530
20210305T023225.10_60455984.MER.DET.WLT5           -15.617927    -169.752960      1532
20210305T024647.10_60424E65.MER.DET.WLT5           -15.617943    -169.753296      1532
20210305T033739.10_60424E65.MER.DET.WLT5           -15.618000    -169.754486      1533
20210305T035736.10_60455984.MER.DET.WLT5           -15.618023    -169.754944      1533
20210305T043248.10_604CDD30.MER.DET.WLT5           -15.618062    -169.755768      1534
20210305T074136.10_60455984.MER.DET.WLT5           -15.618275    -169.760193      1540
20210305T081557.10_6049779E.MER.DET.WLT5           -15.618313    -169.760986      1533
20210305T094336.10_604CDD30.MER.DET.WLT5           -15.618411    -169.763046      1540
20210306T103645.10_60455984.MER.DET.WLT5           -15.628716    -169.827637      1510
20210306T120713.10_60455984.MER.DET.WLT5           -15.628933    -169.830048      1503
20210306T131255.10_6049779E.MER.DET.WLT5           -15.629090    -169.831802      1506
20210306T173112.10_604CDD30.MER.DET.WLT5           -15.629708    -169.838715      1516
20210306T183007.10_604CDD30.MER.DET.WLT5           -15.629849    -169.840286      1514
20210306T230804.10_6049779E.MER.DET.WLT5           -15.630515    -169.847717      1520
20210307T014357.10_6049779E.MER.DET.WLT5           -15.630888    -169.851883      1520
20210307T035027.10_604CDD30.MER.DET.WLT5           -15.631191    -169.855270      1518
20210307T111144.10_60455984.MER.DET.WLT5           -15.632247    -169.867065      1527
20210307T133306.10_6049779E.MER.DET.WLT5           -15.632586    -169.870850      1517
20210307T135928.10_604CDD30.MER.DET.WLT5           -15.632648    -169.871552      1524
20210308T211041.10_6049779E.MER.DET.WLT5           -15.639379    -169.916000      1522
20210310T201303.10_6049779E.MER.DET.WLT5           -15.639112    -169.986481      1515
20210312T000445.10_604CDD30.MER.DET.WLT5           -15.636604    -170.053604      1546
20210313T094904.10_60505208.MER.DET.WLT5           -15.630651    -170.106094      1528
20210316T005345.10_60505208.MER.DET.WLT5           -15.622403    -170.224869      1530
20210319T175918.10_60560E98.MER.DET.WLT5           -15.617607    -170.357849      1546
20210320T051217.10_60560E98.MER.DET.WLT5           -15.616210    -170.373764      1515
20210320T091939.10_60560E98.MER.DET.WLT5           -15.615696    -170.379608      1503
20210322T113327.10_60613A12.MER.DET.WLT5           -15.610733    -170.446198      1525
20210323T014702.10_60613A12.MER.DET.WLT5           -15.605073    -170.469452      1521
20210324T024254.10_60613A12.MER.DET.WLT5           -15.595154    -170.510223      1519
20210401T125630.10_60690B4A.MER.DET.WLT5           -15.514848    -170.876099      1472
20210401T151206.10_60690B4A.MER.DET.WLT5           -15.513704    -170.880478      1488
20210403T185007.10_60690B4A.MER.DET.WLT5           -15.487587    -170.980392      1485
20210406T081827.10_606DDF6D.MER.DET.WLT5           -15.480017    -171.119080      1526
20210406T083207.10_606DDF6D.MER.DET.WLT5           -15.479929    -171.119568      1528
20210407T095512.10_606DDF6D.MER.DET.WLT5           -15.470056    -171.174255      1522
20210407T105740.10_606DDF6D.MER.DET.WLT5           -15.469651    -171.176498      1524
20210408T162032.10_60719FBE.MER.DET.WLT5           -15.457944    -171.229767      1532
20210408T172045.10_60719FBE.MER.DET.WLT5           -15.457444    -171.231476      1534
20210408T225709.10_60719FBE.MER.DET.WLT5           -15.454655    -171.241058      1528
20210409T112446.10_60719FBE.MER.DET.WLT5           -15.448455    -171.262360      1515
20210409T121745.10_60719FBE.MER.DET.WLT5           -15.448015    -171.263855      1516
20210410T071019.10_60719FBE.MER.DET.WLT5           -15.438622    -171.296127      1508
20210411T094458.10_60762EEE.MER.DET.WLT5           -15.421678    -171.350037      1495
20210411T145719.10_60762EEE.MER.DET.WLT5           -15.418817    -171.360123      1501
20210412T052838.10_60762EEE.MER.DET.WLT5           -15.410835    -171.388275      1511
20210412T054451.10_60762EEE.MER.DET.WLT5           -15.410687    -171.388794      1512
20210412T153123.10_60762EEE.MER.DET.WLT5           -15.405314    -171.407745      1517
20210412T233207.10_60762EEE.MER.DET.WLT5           -15.400911    -171.423279      1512
20210413T181454.10_60762EEE.MER.DET.WLT5           -15.390626    -171.459549      1518
20210415T024636.10_607977A2.MER.DET.WLT5           -15.370807    -171.518875      1532
20210415T135034.10_607977A2.MER.DET.WLT5           -15.370064    -171.543274      1527
20210415T200055.10_607977A2.MER.DET.WLT5           -15.369650    -171.556885      1538
20210416T055239.10_607977A2.MER.DET.WLT5           -15.368988    -171.578629      1544
20210417T072648.10_607CBA27.MER.DET.WLT5           -15.353522    -171.638596      1521
20210417T092307.10_607CBA27.MER.DET.WLT5           -15.352660    -171.642136      1527
20210418T033621.10_607CBA27.MER.DET.WLT5           -15.344564    -171.675461      1533
20210418T172059.10_607CBA27.MER.DET.WLT5           -15.338458    -171.700592      1512
20210421T091613.10_60803BA0.MER.DET.WLT5           -15.292902    -171.830490      1514
20210422T164153.10_60877DDC.MER.DET.WLT5           -15.279496    -171.897537      1500
20210423T021743.10_60877DDC.MER.DET.WLT5           -15.275567    -171.915253      1498
20210424T125001.10_60877DDC.MER.DET.WLT5           -15.261425    -171.978973      1517
20210425T165308.10_60877DDC.MER.DET.WLT5           -15.249940    -172.030746      1529
20210425T210605.10_60877DDC.MER.DET.WLT5           -15.248214    -172.038513      1523
20210426T044237.10_60877DDC.MER.DET.WLT5           -15.245098    -172.052567      1529
20210426T201419.10_60877DDC.MER.DET.WLT5           -15.238741    -172.081207      1517
20210426T210723.10_60877DDC.MER.DET.WLT5           -15.238379    -172.082840      1518
20210429T040227.10_608AA854.MER.DET.WLT5           -15.241337    -172.146454      1527
20210429T065218.10_608AA854.MER.DET.WLT5           -15.240562    -172.150146      1521
20210501T013706.10_608FC40C.MER.DET.WLT5           -15.241546    -172.219193      1496
20210501T032545.10_608FC40C.MER.DET.WLT5           -15.241730    -172.221939      1510
20210503T035407.10_608FC40C.MER.DET.WLT5           -15.246649    -172.295349      1532
20210504T195747.10_609A9C98.MER.DET.WLT5           -15.243349    -172.363968      1526
20210505T012303.10_609A9C98.MER.DET.WLT5           -15.242541    -172.370605      1537
20210505T051723.10_609A9C98.MER.DET.WLT5           -15.241960    -172.375381      1536
20210505T052216.10_609A9C98.MER.DET.WLT5           -15.241947    -172.375488      1538
20210507T064621.10_609A9C98.MER.DET.WLT5           -15.234587    -172.435974      1522
20210507T065214.10_609A9C98.MER.DET.WLT5           -15.234572    -172.436096      1521
20210507T233505.10_609A9C98.MER.DET.WLT5           -15.232082    -172.456558      1536
20210511T092101.10_609A9C98.MER.DET.WLT5           -15.219900    -172.556671      1524
