1.446e-14	0
0.00044974	20.05
0.00090073	40.1
0.0013542	60.15
0.0018115	80.201
0.0022738	100.25
0.0027423	120.3
0.0032179	140.35
0.0037015	160.4
0.0041936	180.45
0.0046944	200.5
0.0052036	220.55
0.0057205	240.6
0.0062439	260.65
0.0067729	280.7
0.0073061	300.75
0.0078425	320.8
0.0083811	340.85
0.0089211	360.9
0.0094615	380.95
0.010002	401
0.010542	421.05
0.01108	441.1
0.011616	461.15
0.01215	481.2
0.012648	500
0.012681	501.25
0.013209	521.3
0.013732	541.35
0.014251	561.4
0.014764	581.45
0.015271	601.5
0.015772	621.55
0.016266	641.6
0.016752	661.65
0.01723	681.7
0.0177	701.75
0.01816	721.8
0.018611	741.85
0.019051	761.9
0.019481	781.95
0.0199	802.01
0.020307	822.06
0.020703	842.11
0.021086	862.16
0.021457	882.21
0.021814	902.26
0.022159	922.31
0.02249	942.36
0.022807	962.41
0.02311	982.46
0.023399	1002.5
0.023673	1022.6
0.023933	1042.6
0.024178	1062.7
0.024407	1082.7
0.024622	1102.8
0.024822	1122.8
0.025006	1142.9
0.025175	1162.9
0.025329	1183
0.025467	1203
0.02559	1223.1
0.025697	1243.1
0.025789	1263.2
0.025867	1283.2
0.025928	1303.3
0.025975	1323.3
0.026007	1343.4
0.026025	1363.4
0.026027	1383.5
0.026016	1403.5
0.02599	1423.6
0.02595	1443.6
0.025896	1463.7
0.025829	1483.7
0.025748	1503.8
0.025655	1523.8
0.025549	1543.9
0.025431	1563.9
0.0253	1584
0.025158	1604
0.025004	1624.1
0.024839	1644.1
0.024664	1664.2
0.024478	1684.2
0.024283	1704.3
0.024077	1724.3
0.023863	1744.4
0.02364	1764.4
0.023408	1784.5
0.023169	1804.5
0.022921	1824.6
0.022667	1844.6
0.022406	1864.7
0.022138	1884.7
0.021864	1904.8
0.021585	1924.8
0.0213	1944.9
0.02101	1964.9
0.020716	1985
0.020418	2005
0.020117	2025.1
0.019811	2045.1
0.019503	2065.2
0.019192	2085.2
0.018879	2105.3
0.018564	2125.3
0.018248	2145.4
0.01793	2165.4
0.017611	2185.5
0.017291	2205.5
0.016971	2225.6
0.016651	2245.6
0.016331	2265.7
0.016012	2285.7
0.015693	2305.8
0.015376	2325.8
0.015059	2345.9
0.014744	2365.9
0.014431	2386
0.014119	2406
0.01381	2426.1
0.013503	2446.1
0.013199	2466.2
0.012897	2486.2
0.012598	2506.3
0.012302	2526.3
0.012009	2546.4
0.011719	2566.4
0.011433	2586.5
0.01115	2606.5
0.010871	2626.6
0.010595	2646.6
0.010324	2666.7
0.010056	2686.7
0.0097925	2706.8
0.0095329	2726.8
0.0092774	2746.9
0.0090261	2766.9
0.008779	2787
0.0085362	2807
0.0082978	2827.1
0.0080637	2847.1
0.007834	2867.2
0.0076087	2887.2
0.0073878	2907.3
0.0071713	2927.3
0.0069592	2947.4
0.0067516	2967.4
0.0065483	2987.5
0.0063495	3007.5
0.006155	3027.6
0.0059649	3047.6
0.0057791	3067.7
0.0055977	3087.7
0.0054205	3107.8
0.0052476	3127.8
0.0050788	3147.9
0.0049143	3167.9
0.0047539	3188
0.0045975	3208
0.0044452	3228.1
0.0042968	3248.1
0.0041524	3268.2
0.0040119	3288.2
0.0038751	3308.3
0.0037421	3328.3
0.0036129	3348.4
0.0034872	3368.4
0.0033652	3388.5
0.0032466	3408.5
0.0031315	3428.6
0.0030198	3448.6
0.0029115	3468.7
0.0028063	3488.7
0.0027044	3508.8
0.0026056	3528.8
0.0025099	3548.9
0.0024172	3568.9
0.0023274	3589
0.0022405	3609
0.0021563	3629.1
0.002075	3649.1
0.0019963	3669.2
0.0019202	3689.2
0.0018466	3709.3
0.0017755	3729.3
0.0017069	3749.4
0.0016406	3769.4
0.0015766	3789.5
0.0015149	3809.5
0.0014553	3829.6
0.0013979	3849.6
0.0013425	3869.7
0.0012892	3889.7
0.0012377	3909.8
0.0011882	3929.8
0.0011406	3949.9
0.0010947	3969.9
0.0010505	3990
0.0010081	4010
0.00096727	4030.1
0.00092805	4050.1
0.00089038	4070.2
0.0008542	4090.2
0.00081948	4110.3
0.00078616	4130.3
0.00075422	4150.4
0.0007236	4170.4
0.00069426	4190.5
0.00066617	4210.5
0.00063929	4230.6
0.00061358	4250.6
0.00058901	4270.7
0.00056553	4290.7
0.00054313	4310.8
0.00052176	4330.8
0.00050139	4350.9
0.000482	4370.9
0.00046356	4391
0.00044603	4411
0.0004294	4431.1
0.00041363	4451.1
0.00039871	4471.2
0.00038461	4491.2
0.00037131	4511.3
0.00035878	4531.3
0.00034702	4551.4
0.00033599	4571.4
0.00032569	4591.5
0.00031609	4611.5
0.00030719	4631.6
0.00029896	4651.6
0.0002914	4671.7
0.00028449	4691.7
0.00027823	4711.8
0.0002726	4731.8
0.00026761	4751.9
0.00026323	4771.9
0.00025948	4792
0.00025634	4812
0.00025381	4832.1
0.00025189	4852.1
0.00025058	4872.2
0.00024989	4892.2
0.00024981	4912.3
0.00025035	4932.3
0.00025153	4952.4
0.00025333	4972.4
0.00025578	4992.5
0.00025889	5012.5
0.00026215	5030
