1.781e-16	0
0.00042138	20.05
0.00084379	40.1
0.0012682	60.15
0.0016957	80.201
0.002127	100.25
0.0025631	120.3
0.0030048	140.35
0.003453	160.4
0.0039082	180.45
0.0043711	200.5
0.0048423	220.55
0.0053223	240.6
0.0058114	260.65
0.00631	280.7
0.0068181	300.75
0.0073355	320.8
0.0078619	340.85
0.0083967	360.9
0.0089393	380.95
0.0094885	401
0.010043	421.05
0.010603	441.1
0.011165	461.15
0.011729	481.2
0.012259	500
0.012294	501.25
0.012858	521.3
0.01342	541.35
0.013979	561.4
0.014533	581.45
0.015082	601.5
0.015624	621.55
0.016158	641.6
0.016684	661.65
0.017202	681.7
0.017709	701.75
0.018205	721.8
0.018691	741.85
0.019164	761.9
0.019625	781.95
0.020074	802.01
0.020509	822.06
0.02093	842.11
0.021338	862.16
0.021731	882.21
0.022109	902.26
0.022473	922.31
0.022821	942.36
0.023154	962.41
0.023471	982.46
0.023773	1002.5
0.024058	1022.6
0.024328	1042.6
0.024581	1062.7
0.024818	1082.7
0.025039	1102.8
0.025243	1122.8
0.02543	1142.9
0.025601	1162.9
0.025755	1183
0.025893	1203
0.026014	1223.1
0.026118	1243.1
0.026206	1263.2
0.026278	1283.2
0.026333	1303.3
0.026372	1323.3
0.026395	1343.4
0.026402	1363.4
0.026393	1383.5
0.026369	1403.5
0.02633	1423.6
0.026276	1443.6
0.026207	1463.7
0.026124	1483.7
0.026027	1503.8
0.025916	1523.8
0.025792	1543.9
0.025656	1563.9
0.025506	1584
0.025344	1604
0.025171	1624.1
0.024986	1644.1
0.024791	1664.2
0.024585	1684.2
0.024368	1704.3
0.024143	1724.3
0.023908	1744.4
0.023664	1764.4
0.023412	1784.5
0.023152	1804.5
0.022885	1824.6
0.022611	1844.6
0.02233	1864.7
0.022043	1884.7
0.021751	1904.8
0.021453	1924.8
0.021151	1944.9
0.020844	1964.9
0.020533	1985
0.020219	2005
0.019902	2025.1
0.019581	2045.1
0.019259	2065.2
0.018934	2085.2
0.018608	2105.3
0.01828	2125.3
0.017952	2145.4
0.017622	2165.4
0.017293	2185.5
0.016963	2205.5
0.016634	2225.6
0.016305	2245.6
0.015977	2265.7
0.01565	2285.7
0.015325	2305.8
0.015001	2325.8
0.014679	2345.9
0.014359	2365.9
0.014041	2386
0.013726	2406
0.013413	2426.1
0.013103	2446.1
0.012797	2466.2
0.012493	2486.2
0.012193	2506.3
0.011896	2526.3
0.011602	2546.4
0.011313	2566.4
0.011027	2586.5
0.010745	2606.5
0.010467	2626.6
0.010194	2646.6
0.0099242	2666.7
0.0096589	2686.7
0.009398	2706.8
0.0091414	2726.8
0.0088892	2746.9
0.0086414	2766.9
0.0083982	2787
0.0081595	2807
0.0079253	2827.1
0.0076956	2847.1
0.0074705	2867.2
0.00725	2887.2
0.0070341	2907.3
0.0068227	2927.3
0.0066159	2947.4
0.0064135	2967.4
0.0062157	2987.5
0.0060224	3007.5
0.0058336	3027.6
0.0056491	3047.6
0.0054691	3067.7
0.0052933	3087.7
0.005122	3107.8
0.0049548	3127.8
0.0047919	3147.9
0.0046332	3167.9
0.0044785	3188
0.0043279	3208
0.0041814	3228.1
0.0040387	3248.1
0.0039	3268.2
0.003765	3288.2
0.0036339	3308.3
0.0035064	3328.3
0.0033826	3348.4
0.0032623	3368.4
0.0031455	3388.5
0.0030322	3408.5
0.0029222	3428.6
0.0028156	3448.6
0.0027121	3468.7
0.0026119	3488.7
0.0025147	3508.8
0.0024205	3528.8
0.0023294	3548.9
0.0022411	3568.9
0.0021556	3589
0.0020729	3609
0.0019929	3629.1
0.0019155	3649.1
0.0018407	3669.2
0.0017684	3689.2
0.0016984	3709.3
0.0016309	3729.3
0.0015657	3749.4
0.0015027	3769.4
0.0014419	3789.5
0.0013832	3809.5
0.0013266	3829.6
0.001272	3849.6
0.0012193	3869.7
0.0011685	3889.7
0.0011195	3909.8
0.0010723	3929.8
0.0010268	3949.9
0.00098304	3969.9
0.00094085	3990
0.00090022	4010
0.00086111	4030.1
0.00082347	4050.1
0.00078725	4070.2
0.00075239	4090.2
0.00071887	4110.3
0.00068662	4130.3
0.00065561	4150.4
0.0006258	4170.4
0.00059714	4190.5
0.00056958	4210.5
0.0005431	4230.6
0.00051765	4250.6
0.00049319	4270.7
0.00046969	4290.7
0.0004471	4310.8
0.00042541	4330.8
0.00040456	4350.9
0.00038453	4370.9
0.00036528	4391
0.00034679	4411
0.00032902	4431.1
0.00031194	4451.1
0.00029552	4471.2
0.00027974	4491.2
0.00026456	4511.3
0.00024995	4531.3
0.0002359	4551.4
0.00022237	4571.4
0.00020934	4591.5
0.00019678	4611.5
0.00018468	4631.6
0.00017972	4640
