1.3956e-16	0
0.0001044	20.05
0.00021383	40.1
0.00033355	60.15
0.00046916	80.201
0.00062608	100.25
0.00080867	120.3
0.0010193	140.35
0.0012582	160.4
0.0015247	180.45
0.0018186	200.5
0.0021406	220.55
0.0024924	240.6
0.0028762	260.65
0.0032946	280.7
0.00375	300.75
0.0042448	320.8
0.0047812	340.85
0.0053611	360.9
0.0059857	380.95
0.0066562	401
0.0073731	421.05
0.0081365	441.1
0.0089459	461.15
0.0098005	481.2
0.010641	500
0.010699	501.25
0.011639	521.3
0.012618	541.35
0.013633	561.4
0.014681	581.45
0.015758	601.5
0.016859	621.55
0.017979	641.6
0.019113	661.65
0.020256	681.7
0.021401	701.75
0.022543	721.8
0.023675	741.85
0.024792	761.9
0.025886	781.95
0.026953	802.01
0.027986	822.06
0.028978	842.11
0.029925	862.16
0.030822	882.21
0.031663	902.26
0.032443	922.31
0.033158	942.36
0.033806	962.41
0.034382	982.46
0.034885	1002.5
0.035311	1022.6
0.03566	1042.6
0.03593	1062.7
0.03612	1082.7
0.036231	1102.8
0.036263	1122.8
0.036216	1142.9
0.036093	1162.9
0.035895	1183
0.035625	1203
0.035283	1223.1
0.034875	1243.1
0.034402	1263.2
0.033869	1283.2
0.033279	1303.3
0.032636	1323.3
0.031943	1343.4
0.031207	1363.4
0.03043	1383.5
0.029618	1403.5
0.028773	1423.6
0.027902	1443.6
0.027007	1463.7
0.026095	1483.7
0.025168	1503.8
0.02423	1523.8
0.023286	1543.9
0.02234	1563.9
0.021395	1584
0.020454	1604
0.019522	1624.1
0.018599	1644.1
0.01769	1664.2
0.016798	1684.2
0.015923	1704.3
0.015069	1724.3
0.014238	1744.4
0.01343	1764.4
0.012648	1784.5
0.011891	1804.5
0.011163	1824.6
0.010462	1844.6
0.0097899	1864.7
0.0091467	1884.7
0.0085326	1904.8
0.0079475	1924.8
0.0073911	1944.9
0.0068633	1964.9
0.0063636	1985
0.0058916	2005
0.0054465	2025.1
0.0050278	2045.1
0.0046345	2065.2
0.0042658	2085.2
0.0039208	2105.3
0.0035986	2125.3
0.0032982	2145.4
0.0030186	2165.4
0.002759	2185.5
0.0025182	2205.5
0.0022954	2225.6
0.0020894	2245.6
0.0018994	2265.7
0.0017243	2285.7
0.0015633	2305.8
0.0014155	2325.8
0.0012799	2345.9
0.0011559	2365.9
0.0010426	2386
0.00093913	2406
0.0008449	2426.1
0.00075917	2446.1
0.0006813	2466.2
0.00061065	2486.2
0.00054666	2506.3
0.00048877	2526.3
0.00043648	2546.4
0.00038932	2566.4
0.00034684	2586.5
0.00030862	2606.5
0.0002743	2626.6
0.00024351	2646.6
0.00021592	2666.7
0.00019124	2686.7
0.00016919	2706.8
0.00014951	2726.8
0.00013197	2746.9
0.00011635	2766.9
0.00010247	2787
9.0143e-05	2807
7.9212e-05	2827.1
6.953e-05	2847.1
6.0965e-05	2867.2
5.3398e-05	2887.2
4.672e-05	2907.3
4.0833e-05	2927.3
3.5651e-05	2947.4
3.1093e-05	2967.4
2.709e-05	2987.5
2.3577e-05	3007.5
2.0498e-05	3027.6
1.7803e-05	3047.6
1.5446e-05	3067.7
1.3388e-05	3087.7
1.1592e-05	3107.8
1.0027e-05	3127.8
8.6646e-06	3147.9
7.4799e-06	3167.9
6.4507e-06	3188
5.5577e-06	3208
4.7836e-06	3228.1
4.1133e-06	3248.1
3.5336e-06	3268.2
3.0326e-06	3288.2
2.6001e-06	3308.3
2.2272e-06	3328.3
1.906e-06	3348.4
1.6295e-06	3368.4
1.3918e-06	3388.5
1.1877e-06	3408.5
1.0126e-06	3428.6
8.6254e-07	3448.6
7.3402e-07	3468.7
6.2408e-07	3488.7
5.3013e-07	3508.8
4.4991e-07	3528.8
3.8149e-07	3548.9
3.2319e-07	3568.9
2.7355e-07	3589
2.3133e-07	3609
1.9545e-07	3629.1
1.65e-07	3649.1
1.3916e-07	3669.2
1.1727e-07	3689.2
9.874e-08	3709.3
8.3064e-08	3729.3
6.9817e-08	3749.4
5.8633e-08	3769.4
4.9199e-08	3789.5
4.1247e-08	3809.5
3.4552e-08	3829.6
2.8919e-08	3849.6
2.4185e-08	3869.7
2.0208e-08	3889.7
1.6872e-08	3909.8
1.4074e-08	3929.8
1.1731e-08	3949.9
9.7696e-09	3969.9
8.1296e-09	3990
6.7594e-09	4010
5.6155e-09	4030.1
4.6614e-09	4050.1
3.8663e-09	4070.2
3.2042e-09	4090.2
2.6534e-09	4110.3
2.1955e-09	4130.3
1.8152e-09	4150.4
1.4995e-09	4170.4
1.2378e-09	4190.5
1.0209e-09	4210.5
8.4132e-10	4230.6
6.9279e-10	4250.6
5.7e-10	4270.7
4.6859e-10	4290.7
3.849e-10	4310.8
3.1589e-10	4330.8
2.5904e-10	4350.9
2.1224e-10	4370.9
1.7374e-10	4391
1.4209e-10	4411
1.1611e-10	4431.1
9.4782e-11	4451.1
7.7297e-11	4471.2
6.2972e-11	4491.2
5.1246e-11	4511.3
4.1654e-11	4531.3
3.3815e-11	4551.4
2.7413e-11	4571.4
2.2189e-11	4591.5
1.7929e-11	4611.5
1.4459e-11	4631.6
1.1635e-11	4651.6
9.3375e-12	4671.7
7.4704e-12	4691.7
5.9545e-12	4711.8
4.725e-12	4731.8
3.729e-12	4751.9
2.9232e-12	4771.9
2.2723e-12	4792
1.7475e-12	4812
1.3254e-12	4832.1
9.8716e-13	4852.1
7.1732e-13	4872.2
5.0355e-13	4892.2
3.3598e-13	4912.3
2.0681e-13	4932.3
1.0994e-13	4952.4
4.0764e-14	4972.4
-4.0297e-15	4992.5
-2.6626e-14	5012.5
-2.9117e-14	5030
