3.7246e-12	0
2.8373e-05	4.3715
5.6772e-05	8.743
8.5227e-05	13.114
0.00011376	17.486
0.00014241	21.857
0.00017119	26.229
0.00020014	30.6
0.00022927	34.972
0.00025862	39.343
0.00028822	43.715
0.00031808	48.086
0.00034823	52.458
0.0003787	56.829
0.00040951	61.201
0.00044069	65.572
0.00047226	69.944
0.00050425	74.315
0.00053669	78.687
0.00056959	83.058
0.00060298	87.43
0.00063688	91.801
0.00067133	96.173
0.00070635	100.54
0.00074195	104.92
0.00077818	109.29
0.00081505	113.66
0.00085258	118.03
0.00089082	122.4
0.00092978	126.77
0.0009695	131.14
0.00101	135.52
0.0010513	139.89
0.0010935	144.26
0.0011365	148.63
0.0011805	153
0.0012254	157.37
0.0012712	161.75
0.0013181	166.12
0.001366	170.49
0.0014149	174.86
0.001465	179.23
0.0015162	183.6
0.0015685	187.97
0.0016221	192.35
0.0016769	196.72
0.0017329	201.09
0.0017902	205.46
0.0018489	209.83
0.0019089	214.2
0.0019703	218.57
0.0020332	222.95
0.0020975	227.32
0.0021632	231.69
0.0022305	236.06
0.0022994	240.43
0.0023698	244.8
0.0024419	249.18
0.0025156	253.55
0.002591	257.92
0.0026681	262.29
0.0027469	266.66
0.0028274	271.03
0.0029098	275.4
0.002994	279.78
0.00308	284.15
0.0031678	288.52
0.0032576	292.89
0.0033492	297.26
0.0034428	301.63
0.0035383	306
0.0036357	310.38
0.0037352	314.75
0.0038366	319.12
0.00394	323.49
0.0040454	327.86
0.0041528	332.23
0.0042623	336.61
0.0043737	340.98
0.0044872	345.35
0.0046027	349.72
0.0047202	354.09
0.0048397	358.46
0.0049613	362.83
0.0050849	367.21
0.0052105	371.58
0.0053381	375.95
0.0054677	380.32
0.0055993	384.69
0.0057328	389.06
0.0058683	393.43
0.0060058	397.81
0.0061451	402.18
0.0062864	406.55
0.0064295	410.92
0.0065744	415.29
0.0067212	419.66
0.0068698	424.04
0.0070202	428.41
0.0071724	432.78
0.0073263	437.15
0.007482	441.52
0.0076393	445.89
0.0077984	450.26
0.0079591	454.64
0.0081214	459.01
0.0082853	463.38
0.0084507	467.75
0.0086177	472.12
0.0087861	476.49
0.0089559	480.86
0.0091271	485.24
0.0092997	489.61
0.0094737	493.98
0.009649	498.35
0.0098256	502.72
0.010003	507.09
0.010183	511.47
0.010363	515.84
0.010544	520.21
0.010727	524.58
0.010911	528.95
0.011096	533.32
0.011282	537.69
0.011469	542.07
0.011656	546.44
0.011845	550.81
0.012035	555.18
0.012225	559.55
0.012417	563.92
0.012609	568.29
0.012802	572.67
0.012995	577.04
0.01319	581.41
0.013385	585.78
0.013581	590.15
0.013777	594.52
0.013974	598.9
0.014171	603.27
0.014369	607.64
0.014568	612.01
0.014767	616.38
0.014967	620.75
0.015167	625.12
0.015367	629.5
0.015568	633.87
0.015769	638.24
0.01597	642.61
0.016171	646.98
0.016373	651.35
0.016575	655.72
0.016777	660.1
0.01698	664.47
0.017182	668.84
0.017385	673.21
0.017587	677.58
0.01779	681.95
0.017993	686.33
0.018195	690.7
0.018398	695.07
0.018601	699.44
0.018803	703.81
0.019006	708.18
0.019208	712.55
0.019411	716.93
0.019613	721.3
0.019814	725.67
0.020016	730.04
0.020217	734.41
0.020418	738.78
0.020619	743.15
0.020819	747.53
0.021019	751.9
0.021219	756.27
0.021418	760.64
0.021617	765.01
0.021815	769.38
0.022013	773.76
0.02221	778.13
0.022406	782.5
0.022602	786.87
0.022798	791.24
0.022993	795.61
0.023187	799.98
0.02338	804.36
0.023573	808.73
0.023765	813.1
0.023956	817.47
0.024146	821.84
0.024336	826.21
0.024524	830.58
0.024712	834.96
0.024899	839.33
0.025085	843.7
0.02527	848.07
0.025453	852.44
0.025636	856.81
0.025818	861.18
0.025999	865.56
0.026178	869.93
0.026356	874.3
0.026534	878.67
0.02671	883.04
0.026884	887.41
0.027058	891.79
0.02723	896.16
0.0274	900.53
0.02757	904.9
0.027738	909.27
0.027904	913.64
0.028069	918.01
0.028233	922.39
0.028395	926.76
0.028555	931.13
0.028714	935.5
0.028871	939.87
0.029027	944.24
0.029181	948.61
0.029333	952.99
0.029483	957.36
0.029632	961.73
0.029779	966.1
0.029924	970.47
0.030067	974.84
0.030208	979.22
0.030348	983.59
0.030485	987.96
0.030621	992.33
0.030754	996.7
0.030886	1001.1
0.031015	1005.4
0.031142	1009.8
0.031267	1014.2
0.03139	1018.6
0.031511	1022.9
0.03163	1027.3
0.031746	1031.7
0.031861	1036
0.031972	1040.4
0.032082	1044.8
0.032189	1049.2
0.032294	1053.5
0.032397	1057.9
0.032497	1062.3
0.032595	1066.6
0.03269	1071
0.032783	1075.4
0.032873	1079.8
0.032961	1084.1
0.033047	1088.5
0.033129	1092.9
0.03321	1097.2
0.033287	1101.6
0.033362	1106
0.033435	1110.4
0.033504	1114.7
0.033571	1119.1
0.033636	1123.5
0.033697	1127.8
0.033756	1132.2
0.033813	1136.6
0.033866	1141
0.033917	1145.3
0.033965	1149.7
0.03401	1154.1
0.034053	1158.4
0.034092	1162.8
0.034129	1167.2
0.034163	1171.6
0.034195	1175.9
0.034223	1180.3
0.034249	1184.7
0.034271	1189
0.034291	1193.4
0.034308	1197.8
0.034322	1202.2
0.034333	1206.5
0.034342	1210.9
0.034347	1215.3
0.03435	1219.6
0.03435	1224
0.034346	1228.4
0.03434	1232.8
0.034331	1237.1
0.03432	1241.5
0.034305	1245.9
0.034288	1250.2
0.034267	1254.6
0.034244	1259
0.034218	1263.4
0.034189	1267.7
0.034158	1272.1
0.034123	1276.5
0.034086	1280.8
0.034046	1285.2
0.034003	1289.6
0.033957	1294
0.033909	1298.3
0.033858	1302.7
0.033804	1307.1
0.033747	1311.4
0.033688	1315.8
0.033626	1320.2
0.033561	1324.6
0.033494	1328.9
0.033424	1333.3
0.033351	1337.7
0.033276	1342
0.033198	1346.4
0.033118	1350.8
0.033035	1355.2
0.03295	1359.5
0.032862	1363.9
0.032772	1368.3
0.032679	1372.7
0.032584	1377
0.032487	1381.4
0.032387	1385.8
0.032285	1390.1
0.03218	1394.5
0.032074	1398.9
0.031965	1403.3
0.031853	1407.6
0.03174	1412
0.031624	1416.4
0.031507	1420.7
0.031387	1425.1
0.031265	1429.5
0.031141	1433.9
0.031015	1438.2
0.030887	1442.6
0.030758	1447
0.030626	1451.3
0.030492	1455.7
0.030357	1460.1
0.03022	1464.5
0.030081	1468.8
0.02994	1473.2
0.029798	1477.6
0.029654	1481.9
0.029509	1486.3
0.029361	1490.7
0.029213	1495.1
0.029062	1499.4
0.028911	1503.8
0.028758	1508.2
0.028603	1512.5
0.028447	1516.9
0.02829	1521.3
0.028131	1525.7
0.027971	1530
0.02781	1534.4
0.027648	1538.8
0.027485	1543.1
0.02732	1547.5
0.027155	1551.9
0.026988	1556.3
0.02682	1560.6
0.026652	1565
0.026482	1569.4
0.026312	1573.7
0.026141	1578.1
0.025969	1582.5
0.025796	1586.9
0.025622	1591.2
0.025448	1595.6
0.025273	1600
0.025097	1604.3
0.024921	1608.7
0.024745	1613.1
0.024567	1617.5
0.02439	1621.8
0.024211	1626.2
0.024033	1630.6
0.023854	1634.9
0.023674	1639.3
0.023494	1643.7
0.023314	1648.1
0.023134	1652.4
0.022953	1656.8
0.022772	1661.2
0.022591	1665.5
0.02241	1669.9
0.022229	1674.3
0.022048	1678.7
0.021867	1683
0.021685	1687.4
0.021504	1691.8
0.021323	1696.1
0.021142	1700.5
0.02096	1704.9
0.020779	1709.3
0.020599	1713.6
0.020418	1718
0.020238	1722.4
0.020058	1726.7
0.019878	1731.1
0.019698	1735.5
0.019519	1739.9
0.01934	1744.2
0.019162	1748.6
0.018983	1753
0.018806	1757.3
0.018628	1761.7
0.018451	1766.1
0.018275	1770.5
0.018099	1774.8
0.017924	1779.2
0.017749	1783.6
0.017575	1787.9
0.017401	1792.3
0.017228	1796.7
0.017056	1801.1
0.016884	1805.4
0.016713	1809.8
0.016542	1814.2
0.016373	1818.5
0.016204	1822.9
0.016035	1827.3
0.015868	1831.7
0.015701	1836
0.015535	1840.4
0.01537	1844.8
0.015206	1849.1
0.015042	1853.5
0.01488	1857.9
0.014718	1862.3
0.014557	1866.6
0.014397	1871
0.014238	1875.4
0.014079	1879.7
0.013922	1884.1
0.013766	1888.5
0.01361	1892.9
0.013456	1897.2
0.013302	1901.6
0.013149	1906
0.012998	1910.3
0.012847	1914.7
0.012698	1919.1
0.012549	1923.5
0.012401	1927.8
0.012255	1932.2
0.012109	1936.6
0.011965	1940.9
0.011821	1945.3
0.011679	1949.7
0.011537	1954.1
0.011397	1958.4
0.011257	1962.8
0.011119	1967.2
0.010982	1971.5
0.010846	1975.9
0.010711	1980.3
0.010577	1984.7
0.010444	1989
0.010312	1993.4
0.010182	1997.8
0.010052	2002.1
0.0099237	2006.5
0.0097963	2010.9
0.00967	2015.3
0.0095448	2019.6
0.0094208	2024
0.0092978	2028.4
0.0091759	2032.7
0.0090551	2037.1
0.0089355	2041.5
0.0088169	2045.9
0.0086994	2050.2
0.008583	2054.6
0.0084678	2059
0.0083536	2063.3
0.0082405	2067.7
0.0081285	2072.1
0.0080176	2076.5
0.0079078	2080.8
0.0077991	2085.2
0.0076915	2089.6
0.0075849	2093.9
0.0074795	2098.3
0.0073751	2102.7
0.0072718	2107.1
0.0071695	2111.4
0.0070683	2115.8
0.0069682	2120.2
0.0068692	2124.5
0.0067712	2128.9
0.0066742	2133.3
0.0065783	2137.7
0.0064835	2142
0.0063897	2146.4
0.0062969	2150.8
0.0062052	2155.1
0.0061144	2159.5
0.0060247	2163.9
0.0059361	2168.3
0.0058484	2172.6
0.0057617	2177
0.005676	2181.4
0.0055914	2185.7
0.0055077	2190.1
0.005425	2194.5
0.0053432	2198.9
0.0052624	2203.2
0.0051826	2207.6
0.0051038	2212
0.0050259	2216.3
0.004949	2220.7
0.004873	2225.1
0.0047979	2229.5
0.0047237	2233.8
0.0046505	2238.2
0.0045782	2242.6
0.0045068	2246.9
0.0044362	2251.3
0.0043666	2255.7
0.0042979	2260.1
0.00423	2264.4
0.004163	2268.8
0.0040969	2273.2
0.0040316	2277.6
0.0039672	2281.9
0.0039036	2286.3
0.0038409	2290.7
0.003779	2295
0.0037179	2299.4
0.0036576	2303.8
0.0035981	2308.2
0.0035395	2312.5
0.0034816	2316.9
0.0034245	2321.3
0.0033682	2325.6
0.0033126	2330
0.0032579	2334.4
0.0032038	2338.8
0.0031506	2343.1
0.003098	2347.5
0.0030462	2351.9
0.0029952	2356.2
0.0029448	2360.6
0.0028952	2365
0.0028463	2369.4
0.0027981	2373.7
0.0027505	2378.1
0.0027037	2382.5
0.0026575	2386.8
0.002612	2391.2
0.0025672	2395.6
0.002523	2400
0.0024794	2404.3
0.0024366	2408.7
0.0023943	2413.1
0.0023527	2417.4
0.0023117	2421.8
0.0022713	2426.2
0.0022315	2430.6
0.0021923	2434.9
0.0021537	2439.3
0.0021157	2443.7
0.0020782	2448
0.0020414	2452.4
0.0020051	2456.8
0.0019694	2461.2
0.0019342	2465.5
0.0018995	2469.9
0.0018654	2474.3
0.0018319	2478.6
0.0017988	2483
0.0017663	2487.4
0.0017343	2491.8
0.0017028	2496.1
0.0016718	2500.5
0.0016413	2504.9
0.0016112	2509.2
0.0015817	2513.6
0.0015526	2518
0.001524	2522.4
0.0014959	2526.7
0.0014682	2531.1
0.001441	2535.5
0.0014142	2539.8
0.0013879	2544.2
0.001362	2548.6
0.0013365	2553
0.0013114	2557.3
0.0012868	2561.7
0.0012625	2566.1
0.0012387	2570.4
0.0012153	2574.8
0.0011922	2579.2
0.0011696	2583.6
0.0011473	2587.9
0.0011254	2592.3
0.0011039	2596.7
0.0010827	2601
0.0010619	2605.4
0.0010415	2609.8
0.0010214	2614.2
0.0010017	2618.5
0.00098227	2622.9
0.00096321	2627.3
0.00094448	2631.6
0.00092607	2636
0.00090799	2640.4
0.00089022	2644.8
0.00087277	2649.1
0.00085562	2653.5
0.00083878	2657.9
0.00082223	2662.2
0.00080598	2666.6
0.00079002	2671
0.00077434	2675.4
0.00075895	2679.7
0.00074383	2684.1
0.00072898	2688.5
0.0007144	2692.8
0.00070008	2697.2
0.00068602	2701.6
0.00067222	2706
0.00065867	2710.3
0.00064536	2714.7
0.0006323	2719.1
0.00061948	2723.4
0.0006069	2727.8
0.00059454	2732.2
0.00058242	2736.6
0.00057052	2740.9
0.00055884	2745.3
0.00054738	2749.7
0.00053613	2754
0.0005251	2758.4
0.00051427	2762.8
0.00050364	2767.2
0.00049322	2771.5
0.00048299	2775.9
0.00047295	2780.3
0.00046311	2784.6
0.00045345	2789
0.00044398	2793.4
0.00043468	2797.8
0.00042557	2802.1
0.00041663	2806.5
0.00040786	2810.9
0.00039927	2815.2
0.00039083	2819.6
0.00038257	2824
0.00037446	2828.4
0.00036651	2832.7
0.00035871	2837.1
0.00035107	2841.5
0.00034358	2845.8
0.00033623	2850.2
0.00032903	2854.6
0.00032197	2859
0.00031506	2863.3
0.00030827	2867.7
0.00030163	2872.1
0.00029511	2876.4
0.00028872	2880.8
0.00028247	2885.2
0.00027633	2889.6
0.00027032	2893.9
0.00026444	2898.3
0.00025867	2902.7
0.00025301	2907
0.00024747	2911.4
0.00024205	2915.8
0.00023673	2920.2
0.00023152	2924.5
0.00022642	2928.9
0.00022142	2933.3
0.00021652	2937.6
0.00021173	2942
0.00020703	2946.4
0.00020243	2950.8
0.00019793	2955.1
0.00019351	2959.5
0.00018919	2963.9
0.00018496	2968.2
0.00018082	2972.6
0.00017676	2977
0.00017279	2981.4
0.0001689	2985.7
0.00016509	2990.1
0.00016137	2994.5
0.00015772	2998.8
0.00015415	3003.2
0.00015065	3007.6
0.00014723	3012
0.00014388	3016.3
0.0001406	3020.7
0.00013739	3025.1
0.00013425	3029.4
0.00013117	3033.8
0.00012817	3038.2
0.00012522	3042.6
0.00012234	3046.9
0.00011952	3051.3
0.00011677	3055.7
0.00011407	3060
0.00011143	3064.4
0.00010885	3068.8
0.00010632	3073.2
0.00010385	3077.5
0.00010143	3081.9
9.9065e-05	3086.3
9.6752e-05	3090.6
9.4489e-05	3095
9.2277e-05	3099.4
9.0113e-05	3103.8
8.7996e-05	3108.1
8.5926e-05	3112.5
8.3902e-05	3116.9
8.1923e-05	3121.2
7.9988e-05	3125.6
7.8095e-05	3130
7.6245e-05	3134.4
7.4436e-05	3138.7
7.2668e-05	3143.1
7.0939e-05	3147.5
6.9248e-05	3151.8
6.7596e-05	3156.2
6.5981e-05	3160.6
6.4402e-05	3165
6.2859e-05	3169.3
6.135e-05	3173.7
5.9876e-05	3178.1
5.8435e-05	3182.4
5.7027e-05	3186.8
5.5651e-05	3191.2
5.4306e-05	3195.6
5.2992e-05	3199.9
5.1708e-05	3204.3
5.0454e-05	3208.7
4.9228e-05	3213.1
4.803e-05	3217.4
4.686e-05	3221.8
4.5717e-05	3226.2
4.46e-05	3230.5
4.3509e-05	3234.9
4.2443e-05	3239.3
4.1402e-05	3243.7
4.0385e-05	3248
3.9392e-05	3252.4
3.8422e-05	3256.8
3.7474e-05	3261.1
3.6549e-05	3265.5
3.5645e-05	3269.9
3.4763e-05	3274.3
3.3901e-05	3278.6
3.3059e-05	3283
3.2237e-05	3287.4
3.1435e-05	3291.7
3.0651e-05	3296.1
2.9887e-05	3300.5
2.914e-05	3304.9
2.8411e-05	3309.2
2.7699e-05	3313.6
2.7004e-05	3318
2.6326e-05	3322.3
2.5664e-05	3326.7
2.5017e-05	3331.1
2.4386e-05	3335.5
2.3771e-05	3339.8
2.317e-05	3344.2
2.2583e-05	3348.6
2.2011e-05	3352.9
2.1453e-05	3357.3
2.0907e-05	3361.7
2.0376e-05	3366.1
1.9857e-05	3370.4
1.935e-05	3374.8
1.8856e-05	3379.2
1.8374e-05	3383.5
1.7904e-05	3387.9
1.7445e-05	3392.3
1.6997e-05	3396.7
1.656e-05	3401
1.6134e-05	3405.4
1.5719e-05	3409.8
1.5313e-05	3414.1
1.4918e-05	3418.5
1.4532e-05	3422.9
1.4156e-05	3427.3
1.3789e-05	3431.6
1.3432e-05	3436
1.3083e-05	3440.4
1.2742e-05	3444.7
1.2411e-05	3449.1
1.2087e-05	3453.5
1.1772e-05	3457.9
1.1464e-05	3462.2
1.1164e-05	3466.6
1.0872e-05	3471
1.0586e-05	3475.3
1.0309e-05	3479.7
1.0038e-05	3484.1
9.7734e-06	3488.5
9.5159e-06	3492.8
9.2648e-06	3497.2
9.0202e-06	3501.6
8.7817e-06	3505.9
8.5492e-06	3510.3
8.3226e-06	3514.7
8.1018e-06	3519.1
7.8866e-06	3523.4
7.6769e-06	3527.8
7.4725e-06	3532.2
7.2733e-06	3536.5
7.0792e-06	3540.9
6.8901e-06	3545.3
6.7058e-06	3549.7
6.5262e-06	3554
6.3513e-06	3558.4
6.1808e-06	3562.8
6.0148e-06	3567.1
5.853e-06	3571.5
5.6954e-06	3575.9
5.5418e-06	3580.3
5.3923e-06	3584.6
5.2466e-06	3589
5.1047e-06	3593.4
4.9665e-06	3597.7
4.8318e-06	3602.1
4.7007e-06	3606.5
4.573e-06	3610.9
4.4486e-06	3615.2
4.3275e-06	3619.6
4.2095e-06	3624
4.0947e-06	3628.3
3.9828e-06	3632.7
3.8739e-06	3637.1
3.7678e-06	3641.5
3.6646e-06	3645.8
3.564e-06	3650.2
3.4661e-06	3654.6
3.3708e-06	3658.9
3.2781e-06	3663.3
3.1877e-06	3667.7
3.0998e-06	3672.1
3.0142e-06	3676.4
2.9309e-06	3680.8
2.8498e-06	3685.2
2.7709e-06	3689.5
2.694e-06	3693.9
2.6192e-06	3698.3
2.5464e-06	3702.7
2.4756e-06	3707
2.4067e-06	3711.4
2.3396e-06	3715.8
2.2743e-06	3720.1
2.2108e-06	3724.5
2.149e-06	3728.9
2.0888e-06	3733.3
2.0303e-06	3737.6
1.9733e-06	3742
1.9179e-06	3746.4
1.864e-06	3750.7
1.8116e-06	3755.1
1.7605e-06	3759.5
1.7109e-06	3763.9
1.6626e-06	3768.2
1.6157e-06	3772.6
1.57e-06	3777
1.5255e-06	3781.3
1.4823e-06	3785.7
1.4402e-06	3790.1
1.3994e-06	3794.5
1.3596e-06	3798.8
1.3209e-06	3803.2
1.2833e-06	3807.6
1.2467e-06	3811.9
1.2111e-06	3816.3
1.1765e-06	3820.7
1.1429e-06	3825.1
1.1102e-06	3829.4
1.0784e-06	3833.8
1.0475e-06	3838.2
1.0174e-06	3842.5
9.8815e-07	3846.9
9.5973e-07	3851.3
9.3211e-07	3855.7
9.0524e-07	3860
8.7913e-07	3864.4
8.5375e-07	3868.8
8.2908e-07	3873.1
8.0509e-07	3877.5
7.8178e-07	3881.9
7.5912e-07	3886.3
7.371e-07	3890.6
7.1569e-07	3895
6.9489e-07	3899.4
6.7467e-07	3903.7
6.5502e-07	3908.1
6.3593e-07	3912.5
6.1737e-07	3916.9
5.9934e-07	3921.2
5.8182e-07	3925.6
5.648e-07	3930
5.4826e-07	3934.3
5.3218e-07	3938.7
5.1657e-07	3943.1
5.014e-07	3947.5
4.8666e-07	3951.8
4.7234e-07	3956.2
4.5843e-07	3960.6
4.4491e-07	3964.9
4.3178e-07	3969.3
4.1903e-07	3973.7
4.0664e-07	3978.1
3.9461e-07	3982.4
3.8293e-07	3986.8
3.7157e-07	3991.2
3.6055e-07	3995.5
3.4984e-07	3999.9
3.3944e-07	4004.3
3.2935e-07	4008.7
3.1954e-07	4013
3.1001e-07	4017.4
3.0077e-07	4021.8
2.9179e-07	4026.1
2.8307e-07	4030.5
2.746e-07	4034.9
2.6638e-07	4039.3
2.584e-07	4043.6
2.5065e-07	4048
2.4312e-07	4052.4
2.3582e-07	4056.7
2.2873e-07	4061.1
2.2184e-07	4065.5
2.1516e-07	4069.9
2.0867e-07	4074.2
2.0237e-07	4078.6
1.9626e-07	4083
1.9033e-07	4087.3
1.8457e-07	4091.7
1.7898e-07	4096.1
1.7355e-07	4100.5
1.6829e-07	4104.8
1.6318e-07	4109.2
1.5822e-07	4113.6
1.5341e-07	4118
1.4874e-07	4122.3
1.442e-07	4126.7
1.3981e-07	4131.1
1.3554e-07	4135.4
1.314e-07	4139.8
1.2738e-07	4144.2
1.2348e-07	4148.6
1.197e-07	4152.9
1.1603e-07	4157.3
1.1247e-07	4161.7
1.0902e-07	4166
1.0567e-07	4170.4
1.0242e-07	4174.8
9.9267e-08	4179.2
9.6209e-08	4183.5
9.3243e-08	4187.9
9.0365e-08	4192.3
8.7574e-08	4196.6
8.4867e-08	4201
8.2242e-08	4205.4
7.9695e-08	4209.8
7.7226e-08	4214.1
7.483e-08	4218.5
7.2508e-08	4222.9
7.0255e-08	4227.2
6.8071e-08	4231.6
6.5952e-08	4236
6.3899e-08	4240.4
6.1907e-08	4244.7
5.9976e-08	4249.1
5.8103e-08	4253.5
5.6288e-08	4257.8
5.4528e-08	4262.2
5.2821e-08	4266.6
5.1167e-08	4271
4.9563e-08	4275.3
4.8008e-08	4279.7
4.65e-08	4284.1
4.5039e-08	4288.4
4.3623e-08	4292.8
4.225e-08	4297.2
4.0919e-08	4301.6
3.9629e-08	4305.9
3.8379e-08	4310.3
3.7167e-08	4314.7
3.5992e-08	4319
3.4854e-08	4323.4
3.3751e-08	4327.8
3.2682e-08	4332.2
3.1646e-08	4336.5
3.0642e-08	4340.9
2.9669e-08	4345.3
2.8726e-08	4349.6
2.7813e-08	4354
2.6927e-08	4358.4
2.607e-08	4362.8
2.5239e-08	4367.1
2.4434e-08	4371.5
2.3654e-08	4375.9
2.2898e-08	4380.2
2.2166e-08	4384.6
2.1456e-08	4389
2.0769e-08	4393.4
2.0103e-08	4397.7
1.9459e-08	4402.1
1.8834e-08	4406.5
1.8229e-08	4410.8
1.7643e-08	4415.2
1.7075e-08	4419.6
1.6525e-08	4424
1.5993e-08	4428.3
1.5477e-08	4432.7
1.4978e-08	4437.1
1.4494e-08	4441.4
1.4025e-08	4445.8
1.3572e-08	4450.2
1.3132e-08	4454.6
1.2707e-08	4458.9
1.2295e-08	4463.3
1.1896e-08	4467.7
1.151e-08	4472
1.1136e-08	4476.4
1.0774e-08	4480.8
1.0423e-08	4485.2
1.0084e-08	4489.5
9.755e-09	4493.9
9.4369e-09	4498.3
9.1288e-09	4502.6
8.8306e-09	4507
8.542e-09	4511.4
8.2626e-09	4515.8
7.992e-09	4520.1
7.7302e-09	4524.5
7.4768e-09	4528.9
7.2314e-09	4533.2
6.994e-09	4537.6
6.7642e-09	4542
6.5417e-09	4546.4
6.3265e-09	4550.7
6.1181e-09	4555.1
5.9165e-09	4559.5
5.7213e-09	4563.8
5.5325e-09	4568.2
5.3498e-09	4572.6
5.1729e-09	4577
5.0018e-09	4581.3
4.8362e-09	4585.7
4.6761e-09	4590.1
4.521e-09	4594.4
4.371e-09	4598.8
4.2259e-09	4603.2
4.0855e-09	4607.6
3.9497e-09	4611.9
3.8183e-09	4616.3
3.6911e-09	4620.7
3.5681e-09	4625
3.4491e-09	4629.4
3.334e-09	4633.8
3.2227e-09	4638.2
3.115e-09	4642.5
3.0108e-09	4646.9
2.91e-09	4651.3
2.8125e-09	4655.6
2.7183e-09	4660
2.6271e-09	4664.4
2.5389e-09	4668.8
2.4536e-09	4673.1
2.3711e-09	4677.5
2.2913e-09	4681.9
2.2142e-09	4686.2
2.1396e-09	4690.6
2.0674e-09	4695
1.9977e-09	4699.4
1.9302e-09	4703.7
1.865e-09	4708.1
1.8019e-09	4712.5
1.741e-09	4716.8
1.682e-09	4721.2
1.625e-09	4725.6
1.5699e-09	4730
1.5166e-09	4734.3
1.4651e-09	4738.7
1.4153e-09	4743.1
1.3672e-09	4747.4
1.3206e-09	4751.8
1.2757e-09	4756.2
1.2322e-09	4760.6
1.1902e-09	4764.9
1.1495e-09	4769.3
1.1103e-09	4773.7
1.0723e-09	4778
1.0356e-09	4782.4
1.0002e-09	4786.8
9.6594e-10	4791.2
9.3283e-10	4795.5
9.0083e-10	4799.9
8.6991e-10	4804.3
8.4003e-10	4808.6
8.1116e-10	4813
7.8326e-10	4817.4
7.563e-10	4821.8
7.3025e-10	4826.1
7.0508e-10	4830.5
6.8076e-10	4834.9
6.5727e-10	4839.2
6.3457e-10	4843.6
6.1264e-10	4848
5.9145e-10	4852.4
5.7098e-10	4856.7
5.512e-10	4861.1
5.321e-10	4865.5
5.1365e-10	4869.8
4.9582e-10	4874.2
4.7861e-10	4878.6
4.6197e-10	4883
4.4591e-10	4887.3
4.304e-10	4891.7
4.1541e-10	4896.1
4.0093e-10	4900.4
3.8696e-10	4904.8
3.7346e-10	4909.2
3.6042e-10	4913.6
3.4783e-10	4917.9
3.3567e-10	4922.3
3.2393e-10	4926.7
3.1259e-10	4931
3.0164e-10	4935.4
2.9107e-10	4939.8
2.8086e-10	4944.2
2.7101e-10	4948.5
2.6149e-10	4952.9
2.523e-10	4957.3
2.4343e-10	4961.6
2.3487e-10	4966
2.266e-10	4970.4
2.1862e-10	4974.8
2.1091e-10	4979.1
2.0347e-10	4983.5
1.9629e-10	4987.9
1.8936e-10	4992.2
1.8267e-10	4996.6
1.7621e-10	5001
1.6998e-10	5005.4
1.6397e-10	5009.7
1.5816e-10	5014.1
1.5256e-10	5018.5
1.4715e-10	5022.9
1.4193e-10	5027.2
1.3689e-10	5031.6
1.3203e-10	5036
1.2734e-10	5040.3
1.2281e-10	5044.7
1.1845e-10	5049.1
1.1423e-10	5053.5
1.1017e-10	5057.8
1.0624e-10	5062.2
1.0246e-10	5066.6
9.8808e-11	5070.9
9.5286e-11	5075.3
9.1887e-11	5079.7
8.8609e-11	5084.1
8.5448e-11	5088.4
8.2398e-11	5092.8
7.9456e-11	5097.2
7.6619e-11	5101.5
7.3883e-11	5105.9
7.1244e-11	5110.3
6.87e-11	5114.7
6.6246e-11	5119
6.3881e-11	5123.4
6.1599e-11	5127.8
5.94e-11	5132.1
5.728e-11	5136.5
5.5236e-11	5140.9
5.3266e-11	5145.3
5.1367e-11	5149.6
4.9536e-11	5154
4.7772e-11	5158.4
4.6072e-11	5162.7
4.4434e-11	5167.1
4.2856e-11	5171.5
4.1336e-11	5175.9
3.9871e-11	5180.2
3.846e-11	5184.6
3.7102e-11	5189
3.5793e-11	5193.3
3.4533e-11	5197.7
3.332e-11	5202.1
3.2153e-11	5206.5
3.1029e-11	5210.8
2.9948e-11	5215.2
2.8907e-11	5219.6
2.7906e-11	5223.9
2.6943e-11	5228.3
2.6017e-11	5232.7
2.5127e-11	5237.1
2.4272e-11	5241.4
2.345e-11	5245.8
2.266e-11	5250.2
2.1902e-11	5254.5
2.1174e-11	5258.9
2.0475e-11	5263.3
1.9804e-11	5267.7
1.9162e-11	5272
1.8545e-11	5276.4
1.7955e-11	5280.8
1.739e-11	5285.1
1.6849e-11	5289.5
1.6331e-11	5293.9
1.5837e-11	5298.3
1.5364e-11	5302.6
1.4913e-11	5307
1.4483e-11	5311.4
1.4074e-11	5315.7
1.3684e-11	5320.1
1.3314e-11	5324.5
1.2962e-11	5328.9
1.2629e-11	5333.2
1.2314e-11	5337.6
1.2016e-11	5342
1.1735e-11	5346.3
1.1471e-11	5350.7
1.1223e-11	5355.1
1.0992e-11	5359.5
1.0776e-11	5363.8
1.0575e-11	5368.2
1.039e-11	5372.6
1.0219e-11	5376.9
1.0063e-11	5381.3
9.9219e-12	5385.7
9.7948e-12	5390.1
9.6818e-12	5394.4
9.5827e-12	5398.8
9.4976e-12	5403.2
9.4261e-12	5407.5
9.3683e-12	5411.9
9.3241e-12	5416.3
9.2935e-12	5420.7
9.2764e-12	5425
9.2728e-12	5429.4
9.2827e-12	5433.8
9.3061e-12	5438.1
9.3432e-12	5442.5
9.394e-12	5446.9
9.4585e-12	5451.3
9.5369e-12	5455.6
9.6293e-12	5460
