1.1488e-11	0
6.268e-05	4.3715
0.00012539	8.743
0.00018814	13.114
0.00025098	17.486
0.00031391	21.857
0.00037698	26.229
0.00044019	30.6
0.00050359	34.972
0.00056718	39.343
0.000631	43.715
0.00069506	48.086
0.0007594	52.458
0.00082403	56.829
0.00088897	61.201
0.00095425	65.572
0.0010199	69.944
0.0010859	74.315
0.0011523	78.687
0.0012192	83.058
0.0012865	87.43
0.0013542	91.801
0.0014225	96.173
0.0014912	100.54
0.0015605	104.92
0.0016303	109.29
0.0017007	113.66
0.0017717	118.03
0.0018433	122.4
0.0019155	126.77
0.0019883	131.14
0.0020619	135.52
0.0021361	139.89
0.0022111	144.26
0.0022868	148.63
0.0023633	153
0.0024406	157.37
0.0025187	161.75
0.0025976	166.12
0.0026773	170.49
0.002758	174.86
0.0028395	179.23
0.002922	183.6
0.0030054	187.97
0.0030898	192.35
0.0031751	196.72
0.0032615	201.09
0.0033488	205.46
0.0034372	209.83
0.0035267	214.2
0.0036172	218.57
0.0037088	222.95
0.0038015	227.32
0.0038954	231.69
0.0039904	236.06
0.0040866	240.43
0.0041839	244.8
0.0042824	249.18
0.0043821	253.55
0.004483	257.92
0.0045852	262.29
0.0046886	266.66
0.0047932	271.03
0.0048991	275.4
0.0050062	279.78
0.0051146	284.15
0.0052243	288.52
0.0053352	292.89
0.0054474	297.26
0.0055609	301.63
0.0056757	306
0.0057918	310.38
0.0059092	314.75
0.0060278	319.12
0.0061477	323.49
0.0062689	327.86
0.0063913	332.23
0.006515	336.61
0.00664	340.98
0.0067661	345.35
0.0068935	349.72
0.0070222	354.09
0.007152	358.46
0.007283	362.83
0.0074151	367.21
0.0075485	371.58
0.007683	375.95
0.0078186	380.32
0.0079553	384.69
0.0080931	389.06
0.008232	393.43
0.0083719	397.81
0.0085128	402.18
0.0086548	406.55
0.0087977	410.92
0.0089415	415.29
0.0090863	419.66
0.009232	424.04
0.0093786	428.41
0.0095261	432.78
0.0096744	437.15
0.0098236	441.52
0.0099735	445.89
0.010124	450.26
0.010276	454.64
0.010428	459.01
0.010581	463.38
0.010734	467.75
0.010889	472.12
0.011044	476.49
0.011199	480.86
0.011355	485.24
0.011511	489.61
0.011668	493.98
0.011826	498.35
0.011984	502.72
0.012142	507.09
0.012301	511.47
0.012461	515.84
0.01262	520.21
0.01278	524.58
0.012941	528.95
0.013102	533.32
0.013263	537.69
0.013424	542.07
0.013586	546.44
0.013747	550.81
0.013909	555.18
0.014071	559.55
0.014234	563.92
0.014396	568.29
0.014558	572.67
0.014721	577.04
0.014884	581.41
0.015046	585.78
0.015209	590.15
0.015372	594.52
0.015534	598.9
0.015697	603.27
0.01586	607.64
0.016023	612.01
0.016185	616.38
0.016348	620.75
0.01651	625.12
0.016672	629.5
0.016834	633.87
0.016996	638.24
0.017158	642.61
0.017319	646.98
0.01748	651.35
0.017641	655.72
0.017802	660.1
0.017963	664.47
0.018123	668.84
0.018283	673.21
0.018442	677.58
0.018602	681.95
0.01876	686.33
0.018919	690.7
0.019077	695.07
0.019235	699.44
0.019392	703.81
0.019549	708.18
0.019706	712.55
0.019862	716.93
0.020017	721.3
0.020172	725.67
0.020327	730.04
0.020481	734.41
0.020634	738.78
0.020787	743.15
0.02094	747.53
0.021092	751.9
0.021243	756.27
0.021394	760.64
0.021544	765.01
0.021693	769.38
0.021842	773.76
0.02199	778.13
0.022137	782.5
0.022284	786.87
0.02243	791.24
0.022575	795.61
0.02272	799.98
0.022864	804.36
0.023007	808.73
0.023149	813.1
0.02329	817.47
0.023431	821.84
0.023571	826.21
0.02371	830.58
0.023848	834.96
0.023986	839.33
0.024122	843.7
0.024258	848.07
0.024392	852.44
0.024526	856.81
0.024659	861.18
0.024791	865.56
0.024921	869.93
0.025051	874.3
0.02518	878.67
0.025308	883.04
0.025435	887.41
0.025561	891.79
0.025686	896.16
0.025809	900.53
0.025932	904.9
0.026054	909.27
0.026174	913.64
0.026293	918.01
0.026412	922.39
0.026529	926.76
0.026644	931.13
0.026759	935.5
0.026873	939.87
0.026985	944.24
0.027096	948.61
0.027206	952.99
0.027314	957.36
0.027422	961.73
0.027528	966.1
0.027633	970.47
0.027736	974.84
0.027838	979.22
0.027939	983.59
0.028039	987.96
0.028137	992.33
0.028233	996.7
0.028329	1001.1
0.028423	1005.4
0.028515	1009.8
0.028607	1014.2
0.028696	1018.6
0.028785	1022.9
0.028871	1027.3
0.028957	1031.7
0.029041	1036
0.029123	1040.4
0.029204	1044.8
0.029283	1049.2
0.029361	1053.5
0.029438	1057.9
0.029512	1062.3
0.029586	1066.6
0.029657	1071
0.029728	1075.4
0.029796	1079.8
0.029863	1084.1
0.029928	1088.5
0.029992	1092.9
0.030054	1097.2
0.030115	1101.6
0.030174	1106
0.030231	1110.4
0.030286	1114.7
0.03034	1119.1
0.030393	1123.5
0.030443	1127.8
0.030492	1132.2
0.030539	1136.6
0.030585	1141
0.030628	1145.3
0.03067	1149.7
0.030711	1154.1
0.03075	1158.4
0.030786	1162.8
0.030822	1167.2
0.030855	1171.6
0.030887	1175.9
0.030917	1180.3
0.030945	1184.7
0.030972	1189
0.030997	1193.4
0.03102	1197.8
0.031041	1202.2
0.03106	1206.5
0.031078	1210.9
0.031094	1215.3
0.031108	1219.6
0.031121	1224
0.031131	1228.4
0.03114	1232.8
0.031147	1237.1
0.031153	1241.5
0.031156	1245.9
0.031158	1250.2
0.031158	1254.6
0.031157	1259
0.031153	1263.4
0.031148	1267.7
0.031141	1272.1
0.031132	1276.5
0.031122	1280.8
0.03111	1285.2
0.031096	1289.6
0.03108	1294
0.031063	1298.3
0.031044	1302.7
0.031023	1307.1
0.031001	1311.4
0.030976	1315.8
0.030951	1320.2
0.030923	1324.6
0.030894	1328.9
0.030863	1333.3
0.03083	1337.7
0.030795	1342
0.030759	1346.4
0.030722	1350.8
0.030683	1355.2
0.030642	1359.5
0.030599	1363.9
0.030555	1368.3
0.030509	1372.7
0.030462	1377
0.030413	1381.4
0.030362	1385.8
0.03031	1390.1
0.030257	1394.5
0.030202	1398.9
0.030145	1403.3
0.030087	1407.6
0.030027	1412
0.029966	1416.4
0.029903	1420.7
0.029839	1425.1
0.029773	1429.5
0.029706	1433.9
0.029638	1438.2
0.029568	1442.6
0.029497	1447
0.029424	1451.3
0.02935	1455.7
0.029275	1460.1
0.029198	1464.5
0.02912	1468.8
0.02904	1473.2
0.02896	1477.6
0.028878	1481.9
0.028795	1486.3
0.02871	1490.7
0.028624	1495.1
0.028538	1499.4
0.028449	1503.8
0.02836	1508.2
0.02827	1512.5
0.028178	1516.9
0.028085	1521.3
0.027991	1525.7
0.027897	1530
0.0278	1534.4
0.027703	1538.8
0.027605	1543.1
0.027506	1547.5
0.027406	1551.9
0.027304	1556.3
0.027202	1560.6
0.027099	1565
0.026995	1569.4
0.02689	1573.7
0.026784	1578.1
0.026677	1582.5
0.026569	1586.9
0.026461	1591.2
0.026351	1595.6
0.026241	1600
0.02613	1604.3
0.026018	1608.7
0.025905	1613.1
0.025792	1617.5
0.025678	1621.8
0.025563	1626.2
0.025448	1630.6
0.025331	1634.9
0.025215	1639.3
0.025097	1643.7
0.024979	1648.1
0.02486	1652.4
0.024741	1656.8
0.024621	1661.2
0.0245	1665.5
0.024379	1669.9
0.024258	1674.3
0.024135	1678.7
0.024013	1683
0.02389	1687.4
0.023766	1691.8
0.023642	1696.1
0.023518	1700.5
0.023393	1704.9
0.023268	1709.3
0.023143	1713.6
0.023017	1718
0.02289	1722.4
0.022764	1726.7
0.022637	1731.1
0.02251	1735.5
0.022382	1739.9
0.022255	1744.2
0.022127	1748.6
0.021998	1753
0.02187	1757.3
0.021741	1761.7
0.021613	1766.1
0.021484	1770.5
0.021355	1774.8
0.021225	1779.2
0.021096	1783.6
0.020966	1787.9
0.020837	1792.3
0.020707	1796.7
0.020577	1801.1
0.020448	1805.4
0.020318	1809.8
0.020188	1814.2
0.020058	1818.5
0.019928	1822.9
0.019798	1827.3
0.019668	1831.7
0.019538	1836
0.019409	1840.4
0.019279	1844.8
0.019149	1849.1
0.01902	1853.5
0.018891	1857.9
0.018761	1862.3
0.018632	1866.6
0.018503	1871
0.018374	1875.4
0.018245	1879.7
0.018117	1884.1
0.017988	1888.5
0.01786	1892.9
0.017732	1897.2
0.017605	1901.6
0.017477	1906
0.01735	1910.3
0.017223	1914.7
0.017096	1919.1
0.016969	1923.5
0.016843	1927.8
0.016717	1932.2
0.016592	1936.6
0.016466	1940.9
0.016341	1945.3
0.016216	1949.7
0.016092	1954.1
0.015968	1958.4
0.015844	1962.8
0.015721	1967.2
0.015598	1971.5
0.015475	1975.9
0.015353	1980.3
0.015231	1984.7
0.01511	1989
0.014989	1993.4
0.014868	1997.8
0.014748	2002.1
0.014628	2006.5
0.014509	2010.9
0.01439	2015.3
0.014272	2019.6
0.014154	2024
0.014036	2028.4
0.013919	2032.7
0.013802	2037.1
0.013686	2041.5
0.013571	2045.9
0.013455	2050.2
0.013341	2054.6
0.013227	2059
0.013113	2063.3
0.013	2067.7
0.012887	2072.1
0.012775	2076.5
0.012663	2080.8
0.012552	2085.2
0.012442	2089.6
0.012332	2093.9
0.012222	2098.3
0.012114	2102.7
0.012005	2107.1
0.011897	2111.4
0.01179	2115.8
0.011683	2120.2
0.011577	2124.5
0.011472	2128.9
0.011367	2133.3
0.011262	2137.7
0.011158	2142
0.011055	2146.4
0.010952	2150.8
0.01085	2155.1
0.010749	2159.5
0.010648	2163.9
0.010548	2168.3
0.010448	2172.6
0.010349	2177
0.01025	2181.4
0.010152	2185.7
0.010055	2190.1
0.0099579	2194.5
0.0098617	2198.9
0.0097662	2203.2
0.0096712	2207.6
0.0095768	2212
0.0094831	2216.3
0.0093899	2220.7
0.0092974	2225.1
0.0092055	2229.5
0.0091141	2233.8
0.0090234	2238.2
0.0089333	2242.6
0.0088439	2246.9
0.008755	2251.3
0.0086667	2255.7
0.0085791	2260.1
0.008492	2264.4
0.0084056	2268.8
0.0083198	2273.2
0.0082346	2277.6
0.00815	2281.9
0.008066	2286.3
0.0079826	2290.7
0.0078999	2295
0.0078177	2299.4
0.0077361	2303.8
0.0076552	2308.2
0.0075749	2312.5
0.0074951	2316.9
0.007416	2321.3
0.0073375	2325.6
0.0072596	2330
0.0071823	2334.4
0.0071056	2338.8
0.0070295	2343.1
0.006954	2347.5
0.0068791	2351.9
0.0068047	2356.2
0.006731	2360.6
0.0066579	2365
0.0065854	2369.4
0.0065134	2373.7
0.0064421	2378.1
0.0063713	2382.5
0.0063011	2386.8
0.0062315	2391.2
0.0061625	2395.6
0.0060941	2400
0.0060262	2404.3
0.0059589	2408.7
0.0058922	2413.1
0.0058261	2417.4
0.0057605	2421.8
0.0056955	2426.2
0.0056311	2430.6
0.0055672	2434.9
0.0055039	2439.3
0.0054411	2443.7
0.0053789	2448
0.0053173	2452.4
0.0052562	2456.8
0.0051956	2461.2
0.0051356	2465.5
0.0050762	2469.9
0.0050173	2474.3
0.0049589	2478.6
0.004901	2483
0.0048437	2487.4
0.0047869	2491.8
0.0047307	2496.1
0.004675	2500.5
0.0046198	2504.9
0.0045651	2509.2
0.0045109	2513.6
0.0044572	2518
0.0044041	2522.4
0.0043515	2526.7
0.0042993	2531.1
0.0042477	2535.5
0.0041966	2539.8
0.0041459	2544.2
0.0040958	2548.6
0.0040462	2553
0.003997	2557.3
0.0039483	2561.7
0.0039001	2566.1
0.0038524	2570.4
0.0038052	2574.8
0.0037584	2579.2
0.0037121	2583.6
0.0036663	2587.9
0.003621	2592.3
0.0035761	2596.7
0.0035316	2601
0.0034876	2605.4
0.0034441	2609.8
0.003401	2614.2
0.0033584	2618.5
0.0033162	2622.9
0.0032744	2627.3
0.0032331	2631.6
0.0031922	2636
0.0031518	2640.4
0.0031117	2644.8
0.0030721	2649.1
0.003033	2653.5
0.0029942	2657.9
0.0029558	2662.2
0.0029179	2666.6
0.0028804	2671
0.0028432	2675.4
0.0028065	2679.7
0.0027702	2684.1
0.0027343	2688.5
0.0026987	2692.8
0.0026636	2697.2
0.0026288	2701.6
0.0025945	2706
0.0025605	2710.3
0.0025269	2714.7
0.0024936	2719.1
0.0024608	2723.4
0.0024283	2727.8
0.0023961	2732.2
0.0023643	2736.6
0.0023329	2740.9
0.0023019	2745.3
0.0022712	2749.7
0.0022408	2754
0.0022108	2758.4
0.0021811	2762.8
0.0021518	2767.2
0.0021228	2771.5
0.0020942	2775.9
0.0020659	2780.3
0.0020379	2784.6
0.0020102	2789
0.0019829	2793.4
0.0019559	2797.8
0.0019292	2802.1
0.0019028	2806.5
0.0018767	2810.9
0.001851	2815.2
0.0018255	2819.6
0.0018004	2824
0.0017755	2828.4
0.001751	2832.7
0.0017267	2837.1
0.0017027	2841.5
0.0016791	2845.8
0.0016557	2850.2
0.0016326	2854.6
0.0016097	2859
0.0015872	2863.3
0.0015649	2867.7
0.0015429	2872.1
0.0015212	2876.4
0.0014998	2880.8
0.0014786	2885.2
0.0014576	2889.6
0.001437	2893.9
0.0014166	2898.3
0.0013964	2902.7
0.0013765	2907
0.0013568	2911.4
0.0013374	2915.8
0.0013183	2920.2
0.0012994	2924.5
0.0012807	2928.9
0.0012622	2933.3
0.001244	2937.6
0.001226	2942
0.0012083	2946.4
0.0011908	2950.8
0.0011735	2955.1
0.0011564	2959.5
0.0011396	2963.9
0.0011229	2968.2
0.0011065	2972.6
0.0010903	2977
0.0010743	2981.4
0.0010585	2985.7
0.0010429	2990.1
0.0010276	2994.5
0.0010124	2998.8
0.00099742	3003.2
0.00098264	3007.6
0.00096806	3012
0.00095367	3016.3
0.00093947	3020.7
0.00092546	3025.1
0.00091164	3029.4
0.00089801	3033.8
0.00088455	3038.2
0.00087128	3042.6
0.00085818	3046.9
0.00084526	3051.3
0.00083252	3055.7
0.00081995	3060
0.00080754	3064.4
0.00079531	3068.8
0.00078324	3073.2
0.00077134	3077.5
0.0007596	3081.9
0.00074803	3086.3
0.00073661	3090.6
0.00072534	3095
0.00071424	3099.4
0.00070328	3103.8
0.00069248	3108.1
0.00068183	3112.5
0.00067133	3116.9
0.00066097	3121.2
0.00065075	3125.6
0.00064068	3130
0.00063075	3134.4
0.00062096	3138.7
0.00061131	3143.1
0.00060179	3147.5
0.00059241	3151.8
0.00058316	3156.2
0.00057404	3160.6
0.00056506	3165
0.00055619	3169.3
0.00054746	3173.7
0.00053885	3178.1
0.00053036	3182.4
0.000522	3186.8
0.00051375	3191.2
0.00050562	3195.6
0.00049761	3199.9
0.00048972	3204.3
0.00048194	3208.7
0.00047427	3213.1
0.00046672	3217.4
0.00045927	3221.8
0.00045193	3226.2
0.0004447	3230.5
0.00043758	3234.9
0.00043056	3239.3
0.00042364	3243.7
0.00041682	3248
0.00041011	3252.4
0.00040349	3256.8
0.00039697	3261.1
0.00039055	3265.5
0.00038422	3269.9
0.00037799	3274.3
0.00037185	3278.6
0.0003658	3283
0.00035984	3287.4
0.00035397	3291.7
0.00034819	3296.1
0.00034249	3300.5
0.00033688	3304.9
0.00033136	3309.2
0.00032592	3313.6
0.00032056	3318
0.00031528	3322.3
0.00031008	3326.7
0.00030496	3331.1
0.00029992	3335.5
0.00029495	3339.8
0.00029006	3344.2
0.00028525	3348.6
0.00028051	3352.9
0.00027584	3357.3
0.00027125	3361.7
0.00026672	3366.1
0.00026226	3370.4
0.00025788	3374.8
0.00025356	3379.2
0.00024931	3383.5
0.00024512	3387.9
0.000241	3392.3
0.00023694	3396.7
0.00023295	3401
0.00022901	3405.4
0.00022514	3409.8
0.00022133	3414.1
0.00021758	3418.5
0.00021389	3422.9
0.00021026	3427.3
0.00020668	3431.6
0.00020317	3436
0.0001997	3440.4
0.00019629	3444.7
0.00019294	3449.1
0.00018964	3453.5
0.00018639	3457.9
0.00018319	3462.2
0.00018004	3466.6
0.00017695	3471
0.0001739	3475.3
0.0001709	3479.7
0.00016795	3484.1
0.00016505	3488.5
0.0001622	3492.8
0.00015939	3497.2
0.00015662	3501.6
0.0001539	3505.9
0.00015123	3510.3
0.00014859	3514.7
0.000146	3519.1
0.00014346	3523.4
0.00014095	3527.8
0.00013849	3532.2
0.00013606	3536.5
0.00013368	3540.9
0.00013133	3545.3
0.00012902	3549.7
0.00012675	3554
0.00012452	3558.4
0.00012232	3562.8
0.00012017	3567.1
0.00011804	3571.5
0.00011595	3575.9
0.0001139	3580.3
0.00011188	3584.6
0.00010989	3589
0.00010794	3593.4
0.00010602	3597.7
0.00010413	3602.1
0.00010227	3606.5
0.00010045	3610.9
9.865e-05	3615.2
9.6884e-05	3619.6
9.5148e-05	3624
9.3441e-05	3628.3
9.1763e-05	3632.7
9.0113e-05	3637.1
8.8491e-05	3641.5
8.6897e-05	3645.8
8.5329e-05	3650.2
8.3788e-05	3654.6
8.2273e-05	3658.9
8.0784e-05	3663.3
7.9321e-05	3667.7
7.7882e-05	3672.1
7.6468e-05	3676.4
7.5077e-05	3680.8
7.3711e-05	3685.2
7.2368e-05	3689.5
7.1048e-05	3693.9
6.9751e-05	3698.3
6.8476e-05	3702.7
6.7223e-05	3707
6.5992e-05	3711.4
6.4782e-05	3715.8
6.3592e-05	3720.1
6.2424e-05	3724.5
6.1275e-05	3728.9
6.0147e-05	3733.3
5.9038e-05	3737.6
5.7949e-05	3742
5.6878e-05	3746.4
5.5826e-05	3750.7
5.4792e-05	3755.1
5.3777e-05	3759.5
5.2779e-05	3763.9
5.1799e-05	3768.2
5.0836e-05	3772.6
4.989e-05	3777
4.896e-05	3781.3
4.8047e-05	3785.7
4.715e-05	3790.1
4.6269e-05	3794.5
4.5403e-05	3798.8
4.4553e-05	3803.2
4.3718e-05	3807.6
4.2898e-05	3811.9
4.2092e-05	3816.3
4.13e-05	3820.7
4.0523e-05	3825.1
3.9759e-05	3829.4
3.9009e-05	3833.8
3.8273e-05	3838.2
3.7549e-05	3842.5
3.6839e-05	3846.9
3.6141e-05	3851.3
3.5456e-05	3855.7
3.4783e-05	3860
3.4123e-05	3864.4
3.3474e-05	3868.8
3.2837e-05	3873.1
3.2211e-05	3877.5
3.1597e-05	3881.9
3.0994e-05	3886.3
3.0401e-05	3890.6
2.982e-05	3895
2.9249e-05	3899.4
2.8688e-05	3903.7
2.8138e-05	3908.1
2.7598e-05	3912.5
2.7067e-05	3916.9
2.6547e-05	3921.2
2.6035e-05	3925.6
2.5533e-05	3930
2.5041e-05	3934.3
2.4557e-05	3938.7
2.4082e-05	3943.1
2.3616e-05	3947.5
2.3159e-05	3951.8
2.271e-05	3956.2
2.2269e-05	3960.6
2.1836e-05	3964.9
2.1412e-05	3969.3
2.0995e-05	3973.7
2.0586e-05	3978.1
2.0185e-05	3982.4
1.9791e-05	3986.8
1.9404e-05	3991.2
1.9025e-05	3995.5
1.8652e-05	3999.9
1.8287e-05	4004.3
1.7928e-05	4008.7
1.7576e-05	4013
1.7231e-05	4017.4
1.6892e-05	4021.8
1.656e-05	4026.1
1.6233e-05	4030.5
1.5913e-05	4034.9
1.5599e-05	4039.3
1.5291e-05	4043.6
1.4989e-05	4048
1.4692e-05	4052.4
1.4401e-05	4056.7
1.4115e-05	4061.1
1.3835e-05	4065.5
1.356e-05	4069.9
1.3291e-05	4074.2
1.3026e-05	4078.6
1.2767e-05	4083
1.2512e-05	4087.3
1.2263e-05	4091.7
1.2018e-05	4096.1
1.1777e-05	4100.5
1.1542e-05	4104.8
1.1311e-05	4109.2
1.1084e-05	4113.6
1.0862e-05	4118
1.0643e-05	4122.3
1.043e-05	4126.7
1.022e-05	4131.1
1.0014e-05	4135.4
9.8122e-06	4139.8
9.6143e-06	4144.2
9.4202e-06	4148.6
9.2299e-06	4152.9
9.0432e-06	4157.3
8.8602e-06	4161.7
8.6807e-06	4166
8.5047e-06	4170.4
8.3321e-06	4174.8
8.1629e-06	4179.2
7.9969e-06	4183.5
7.8343e-06	4187.9
7.6747e-06	4192.3
7.5183e-06	4196.6
7.3649e-06	4201
7.2146e-06	4205.4
7.0671e-06	4209.8
6.9226e-06	4214.1
6.7809e-06	4218.5
6.642e-06	4222.9
6.5058e-06	4227.2
6.3723e-06	4231.6
6.2414e-06	4236
6.1131e-06	4240.4
5.9874e-06	4244.7
5.8641e-06	4249.1
5.7432e-06	4253.5
5.6248e-06	4257.8
5.5087e-06	4262.2
5.3949e-06	4266.6
5.2833e-06	4271
5.174e-06	4275.3
5.0668e-06	4279.7
4.9618e-06	4284.1
4.8588e-06	4288.4
4.758e-06	4292.8
4.6591e-06	4297.2
4.5622e-06	4301.6
4.4672e-06	4305.9
4.3741e-06	4310.3
4.283e-06	4314.7
4.1936e-06	4319
4.106e-06	4323.4
4.0202e-06	4327.8
3.9361e-06	4332.2
3.8537e-06	4336.5
3.7729e-06	4340.9
3.6938e-06	4345.3
3.6163e-06	4349.6
3.5403e-06	4354
3.4659e-06	4358.4
3.393e-06	4362.8
3.3216e-06	4367.1
3.2516e-06	4371.5
3.183e-06	4375.9
3.1158e-06	4380.2
3.05e-06	4384.6
2.9856e-06	4389
2.9224e-06	4393.4
2.8605e-06	4397.7
2.7999e-06	4402.1
2.7405e-06	4406.5
2.6824e-06	4410.8
2.6254e-06	4415.2
2.5696e-06	4419.6
2.5149e-06	4424
2.4614e-06	4428.3
2.4089e-06	4432.7
2.3576e-06	4437.1
2.3073e-06	4441.4
2.258e-06	4445.8
2.2097e-06	4450.2
2.1624e-06	4454.6
2.1162e-06	4458.9
2.0708e-06	4463.3
2.0264e-06	4467.7
1.9829e-06	4472
1.9404e-06	4476.4
1.8987e-06	4480.8
1.8578e-06	4485.2
1.8178e-06	4489.5
1.7787e-06	4493.9
1.7403e-06	4498.3
1.7028e-06	4502.6
1.666e-06	4507
1.63e-06	4511.4
1.5948e-06	4515.8
1.5603e-06	4520.1
1.5265e-06	4524.5
1.4934e-06	4528.9
1.461e-06	4533.2
1.4293e-06	4537.6
1.3982e-06	4542
1.3679e-06	4546.4
1.3381e-06	4550.7
1.309e-06	4555.1
1.2804e-06	4559.5
1.2525e-06	4563.8
1.2252e-06	4568.2
1.1984e-06	4572.6
1.1722e-06	4577
1.1466e-06	4581.3
1.1215e-06	4585.7
1.097e-06	4590.1
1.0729e-06	4594.4
1.0494e-06	4598.8
1.0263e-06	4603.2
1.0038e-06	4607.6
9.8172e-07	4611.9
9.6012e-07	4616.3
9.3898e-07	4620.7
9.1829e-07	4625
8.9804e-07	4629.4
8.7823e-07	4633.8
8.5883e-07	4638.2
8.3986e-07	4642.5
8.2128e-07	4646.9
8.031e-07	4651.3
7.8532e-07	4655.6
7.6791e-07	4660
7.5088e-07	4664.4
7.3421e-07	4668.8
7.179e-07	4673.1
7.0194e-07	4677.5
6.8633e-07	4681.9
6.7105e-07	4686.2
6.561e-07	4690.6
6.4148e-07	4695
6.2716e-07	4699.4
6.1316e-07	4703.7
5.9946e-07	4708.1
5.8606e-07	4712.5
5.7295e-07	4716.8
5.6013e-07	4721.2
5.4758e-07	4725.6
5.353e-07	4730
5.2329e-07	4734.3
5.1155e-07	4738.7
5.0006e-07	4743.1
4.8882e-07	4747.4
4.7782e-07	4751.8
4.6707e-07	4756.2
4.5654e-07	4760.6
4.4626e-07	4764.9
4.3619e-07	4769.3
4.2635e-07	4773.7
4.1672e-07	4778
4.073e-07	4782.4
3.9809e-07	4786.8
3.8909e-07	4791.2
3.8028e-07	4795.5
3.7167e-07	4799.9
3.6324e-07	4804.3
3.55e-07	4808.6
3.4695e-07	4813
3.3907e-07	4817.4
3.3137e-07	4821.8
3.2383e-07	4826.1
3.1647e-07	4830.5
3.0926e-07	4834.9
3.0222e-07	4839.2
2.9534e-07	4843.6
2.8861e-07	4848
2.8202e-07	4852.4
2.7559e-07	4856.7
2.693e-07	4861.1
2.6314e-07	4865.5
2.5713e-07	4869.8
2.5125e-07	4874.2
2.4551e-07	4878.6
2.3989e-07	4883
2.344e-07	4887.3
2.2903e-07	4891.7
2.2378e-07	4896.1
2.1865e-07	4900.4
2.1364e-07	4904.8
2.0874e-07	4909.2
2.0395e-07	4913.6
1.9927e-07	4917.9
1.9469e-07	4922.3
1.9022e-07	4926.7
1.8585e-07	4931
1.8158e-07	4935.4
1.7741e-07	4939.8
1.7333e-07	4944.2
1.6935e-07	4948.5
1.6545e-07	4952.9
1.6165e-07	4957.3
1.5793e-07	4961.6
1.543e-07	4966
1.5075e-07	4970.4
1.4729e-07	4974.8
1.439e-07	4979.1
1.4059e-07	4983.5
1.3736e-07	4987.9
1.342e-07	4992.2
1.3112e-07	4996.6
1.281e-07	5001
1.2516e-07	5005.4
1.2229e-07	5009.7
1.1948e-07	5014.1
1.1674e-07	5018.5
1.1406e-07	5022.9
1.1145e-07	5027.2
1.089e-07	5031.6
1.064e-07	5036
1.0397e-07	5040.3
1.0159e-07	5044.7
9.9274e-08	5049.1
9.701e-08	5053.5
9.4799e-08	5057.8
9.2642e-08	5062.2
9.0536e-08	5066.6
8.8481e-08	5070.9
8.6475e-08	5075.3
8.4518e-08	5079.7
8.2608e-08	5084.1
8.0745e-08	5088.4
7.8927e-08	5092.8
7.7154e-08	5097.2
7.5425e-08	5101.5
7.3738e-08	5105.9
7.2093e-08	5110.3
7.0488e-08	5114.7
6.8924e-08	5119
6.74e-08	5123.4
6.5913e-08	5127.8
6.4464e-08	5132.1
6.3052e-08	5136.5
6.1676e-08	5140.9
6.0336e-08	5145.3
5.903e-08	5149.6
5.7758e-08	5154
5.652e-08	5158.4
5.5314e-08	5162.7
5.414e-08	5167.1
5.2997e-08	5171.5
5.1885e-08	5175.9
5.0803e-08	5180.2
4.975e-08	5184.6
4.8727e-08	5189
4.7732e-08	5193.3
4.6765e-08	5197.7
4.5825e-08	5202.1
4.4912e-08	5206.5
4.4025e-08	5210.8
4.3164e-08	5215.2
4.2329e-08	5219.6
4.1518e-08	5223.9
4.0732e-08	5228.3
3.997e-08	5232.7
3.9231e-08	5237.1
3.8516e-08	5241.4
3.7823e-08	5245.8
3.7153e-08	5250.2
3.6506e-08	5254.5
3.5879e-08	5258.9
3.5275e-08	5263.3
3.4691e-08	5267.7
3.4128e-08	5272
3.3585e-08	5276.4
3.3063e-08	5280.8
3.256e-08	5285.1
3.2077e-08	5289.5
3.1613e-08	5293.9
3.1169e-08	5298.3
3.0743e-08	5302.6
3.0336e-08	5307
2.9947e-08	5311.4
2.9576e-08	5315.7
2.9223e-08	5320.1
2.8888e-08	5324.5
2.8571e-08	5328.9
2.8271e-08	5333.2
2.7988e-08	5337.6
2.7722e-08	5342
2.7473e-08	5346.3
2.7242e-08	5350.7
2.7026e-08	5355.1
2.6828e-08	5359.5
2.6646e-08	5363.8
2.648e-08	5368.2
2.6331e-08	5372.6
2.6198e-08	5376.9
2.6081e-08	5381.3
2.598e-08	5385.7
2.5896e-08	5390.1
2.5827e-08	5394.4
2.5775e-08	5398.8
2.5738e-08	5403.2
2.5718e-08	5407.5
2.5714e-08	5411.9
2.5726e-08	5416.3
2.5754e-08	5420.7
2.5798e-08	5425
2.5858e-08	5429.4
2.5935e-08	5433.8
2.6027e-08	5438.1
2.6137e-08	5442.5
2.6262e-08	5446.9
2.6405e-08	5451.3
2.6564e-08	5455.6
2.674e-08	5460
