1.1127e-12	0
1.0974e-05	4.3715
2.1968e-05	8.743
3.2999e-05	13.114
4.4089e-05	17.486
5.5256e-05	21.857
6.6519e-05	26.229
7.7897e-05	30.6
8.9409e-05	34.972
0.00010107	39.343
0.00011291	43.715
0.00012494	48.086
0.00013717	52.458
0.00014964	56.829
0.00016235	61.201
0.00017532	65.572
0.00018858	69.944
0.00020215	74.315
0.00021603	78.687
0.00023026	83.058
0.00024485	87.43
0.00025982	91.801
0.0002752	96.173
0.000291	100.54
0.00030724	104.92
0.00032395	109.29
0.00034114	113.66
0.00035885	118.03
0.0003771	122.4
0.0003959	126.77
0.0004153	131.14
0.0004353	135.52
0.00045595	139.89
0.00047727	144.26
0.00049928	148.63
0.00052202	153
0.00054552	157.37
0.00056981	161.75
0.00059492	166.12
0.00062088	170.49
0.00064773	174.86
0.00067549	179.23
0.00070421	183.6
0.00073392	187.97
0.00076465	192.35
0.00079643	196.72
0.00082931	201.09
0.00086333	205.46
0.00089851	209.83
0.0009349	214.2
0.00097254	218.57
0.0010115	222.95
0.0010517	227.32
0.0010934	231.69
0.0011364	236.06
0.0011809	240.43
0.0012268	244.8
0.0012743	249.18
0.0013234	253.55
0.0013741	257.92
0.0014265	262.29
0.0014805	266.66
0.0015363	271.03
0.0015939	275.4
0.0016533	279.78
0.0017146	284.15
0.0017777	288.52
0.0018428	292.89
0.0019099	297.26
0.001979	301.63
0.0020502	306
0.0021235	310.38
0.0021989	314.75
0.0022764	319.12
0.0023562	323.49
0.0024381	327.86
0.0025223	332.23
0.0026088	336.61
0.0026975	340.98
0.0027886	345.35
0.0028821	349.72
0.0029778	354.09
0.003076	358.46
0.0031766	362.83
0.0032796	367.21
0.003385	371.58
0.0034929	375.95
0.0036032	380.32
0.0037159	384.69
0.0038312	389.06
0.0039489	393.43
0.0040691	397.81
0.0041917	402.18
0.0043168	406.55
0.0044443	410.92
0.0045743	415.29
0.0047067	419.66
0.0048415	424.04
0.0049787	428.41
0.0051184	432.78
0.0052605	437.15
0.005405	441.52
0.005552	445.89
0.0057013	450.26
0.0058529	454.64
0.0060069	459.01
0.0061632	463.38
0.0063218	467.75
0.0064826	472.12
0.0066456	476.49
0.0068108	480.86
0.0069781	485.24
0.0071476	489.61
0.0073192	493.98
0.0074929	498.35
0.0076686	502.72
0.0078465	507.09
0.0080263	511.47
0.0082082	515.84
0.0083921	520.21
0.0085779	524.58
0.0087656	528.95
0.0089552	533.32
0.0091466	537.69
0.0093398	542.07
0.0095348	546.44
0.0097314	550.81
0.0099297	555.18
0.01013	559.55
0.010331	563.92
0.010534	568.29
0.010739	572.67
0.010945	577.04
0.011152	581.41
0.011362	585.78
0.011572	590.15
0.011784	594.52
0.011997	598.9
0.012212	603.27
0.012428	607.64
0.012645	612.01
0.012863	616.38
0.013083	620.75
0.013304	625.12
0.013525	629.5
0.013748	633.87
0.013972	638.24
0.014197	642.61
0.014423	646.98
0.014649	651.35
0.014877	655.72
0.015105	660.1
0.015335	664.47
0.015565	668.84
0.015796	673.21
0.016027	677.58
0.016259	681.95
0.016492	686.33
0.016726	690.7
0.01696	695.07
0.017195	699.44
0.01743	703.81
0.017666	708.18
0.017902	712.55
0.018139	716.93
0.018376	721.3
0.018613	725.67
0.018851	730.04
0.019089	734.41
0.019327	738.78
0.019565	743.15
0.019804	747.53
0.020042	751.9
0.020281	756.27
0.02052	760.64
0.020758	765.01
0.020997	769.38
0.021236	773.76
0.021474	778.13
0.021713	782.5
0.021951	786.87
0.022189	791.24
0.022427	795.61
0.022664	799.98
0.022901	804.36
0.023138	808.73
0.023374	813.1
0.023609	817.47
0.023845	821.84
0.024079	826.21
0.024313	830.58
0.024546	834.96
0.024779	839.33
0.025011	843.7
0.025242	848.07
0.025472	852.44
0.025701	856.81
0.02593	861.18
0.026157	865.56
0.026383	869.93
0.026608	874.3
0.026833	878.67
0.027055	883.04
0.027277	887.41
0.027498	891.79
0.027717	896.16
0.027934	900.53
0.02815	904.9
0.028365	909.27
0.028578	913.64
0.02879	918.01
0.029	922.39
0.029208	926.76
0.029415	931.13
0.029619	935.5
0.029822	939.87
0.030023	944.24
0.030222	948.61
0.030419	952.99
0.030614	957.36
0.030807	961.73
0.030997	966.1
0.031186	970.47
0.031372	974.84
0.031556	979.22
0.031738	983.59
0.031917	987.96
0.032093	992.33
0.032267	996.7
0.032439	1001.1
0.032608	1005.4
0.032774	1009.8
0.032938	1014.2
0.033098	1018.6
0.033256	1022.9
0.033411	1027.3
0.033563	1031.7
0.033712	1036
0.033859	1040.4
0.034002	1044.8
0.034142	1049.2
0.034279	1053.5
0.034412	1057.9
0.034543	1062.3
0.03467	1066.6
0.034794	1071
0.034915	1075.4
0.035032	1079.8
0.035146	1084.1
0.035256	1088.5
0.035363	1092.9
0.035466	1097.2
0.035566	1101.6
0.035662	1106
0.035754	1110.4
0.035843	1114.7
0.035928	1119.1
0.036009	1123.5
0.036087	1127.8
0.03616	1132.2
0.03623	1136.6
0.036296	1141
0.036358	1145.3
0.036417	1149.7
0.036471	1154.1
0.036522	1158.4
0.036568	1162.8
0.036611	1167.2
0.036649	1171.6
0.036684	1175.9
0.036715	1180.3
0.036741	1184.7
0.036764	1189
0.036782	1193.4
0.036796	1197.8
0.036807	1202.2
0.036813	1206.5
0.036815	1210.9
0.036813	1215.3
0.036807	1219.6
0.036797	1224
0.036782	1228.4
0.036764	1232.8
0.036741	1237.1
0.036715	1241.5
0.036684	1245.9
0.03665	1250.2
0.036611	1254.6
0.036568	1259
0.036522	1263.4
0.036471	1267.7
0.036417	1272.1
0.036358	1276.5
0.036296	1280.8
0.036229	1285.2
0.036159	1289.6
0.036085	1294
0.036007	1298.3
0.035925	1302.7
0.035839	1307.1
0.03575	1311.4
0.035656	1315.8
0.035559	1320.2
0.035458	1324.6
0.035354	1328.9
0.035246	1333.3
0.035135	1337.7
0.035019	1342
0.034901	1346.4
0.034779	1350.8
0.034654	1355.2
0.034525	1359.5
0.034393	1363.9
0.034258	1368.3
0.034119	1372.7
0.033978	1377
0.033833	1381.4
0.033685	1385.8
0.033534	1390.1
0.033381	1394.5
0.033224	1398.9
0.033064	1403.3
0.032902	1407.6
0.032736	1412
0.032568	1416.4
0.032398	1420.7
0.032224	1425.1
0.032048	1429.5
0.03187	1433.9
0.031689	1438.2
0.031506	1442.6
0.03132	1447
0.031133	1451.3
0.030943	1455.7
0.030751	1460.1
0.030557	1464.5
0.03036	1468.8
0.030162	1473.2
0.029963	1477.6
0.029761	1481.9
0.029557	1486.3
0.029352	1490.7
0.029145	1495.1
0.028937	1499.4
0.028727	1503.8
0.028516	1508.2
0.028303	1512.5
0.028089	1516.9
0.027873	1521.3
0.027656	1525.7
0.027439	1530
0.02722	1534.4
0.027	1538.8
0.026778	1543.1
0.026557	1547.5
0.026334	1551.9
0.02611	1556.3
0.025886	1560.6
0.025661	1565
0.025436	1569.4
0.025209	1573.7
0.024983	1578.1
0.024756	1582.5
0.024528	1586.9
0.024301	1591.2
0.024073	1595.6
0.023845	1600
0.023616	1604.3
0.023388	1608.7
0.023159	1613.1
0.022931	1617.5
0.022702	1621.8
0.022474	1626.2
0.022245	1630.6
0.022017	1634.9
0.021789	1639.3
0.021562	1643.7
0.021334	1648.1
0.021107	1652.4
0.020881	1656.8
0.020655	1661.2
0.020429	1665.5
0.020204	1669.9
0.01998	1674.3
0.019756	1678.7
0.019533	1683
0.019311	1687.4
0.019089	1691.8
0.018868	1696.1
0.018648	1700.5
0.018429	1704.9
0.018211	1709.3
0.017994	1713.6
0.017777	1718
0.017562	1722.4
0.017348	1726.7
0.017135	1731.1
0.016923	1735.5
0.016712	1739.9
0.016502	1744.2
0.016293	1748.6
0.016086	1753
0.01588	1757.3
0.015675	1761.7
0.015471	1766.1
0.015269	1770.5
0.015068	1774.8
0.014868	1779.2
0.01467	1783.6
0.014473	1787.9
0.014277	1792.3
0.014083	1796.7
0.013891	1801.1
0.013699	1805.4
0.01351	1809.8
0.013321	1814.2
0.013135	1818.5
0.012949	1822.9
0.012766	1827.3
0.012584	1831.7
0.012403	1836
0.012224	1840.4
0.012047	1844.8
0.011871	1849.1
0.011697	1853.5
0.011524	1857.9
0.011353	1862.3
0.011184	1866.6
0.011016	1871
0.01085	1875.4
0.010685	1879.7
0.010523	1884.1
0.010361	1888.5
0.010202	1892.9
0.010044	1897.2
0.0098877	1901.6
0.0097331	1906
0.0095802	1910.3
0.0094289	1914.7
0.0092793	1919.1
0.0091313	1923.5
0.008985	1927.8
0.0088403	1932.2
0.0086973	1936.6
0.0085559	1940.9
0.0084162	1945.3
0.0082781	1949.7
0.0081416	1954.1
0.0080068	1958.4
0.0078736	1962.8
0.007742	1967.2
0.007612	1971.5
0.0074837	1975.9
0.0073569	1980.3
0.0072318	1984.7
0.0071083	1989
0.0069863	1993.4
0.0068659	1997.8
0.0067471	2002.1
0.0066298	2006.5
0.0065141	2010.9
0.0064	2015.3
0.0062874	2019.6
0.0061763	2024
0.0060667	2028.4
0.0059587	2032.7
0.0058521	2037.1
0.005747	2041.5
0.0056434	2045.9
0.0055413	2050.2
0.0054406	2054.6
0.0053413	2059
0.0052435	2063.3
0.0051472	2067.7
0.0050522	2072.1
0.0049586	2076.5
0.0048664	2080.8
0.0047756	2085.2
0.0046861	2089.6
0.004598	2093.9
0.0045113	2098.3
0.0044258	2102.7
0.0043417	2107.1
0.0042589	2111.4
0.0041773	2115.8
0.0040971	2120.2
0.004018	2124.5
0.0039403	2128.9
0.0038638	2133.3
0.0037885	2137.7
0.0037144	2142
0.0036415	2146.4
0.0035698	2150.8
0.0034993	2155.1
0.00343	2159.5
0.0033618	2163.9
0.0032947	2168.3
0.0032287	2172.6
0.0031639	2177
0.0031001	2181.4
0.0030375	2185.7
0.0029758	2190.1
0.0029153	2194.5
0.0028558	2198.9
0.0027973	2203.2
0.0027399	2207.6
0.0026834	2212
0.0026279	2216.3
0.0025734	2220.7
0.0025199	2225.1
0.0024673	2229.5
0.0024157	2233.8
0.002365	2238.2
0.0023152	2242.6
0.0022663	2246.9
0.0022183	2251.3
0.0021712	2255.7
0.0021249	2260.1
0.0020795	2264.4
0.002035	2268.8
0.0019912	2273.2
0.0019483	2277.6
0.0019062	2281.9
0.0018648	2286.3
0.0018243	2290.7
0.0017845	2295
0.0017455	2299.4
0.0017072	2303.8
0.0016697	2308.2
0.0016328	2312.5
0.0015967	2316.9
0.0015613	2321.3
0.0015266	2325.6
0.0014926	2330
0.0014592	2334.4
0.0014265	2338.8
0.0013944	2343.1
0.001363	2347.5
0.0013322	2351.9
0.001302	2356.2
0.0012724	2360.6
0.0012434	2365
0.0012151	2369.4
0.0011872	2373.7
0.00116	2378.1
0.0011333	2382.5
0.0011071	2386.8
0.0010815	2391.2
0.0010564	2395.6
0.0010319	2400
0.0010078	2404.3
0.00098428	2408.7
0.00096122	2413.1
0.00093865	2417.4
0.00091655	2421.8
0.00089492	2426.2
0.00087375	2430.6
0.00085303	2434.9
0.00083276	2439.3
0.00081291	2443.7
0.0007935	2448
0.0007745	2452.4
0.00075591	2456.8
0.00073772	2461.2
0.00071993	2465.5
0.00070253	2469.9
0.00068551	2474.3
0.00066886	2478.6
0.00065258	2483
0.00063666	2487.4
0.00062109	2491.8
0.00060587	2496.1
0.00059098	2500.5
0.00057643	2504.9
0.00056221	2509.2
0.0005483	2513.6
0.00053471	2518
0.00052142	2522.4
0.00050844	2526.7
0.00049575	2531.1
0.00048335	2535.5
0.00047123	2539.8
0.00045939	2544.2
0.00044783	2548.6
0.00043653	2553
0.00042549	2557.3
0.0004147	2561.7
0.00040417	2566.1
0.00039389	2570.4
0.00038384	2574.8
0.00037403	2579.2
0.00036445	2583.6
0.00035509	2587.9
0.00034596	2592.3
0.00033704	2596.7
0.00032834	2601
0.00031984	2605.4
0.00031154	2609.8
0.00030345	2614.2
0.00029555	2618.5
0.00028783	2622.9
0.00028031	2627.3
0.00027296	2631.6
0.0002658	2636
0.0002588	2640.4
0.00025198	2644.8
0.00024533	2649.1
0.00023883	2653.5
0.0002325	2657.9
0.00022632	2662.2
0.0002203	2666.6
0.00021442	2671
0.00020869	2675.4
0.0002031	2679.7
0.00019765	2684.1
0.00019234	2688.5
0.00018716	2692.8
0.00018211	2697.2
0.00017718	2701.6
0.00017238	2706
0.00016771	2710.3
0.00016315	2714.7
0.0001587	2719.1
0.00015437	2723.4
0.00015015	2727.8
0.00014603	2732.2
0.00014203	2736.6
0.00013812	2740.9
0.00013431	2745.3
0.00013061	2749.7
0.000127	2754
0.00012348	2758.4
0.00012005	2762.8
0.00011671	2767.2
0.00011346	2771.5
0.00011029	2775.9
0.00010721	2780.3
0.00010421	2784.6
0.00010128	2789
9.8437e-05	2793.4
9.5666e-05	2797.8
9.2967e-05	2802.1
9.034e-05	2806.5
8.7783e-05	2810.9
8.5294e-05	2815.2
8.2871e-05	2819.6
8.0513e-05	2824
7.8218e-05	2828.4
7.5984e-05	2832.7
7.3811e-05	2837.1
7.1696e-05	2841.5
6.9638e-05	2845.8
6.7636e-05	2850.2
6.5688e-05	2854.6
6.3793e-05	2859
6.195e-05	2863.3
6.0157e-05	2867.7
5.8413e-05	2872.1
5.6716e-05	2876.4
5.5066e-05	2880.8
5.3462e-05	2885.2
5.1901e-05	2889.6
5.0384e-05	2893.9
4.8908e-05	2898.3
4.7474e-05	2902.7
4.6079e-05	2907
4.4723e-05	2911.4
4.3405e-05	2915.8
4.2123e-05	2920.2
4.0878e-05	2924.5
3.9667e-05	2928.9
3.849e-05	2933.3
3.7347e-05	2937.6
3.6235e-05	2942
3.5155e-05	2946.4
3.4105e-05	2950.8
3.3085e-05	2955.1
3.2094e-05	2959.5
3.1132e-05	2963.9
3.0196e-05	2968.2
2.9288e-05	2972.6
2.8405e-05	2977
2.7547e-05	2981.4
2.6715e-05	2985.7
2.5906e-05	2990.1
2.512e-05	2994.5
2.4357e-05	2998.8
2.3616e-05	3003.2
2.2896e-05	3007.6
2.2198e-05	3012
2.1519e-05	3016.3
2.086e-05	3020.7
2.0221e-05	3025.1
1.96e-05	3029.4
1.8997e-05	3033.8
1.8412e-05	3038.2
1.7845e-05	3042.6
1.7293e-05	3046.9
1.6758e-05	3051.3
1.6239e-05	3055.7
1.5735e-05	3060
1.5246e-05	3064.4
1.4772e-05	3068.8
1.4312e-05	3073.2
1.3865e-05	3077.5
1.3432e-05	3081.9
1.3011e-05	3086.3
1.2603e-05	3090.6
1.2208e-05	3095
1.1824e-05	3099.4
1.1452e-05	3103.8
1.1091e-05	3108.1
1.0741e-05	3112.5
1.0401e-05	3116.9
1.0072e-05	3121.2
9.7524e-06	3125.6
9.4427e-06	3130
9.1425e-06	3134.4
8.8514e-06	3138.7
8.5691e-06	3143.1
8.2955e-06	3147.5
8.0303e-06	3151.8
7.7731e-06	3156.2
7.5239e-06	3160.6
7.2823e-06	3165
7.0482e-06	3169.3
6.8212e-06	3173.7
6.6013e-06	3178.1
6.3882e-06	3182.4
6.1817e-06	3186.8
5.9815e-06	3191.2
5.7876e-06	3195.6
5.5998e-06	3199.9
5.4177e-06	3204.3
5.2414e-06	3208.7
5.0706e-06	3213.1
4.9051e-06	3217.4
4.7448e-06	3221.8
4.5895e-06	3226.2
4.4391e-06	3230.5
4.2935e-06	3234.9
4.1524e-06	3239.3
4.0158e-06	3243.7
3.8835e-06	3248
3.7554e-06	3252.4
3.6314e-06	3256.8
3.5113e-06	3261.1
3.395e-06	3265.5
3.2824e-06	3269.9
3.1735e-06	3274.3
3.068e-06	3278.6
2.9658e-06	3283
2.867e-06	3287.4
2.7713e-06	3291.7
2.6787e-06	3296.1
2.589e-06	3300.5
2.5023e-06	3304.9
2.4184e-06	3309.2
2.3371e-06	3313.6
2.2585e-06	3318
2.1825e-06	3322.3
2.1089e-06	3326.7
2.0377e-06	3331.1
1.9688e-06	3335.5
1.9022e-06	3339.8
1.8377e-06	3344.2
1.7754e-06	3348.6
1.7151e-06	3352.9
1.6567e-06	3357.3
1.6003e-06	3361.7
1.5457e-06	3366.1
1.493e-06	3370.4
1.4419e-06	3374.8
1.3926e-06	3379.2
1.3449e-06	3383.5
1.2987e-06	3387.9
1.2541e-06	3392.3
1.211e-06	3396.7
1.1693e-06	3401
1.129e-06	3405.4
1.09e-06	3409.8
1.0524e-06	3414.1
1.0159e-06	3418.5
9.8075e-07	3422.9
9.4674e-07	3427.3
9.1386e-07	3431.6
8.8209e-07	3436
8.5139e-07	3440.4
8.2173e-07	3444.7
7.9306e-07	3449.1
7.6536e-07	3453.5
7.386e-07	3457.9
7.1274e-07	3462.2
6.8776e-07	3466.6
6.6362e-07	3471
6.4031e-07	3475.3
6.1779e-07	3479.7
5.9603e-07	3484.1
5.7502e-07	3488.5
5.5473e-07	3492.8
5.3512e-07	3497.2
5.1619e-07	3501.6
4.9791e-07	3505.9
4.8026e-07	3510.3
4.6321e-07	3514.7
4.4675e-07	3519.1
4.3086e-07	3523.4
4.1551e-07	3527.8
4.007e-07	3532.2
3.8639e-07	3536.5
3.7258e-07	3540.9
3.5925e-07	3545.3
3.4639e-07	3549.7
3.3397e-07	3554
3.2198e-07	3558.4
3.1041e-07	3562.8
2.9924e-07	3567.1
2.8846e-07	3571.5
2.7806e-07	3575.9
2.6802e-07	3580.3
2.5834e-07	3584.6
2.4899e-07	3589
2.3998e-07	3593.4
2.3128e-07	3597.7
2.2288e-07	3602.1
2.1478e-07	3606.5
2.0697e-07	3610.9
1.9944e-07	3615.2
1.9217e-07	3619.6
1.8515e-07	3624
1.7839e-07	3628.3
1.7187e-07	3632.7
1.6557e-07	3637.1
1.5951e-07	3641.5
1.5366e-07	3645.8
1.4801e-07	3650.2
1.4257e-07	3654.6
1.3732e-07	3658.9
1.3226e-07	3663.3
1.2739e-07	3667.7
1.2268e-07	3672.1
1.1815e-07	3676.4
1.1378e-07	3680.8
1.0956e-07	3685.2
1.055e-07	3689.5
1.0159e-07	3693.9
9.7814e-08	3698.3
9.4176e-08	3702.7
9.067e-08	3707
8.7291e-08	3711.4
8.4035e-08	3715.8
8.0897e-08	3720.1
7.7873e-08	3724.5
7.4959e-08	3728.9
7.2152e-08	3733.3
6.9446e-08	3737.6
6.684e-08	3742
6.4329e-08	3746.4
6.1909e-08	3750.7
5.9579e-08	3755.1
5.7333e-08	3759.5
5.5171e-08	3763.9
5.3088e-08	3768.2
5.1081e-08	3772.6
4.9148e-08	3777
4.7287e-08	3781.3
4.5494e-08	3785.7
4.3768e-08	3790.1
4.2105e-08	3794.5
4.0505e-08	3798.8
3.8963e-08	3803.2
3.7479e-08	3807.6
3.6049e-08	3811.9
3.4673e-08	3816.3
3.3348e-08	3820.7
3.2073e-08	3825.1
3.0845e-08	3829.4
2.9663e-08	3833.8
2.8525e-08	3838.2
2.743e-08	3842.5
2.6376e-08	3846.9
2.5361e-08	3851.3
2.4385e-08	3855.7
2.3445e-08	3860
2.2541e-08	3864.4
2.167e-08	3868.8
2.0833e-08	3873.1
2.0027e-08	3877.5
1.9251e-08	3881.9
1.8505e-08	3886.3
1.7787e-08	3890.6
1.7096e-08	3895
1.6432e-08	3899.4
1.5792e-08	3903.7
1.5177e-08	3908.1
1.4586e-08	3912.5
1.4017e-08	3916.9
1.3469e-08	3921.2
1.2943e-08	3925.6
1.2436e-08	3930
1.1949e-08	3934.3
1.1481e-08	3938.7
1.103e-08	3943.1
1.0597e-08	3947.5
1.0181e-08	3951.8
9.7802e-09	3956.2
9.3951e-09	3960.6
9.0248e-09	3964.9
8.6688e-09	3969.3
8.3265e-09	3973.7
7.9974e-09	3978.1
7.681e-09	3982.4
7.3769e-09	3986.8
7.0846e-09	3991.2
6.8036e-09	3995.5
6.5335e-09	3999.9
6.2739e-09	4004.3
6.0244e-09	4008.7
5.7846e-09	4013
5.5541e-09	4017.4
5.3326e-09	4021.8
5.1198e-09	4026.1
4.9153e-09	4030.5
4.7188e-09	4034.9
4.5299e-09	4039.3
4.3485e-09	4043.6
4.1742e-09	4048
4.0067e-09	4052.4
3.8458e-09	4056.7
3.6912e-09	4061.1
3.5427e-09	4065.5
3.4001e-09	4069.9
3.2631e-09	4074.2
3.1315e-09	4078.6
3.0051e-09	4083
2.8836e-09	4087.3
2.767e-09	4091.7
2.655e-09	4096.1
2.5475e-09	4100.5
2.4442e-09	4104.8
2.345e-09	4109.2
2.2498e-09	4113.6
2.1584e-09	4118
2.0706e-09	4122.3
1.9863e-09	4126.7
1.9053e-09	4131.1
1.8276e-09	4135.4
1.753e-09	4139.8
1.6814e-09	4144.2
1.6127e-09	4148.6
1.5467e-09	4152.9
1.4833e-09	4157.3
1.4225e-09	4161.7
1.3642e-09	4166
1.3082e-09	4170.4
1.2544e-09	4174.8
1.2028e-09	4179.2
1.1533e-09	4183.5
1.1058e-09	4187.9
1.0602e-09	4192.3
1.0165e-09	4196.6
9.7448e-10	4201
9.3421e-10	4205.4
8.9556e-10	4209.8
8.5849e-10	4214.1
8.2292e-10	4218.5
7.888e-10	4222.9
7.5606e-10	4227.2
7.2466e-10	4231.6
6.9454e-10	4236
6.6565e-10	4240.4
6.3793e-10	4244.7
6.1135e-10	4249.1
5.8586e-10	4253.5
5.6141e-10	4257.8
5.3796e-10	4262.2
5.1547e-10	4266.6
4.9391e-10	4271
4.7323e-10	4275.3
4.534e-10	4279.7
4.3438e-10	4284.1
4.1616e-10	4288.4
3.9868e-10	4292.8
3.8192e-10	4297.2
3.6585e-10	4301.6
3.5045e-10	4305.9
3.3568e-10	4310.3
3.2153e-10	4314.7
3.0796e-10	4319
2.9495e-10	4323.4
2.8248e-10	4327.8
2.7053e-10	4332.2
2.5908e-10	4336.5
2.4811e-10	4340.9
2.3759e-10	4345.3
2.275e-10	4349.6
2.1784e-10	4354
2.0859e-10	4358.4
1.9971e-10	4362.8
1.9121e-10	4367.1
1.8307e-10	4371.5
1.7526e-10	4375.9
1.6779e-10	4380.2
1.6062e-10	4384.6
1.5376e-10	4389
1.4719e-10	4393.4
1.4089e-10	4397.7
1.3485e-10	4402.1
1.2907e-10	4406.5
1.2354e-10	4410.8
1.1824e-10	4415.2
1.1316e-10	4419.6
1.0829e-10	4424
1.0363e-10	4428.3
9.9172e-11	4432.7
9.4899e-11	4437.1
9.0808e-11	4441.4
8.689e-11	4445.8
8.3137e-11	4450.2
7.9545e-11	4454.6
7.6105e-11	4458.9
7.2811e-11	4463.3
6.9658e-11	4467.7
6.6639e-11	4472
6.3748e-11	4476.4
6.0981e-11	4480.8
5.8332e-11	4485.2
5.5797e-11	4489.5
5.3369e-11	4493.9
5.1046e-11	4498.3
4.8822e-11	4502.6
4.6693e-11	4507
4.4656e-11	4511.4
4.2706e-11	4515.8
4.084e-11	4520.1
3.9055e-11	4524.5
3.7346e-11	4528.9
3.571e-11	4533.2
3.4145e-11	4537.6
3.2648e-11	4542
3.1215e-11	4546.4
2.9844e-11	4550.7
2.8533e-11	4555.1
2.7278e-11	4559.5
2.6077e-11	4563.8
2.4929e-11	4568.2
2.383e-11	4572.6
2.2779e-11	4577
2.1774e-11	4581.3
2.0812e-11	4585.7
1.9892e-11	4590.1
1.9012e-11	4594.4
1.817e-11	4598.8
1.7365e-11	4603.2
1.6596e-11	4607.6
1.5859e-11	4611.9
1.5155e-11	4616.3
1.4482e-11	4620.7
1.3838e-11	4625
1.3223e-11	4629.4
1.2634e-11	4633.8
1.2071e-11	4638.2
1.1533e-11	4642.5
1.1018e-11	4646.9
1.0526e-11	4651.3
1.0056e-11	4655.6
9.606e-12	4660
9.1761e-12	4664.4
8.7652e-12	4668.8
8.3724e-12	4673.1
7.9969e-12	4677.5
7.638e-12	4681.9
7.2949e-12	4686.2
6.9671e-12	4690.6
6.6537e-12	4695
6.3542e-12	4699.4
6.068e-12	4703.7
5.7945e-12	4708.1
5.5331e-12	4712.5
5.2834e-12	4716.8
5.0447e-12	4721.2
4.8167e-12	4725.6
4.5988e-12	4730
4.3906e-12	4734.3
4.1918e-12	4738.7
4.0018e-12	4743.1
3.8202e-12	4747.4
3.6468e-12	4751.8
3.4811e-12	4756.2
3.3229e-12	4760.6
3.1717e-12	4764.9
3.0274e-12	4769.3
2.8894e-12	4773.7
2.7577e-12	4778
2.6319e-12	4782.4
2.5118e-12	4786.8
2.3971e-12	4791.2
2.2875e-12	4795.5
2.1828e-12	4799.9
2.0829e-12	4804.3
1.9875e-12	4808.6
1.8964e-12	4813
1.8094e-12	4817.4
1.7264e-12	4821.8
1.6471e-12	4826.1
1.5714e-12	4830.5
1.4991e-12	4834.9
1.4301e-12	4839.2
1.3642e-12	4843.6
1.3013e-12	4848
1.2413e-12	4852.4
1.184e-12	4856.7
1.1293e-12	4861.1
1.0772e-12	4865.5
1.0273e-12	4869.8
9.798e-13	4874.2
9.3443e-13	4878.6
8.9113e-13	4883
8.498e-13	4887.3
8.1037e-13	4891.7
7.7275e-13	4896.1
7.3684e-13	4900.4
7.0258e-13	4904.8
6.6989e-13	4909.2
6.387e-13	4913.6
6.0895e-13	4917.9
5.8056e-13	4922.3
5.5348e-13	4926.7
5.2764e-13	4931
5.0299e-13	4935.4
4.7948e-13	4939.8
4.5706e-13	4944.2
4.3567e-13	4948.5
4.1526e-13	4952.9
3.958e-13	4957.3
3.7724e-13	4961.6
3.5953e-13	4966
3.4265e-13	4970.4
3.2655e-13	4974.8
3.112e-13	4979.1
2.9655e-13	4983.5
2.8259e-13	4987.9
2.6928e-13	4992.2
2.5658e-13	4996.6
2.4448e-13	5001
2.3294e-13	5005.4
2.2193e-13	5009.7
2.1144e-13	5014.1
2.0144e-13	5018.5
1.9191e-13	5022.9
1.8282e-13	5027.2
1.7416e-13	5031.6
1.659e-13	5036
1.5802e-13	5040.3
1.5052e-13	5044.7
1.4337e-13	5049.1
1.3655e-13	5053.5
1.3005e-13	5057.8
1.2386e-13	5062.2
1.1796e-13	5066.6
1.1234e-13	5070.9
1.0698e-13	5075.3
1.0187e-13	5079.7
9.7005e-14	5084.1
9.2368e-14	5088.4
8.7951e-14	5092.8
8.3743e-14	5097.2
7.9733e-14	5101.5
7.5913e-14	5105.9
7.2274e-14	5110.3
6.8808e-14	5114.7
6.5506e-14	5119
6.236e-14	5123.4
5.9365e-14	5127.8
5.6511e-14	5132.1
5.3794e-14	5136.5
5.1206e-14	5140.9
4.8741e-14	5145.3
4.6394e-14	5149.6
4.4159e-14	5154
4.2031e-14	5158.4
4.0005e-14	5162.7
3.8076e-14	5167.1
3.6239e-14	5171.5
3.4491e-14	5175.9
3.2827e-14	5180.2
3.1242e-14	5184.6
2.9734e-14	5189
2.8299e-14	5193.3
2.6934e-14	5197.7
2.5634e-14	5202.1
2.4397e-14	5206.5
2.322e-14	5210.8
2.2101e-14	5215.2
2.1036e-14	5219.6
2.0023e-14	5223.9
1.906e-14	5228.3
1.8143e-14	5232.7
1.7272e-14	5237.1
1.6444e-14	5241.4
1.5656e-14	5245.8
1.4908e-14	5250.2
1.4197e-14	5254.5
1.3521e-14	5258.9
1.2879e-14	5263.3
1.2269e-14	5267.7
1.169e-14	5272
1.1141e-14	5276.4
1.0619e-14	5280.8
1.0124e-14	5285.1
9.6546e-15	5289.5
9.2097e-15	5293.9
8.7879e-15	5298.3
8.3884e-15	5302.6
8.0102e-15	5307
7.6522e-15	5311.4
7.3137e-15	5315.7
6.9939e-15	5320.1
6.6918e-15	5324.5
6.4068e-15	5328.9
6.1382e-15	5333.2
5.8853e-15	5337.6
5.6474e-15	5342
5.424e-15	5346.3
5.2146e-15	5350.7
5.0185e-15	5355.1
4.8354e-15	5359.5
4.6647e-15	5363.8
4.5061e-15	5368.2
4.3591e-15	5372.6
4.2234e-15	5376.9
4.0986e-15	5381.3
3.9844e-15	5385.7
3.8806e-15	5390.1
3.787e-15	5394.4
3.7031e-15	5398.8
3.6289e-15	5403.2
3.5642e-15	5407.5
3.5088e-15	5411.9
3.4626e-15	5416.3
3.4255e-15	5420.7
3.3973e-15	5425
3.3781e-15	5429.4
3.3678e-15	5433.8
3.3663e-15	5438.1
3.3737e-15	5442.5
3.3901e-15	5446.9
3.4153e-15	5451.3
3.4497e-15	5455.6
3.4931e-15	5460
