-3.2427e-16	0
0.00044783	20.05
0.00089687	40.1
0.0013483	60.15
0.0018032	80.201
0.0022628	100.25
0.002728	120.3
0.0031996	140.35
0.0036781	160.4
0.0041639	180.45
0.0046574	200.5
0.0051586	220.55
0.0056676	240.6
0.0061843	260.65
0.0067088	280.7
0.0072406	300.75
0.0077794	320.8
0.0083247	340.85
0.0088759	360.9
0.0094322	380.95
0.0099927	401
0.010556	421.05
0.011122	441.1
0.011689	461.15
0.012256	481.2
0.012787	500
0.012822	501.25
0.013385	521.3
0.013945	541.35
0.0145	561.4
0.015049	581.45
0.015591	601.5
0.016125	621.55
0.01665	641.6
0.017165	661.65
0.01767	681.7
0.018164	701.75
0.018646	721.8
0.019116	741.85
0.019573	761.9
0.020017	781.95
0.020447	802.01
0.020863	822.06
0.021264	842.11
0.021651	862.16
0.022023	882.21
0.02238	902.26
0.022722	922.31
0.023048	942.36
0.023358	962.41
0.023652	982.46
0.023931	1002.5
0.024193	1022.6
0.02444	1042.6
0.02467	1062.7
0.024884	1082.7
0.025082	1102.8
0.025264	1122.8
0.025429	1142.9
0.025579	1162.9
0.025712	1183
0.025829	1203
0.025931	1223.1
0.026017	1243.1
0.026087	1263.2
0.026142	1283.2
0.026182	1303.3
0.026206	1323.3
0.026215	1343.4
0.02621	1363.4
0.02619	1383.5
0.026156	1403.5
0.026108	1423.6
0.026046	1443.6
0.025971	1463.7
0.025882	1483.7
0.02578	1503.8
0.025665	1523.8
0.025539	1543.9
0.0254	1563.9
0.025249	1584
0.025087	1604
0.024914	1624.1
0.02473	1644.1
0.024537	1664.2
0.024333	1684.2
0.024119	1704.3
0.023897	1724.3
0.023666	1744.4
0.023427	1764.4
0.023179	1784.5
0.022925	1804.5
0.022663	1824.6
0.022394	1844.6
0.022119	1864.7
0.021839	1884.7
0.021552	1904.8
0.021261	1924.8
0.020965	1944.9
0.020665	1964.9
0.02036	1985
0.020053	2005
0.019742	2025.1
0.019428	2045.1
0.019112	2065.2
0.018794	2085.2
0.018474	2105.3
0.018152	2125.3
0.01783	2145.4
0.017506	2165.4
0.017183	2185.5
0.016859	2205.5
0.016535	2225.6
0.016211	2245.6
0.015889	2265.7
0.015567	2285.7
0.015246	2305.8
0.014927	2325.8
0.014609	2345.9
0.014294	2365.9
0.01398	2386
0.013669	2406
0.01336	2426.1
0.013053	2446.1
0.01275	2466.2
0.01245	2486.2
0.012152	2506.3
0.011858	2526.3
0.011568	2546.4
0.011281	2566.4
0.010997	2586.5
0.010718	2606.5
0.010442	2626.6
0.01017	2646.6
0.0099024	2666.7
0.0096388	2686.7
0.0093793	2706.8
0.0091241	2726.8
0.0088732	2746.9
0.0086267	2766.9
0.0083845	2787
0.0081467	2807
0.0079134	2827.1
0.0076845	2847.1
0.0074602	2867.2
0.0072403	2887.2
0.0070249	2907.3
0.006814	2927.3
0.0066076	2947.4
0.0064056	2967.4
0.0062081	2987.5
0.006015	3007.5
0.0058264	3027.6
0.0056421	3047.6
0.0054622	3067.7
0.0052866	3087.7
0.0051152	3107.8
0.0049481	3127.8
0.0047852	3147.9
0.0046265	3167.9
0.0044718	3188
0.0043212	3208
0.0041746	3228.1
0.004032	3248.1
0.0038932	3268.2
0.0037582	3288.2
0.003627	3308.3
0.0034995	3328.3
0.0033756	3348.4
0.0032553	3368.4
0.0031385	3388.5
0.0030251	3408.5
0.0029152	3428.6
0.0028085	3448.6
0.0027051	3468.7
0.0026048	3488.7
0.0025077	3508.8
0.0024136	3528.8
0.0023225	3548.9
0.0022343	3568.9
0.002149	3589
0.0020664	3609
0.0019865	3629.1
0.0019093	3649.1
0.0018346	3669.2
0.0017625	3689.2
0.0016928	3709.3
0.0016254	3729.3
0.0015604	3749.4
0.0014977	3769.4
0.0014372	3789.5
0.0013788	3809.5
0.0013225	3829.6
0.0012682	3849.6
0.0012158	3869.7
0.0011654	3889.7
0.0011168	3909.8
0.00107	3929.8
0.0010249	3949.9
0.00098156	3969.9
0.00093982	3990
0.00089966	4010
0.00086103	4030.1
0.00082388	4050.1
0.00078817	4070.2
0.00075385	4090.2
0.00072087	4110.3
0.0006892	4130.3
0.00065877	4150.4
0.00062956	4170.4
0.00060152	4190.5
0.00057462	4210.5
0.0005488	4230.6
0.00052404	4250.6
0.00050029	4270.7
0.00047752	4290.7
0.0004557	4310.8
0.00043479	4330.8
0.00041476	4350.9
0.00039557	4370.9
0.00037719	4391
0.0003596	4411
0.00034276	4431.1
0.00032664	4451.1
0.00031123	4471.2
0.00029648	4491.2
0.00028238	4511.3
0.0002689	4531.3
0.00025601	4551.4
0.00024369	4571.4
0.00023193	4591.5
0.00022069	4611.5
0.00020995	4631.6
0.0001997	4651.6
0.00018991	4671.7
0.00018058	4691.7
0.00017166	4711.8
0.00016316	4731.8
0.00015505	4751.9
0.00014732	4771.9
0.00013995	4792
0.00013292	4812
0.00012622	4832.1
0.00011984	4852.1
0.00011376	4872.2
0.00010797	4892.2
0.00010246	4912.3
9.7206e-05	4932.3
9.2209e-05	4952.4
8.7453e-05	4972.4
8.2928e-05	4992.5
7.8623e-05	5012.5
7.4529e-05	5032.6
7.0635e-05	5052.6
6.6933e-05	5072.7
6.3414e-05	5092.7
6.0069e-05	5112.8
5.6891e-05	5132.8
5.3872e-05	5152.9
5.1004e-05	5172.9
4.828e-05	5193
4.5694e-05	5213
4.3239e-05	5233.1
4.0909e-05	5253.1
3.8698e-05	5273.2
3.66e-05	5293.2
3.461e-05	5313.3
3.2723e-05	5333.3
3.0933e-05	5353.4
2.9236e-05	5373.4
2.7628e-05	5393.5
2.6104e-05	5413.5
2.4659e-05	5433.6
2.3291e-05	5453.6
2.1995e-05	5473.7
2.0767e-05	5493.7
1.9605e-05	5513.8
1.8504e-05	5533.8
1.7463e-05	5553.9
1.6477e-05	5573.9
1.5544e-05	5594
1.4662e-05	5614
1.3827e-05	5634.1
1.3038e-05	5654.1
1.2292e-05	5674.2
1.1586e-05	5694.2
1.092e-05	5714.3
1.029e-05	5734.3
9.6944e-06	5754.4
9.1321e-06	5774.4
8.601e-06	5794.5
8.0996e-06	5814.5
7.6261e-06	5834.6
7.1792e-06	5854.6
6.7573e-06	5874.7
6.3593e-06	5894.7
5.9837e-06	5914.8
5.6295e-06	5934.8
5.2954e-06	5954.9
4.9803e-06	5974.9
4.6832e-06	5995
4.4032e-06	6015
4.1393e-06	6035.1
3.8906e-06	6055.1
3.6562e-06	6075.2
3.4355e-06	6095.2
3.2276e-06	6115.3
3.0318e-06	6135.3
2.8474e-06	6155.4
2.6738e-06	6175.4
2.5105e-06	6195.5
2.3568e-06	6215.5
2.2121e-06	6235.6
2.076e-06	6255.6
1.948e-06	6275.7
1.8276e-06	6295.7
1.7144e-06	6315.8
1.608e-06	6335.8
1.508e-06	6355.9
1.4139e-06	6375.9
1.3256e-06	6396
1.2425e-06	6416
1.1646e-06	6436.1
1.0913e-06	6456.1
1.0225e-06	6476.2
9.579e-07	6496.2
8.9726e-07	6516.3
8.4033e-07	6536.3
7.869e-07	6556.4
7.3676e-07	6576.4
6.8972e-07	6596.5
6.4558e-07	6616.5
6.0419e-07	6636.6
5.6537e-07	6656.6
5.2897e-07	6676.7
4.9484e-07	6696.7
4.6285e-07	6716.8
4.3287e-07	6736.8
4.0477e-07	6756.9
3.7845e-07	6776.9
3.5378e-07	6797
3.3068e-07	6817
3.0905e-07	6837.1
2.8879e-07	6857.1
2.6982e-07	6877.2
2.5206e-07	6897.2
2.3544e-07	6917.3
2.1988e-07	6937.3
2.0533e-07	6957.4
1.9171e-07	6977.4
1.7897e-07	6997.5
1.6706e-07	7017.5
1.5591e-07	7037.6
1.455e-07	7057.6
1.3576e-07	7077.7
1.2665e-07	7097.7
1.1814e-07	7117.8
1.1019e-07	7137.8
1.0276e-07	7157.9
9.5817e-08	7177.9
8.9332e-08	7198
8.3277e-08	7218
7.7621e-08	7238.1
7.2341e-08	7258.1
6.7412e-08	7278.2
6.2811e-08	7298.2
5.8517e-08	7318.3
5.451e-08	7338.3
5.0771e-08	7358.4
4.7284e-08	7378.4
4.4031e-08	7398.5
4.0997e-08	7418.5
3.8169e-08	7438.6
3.5532e-08	7458.6
3.3074e-08	7478.7
3.0784e-08	7498.7
2.8649e-08	7518.8
2.6661e-08	7538.8
2.4809e-08	7558.9
2.3084e-08	7578.9
2.1477e-08	7599
1.9982e-08	7619
1.8591e-08	7639.1
1.7296e-08	7659.1
1.6092e-08	7679.2
1.4971e-08	7699.2
1.393e-08	7719.3
1.2962e-08	7739.3
1.2063e-08	7759.4
1.1228e-08	7779.4
1.0453e-08	7799.5
9.7334e-09	7819.5
9.0664e-09	7839.6
8.4482e-09	7859.6
7.8757e-09	7879.7
7.3459e-09	7899.7
6.8561e-09	7919.8
6.4037e-09	7939.8
5.9863e-09	7959.9
5.6019e-09	7979.9
5.4208e-09	7990
