2.0612e-10	0
6.941e-05	3.1305
0.00013882	6.261
0.00020825	9.3915
0.00027768	12.522
0.00034713	15.653
0.00041661	18.783
0.00048611	21.914
0.00055564	25.044
0.00062521	28.175
0.00069481	31.305
0.00076446	34.436
0.00083415	37.566
0.0009039	40.697
0.0009737	43.827
0.0010436	46.958
0.0011135	50.088
0.0011835	53.219
0.0012536	56.349
0.0013237	59.48
0.0013939	62.61
0.0014642	65.741
0.0015346	68.871
0.0016051	72.002
0.0016757	75.132
0.0017464	78.263
0.0018172	81.393
0.0018881	84.524
0.0019591	87.654
0.0020303	90.785
0.0021015	93.915
0.0021729	97.046
0.0022444	100.18
0.002316	103.31
0.0023878	106.44
0.0024597	109.57
0.0025317	112.7
0.0026039	115.83
0.0026762	118.96
0.0027487	122.09
0.0028213	125.22
0.0028941	128.35
0.002967	131.48
0.0030401	134.61
0.0031134	137.74
0.0031869	140.87
0.0032605	144
0.0033343	147.13
0.0034082	150.26
0.0034824	153.39
0.0035567	156.53
0.0036312	159.66
0.0037059	162.79
0.0037808	165.92
0.0038559	169.05
0.0039312	172.18
0.0040067	175.31
0.0040824	178.44
0.0041583	181.57
0.0042343	184.7
0.0043106	187.83
0.0043872	190.96
0.0044639	194.09
0.0045408	197.22
0.0046179	200.35
0.0046953	203.48
0.0047729	206.61
0.0048506	209.74
0.0049286	212.87
0.0050068	216
0.0050852	219.14
0.0051638	222.27
0.0052426	225.4
0.0053217	228.53
0.0054009	231.66
0.0054803	234.79
0.00556	237.92
0.0056398	241.05
0.0057198	244.18
0.0058001	247.31
0.0058805	250.44
0.0059611	253.57
0.0060419	256.7
0.0061229	259.83
0.006204	262.96
0.0062854	266.09
0.0063669	269.22
0.0064485	272.35
0.0065304	275.48
0.0066124	278.61
0.0066945	281.75
0.0067769	284.88
0.0068593	288.01
0.0069419	291.14
0.0070247	294.27
0.0071076	297.4
0.0071906	300.53
0.0072737	303.66
0.007357	306.79
0.0074403	309.92
0.0075238	313.05
0.0076074	316.18
0.0076911	319.31
0.0077749	322.44
0.0078588	325.57
0.0079428	328.7
0.0080269	331.83
0.0081111	334.96
0.0081953	338.09
0.0082796	341.22
0.008364	344.36
0.0084484	347.49
0.0085329	350.62
0.0086174	353.75
0.008702	356.88
0.0087866	360.01
0.0088713	363.14
0.008956	366.27
0.0090407	369.4
0.0091255	372.53
0.0092102	375.66
0.009295	378.79
0.0093798	381.92
0.0094647	385.05
0.0095495	388.18
0.0096343	391.31
0.0097191	394.44
0.009804	397.57
0.0098888	400.7
0.0099736	403.84
0.010058	406.97
0.010143	410.1
0.010228	413.23
0.010312	416.36
0.010397	419.49
0.010482	422.62
0.010566	425.75
0.010651	428.88
0.010735	432.01
0.01082	435.14
0.010904	438.27
0.010988	441.4
0.011073	444.53
0.011157	447.66
0.011241	450.79
0.011325	453.92
0.011409	457.05
0.011493	460.18
0.011577	463.31
0.011661	466.45
0.011745	469.58
0.011828	472.71
0.011912	475.84
0.011995	478.97
0.012079	482.1
0.012162	485.23
0.012245	488.36
0.012328	491.49
0.012411	494.62
0.012494	497.75
0.012577	500.88
0.01266	504.01
0.012742	507.14
0.012825	510.27
0.012907	513.4
0.01299	516.53
0.013072	519.66
0.013154	522.79
0.013236	525.92
0.013318	529.06
0.013399	532.19
0.013481	535.32
0.013562	538.45
0.013644	541.58
0.013725	544.71
0.013806	547.84
0.013887	550.97
0.013967	554.1
0.014048	557.23
0.014129	560.36
0.014209	563.49
0.014289	566.62
0.014369	569.75
0.014449	572.88
0.014529	576.01
0.014608	579.14
0.014688	582.27
0.014767	585.4
0.014846	588.53
0.014925	591.67
0.015004	594.8
0.015083	597.93
0.015161	601.06
0.01524	604.19
0.015318	607.32
0.015396	610.45
0.015473	613.58
0.015551	616.71
0.015628	619.84
0.015706	622.97
0.015783	626.1
0.01586	629.23
0.015936	632.36
0.016013	635.49
0.016089	638.62
0.016165	641.75
0.016241	644.88
0.016317	648.01
0.016392	651.14
0.016468	654.28
0.016543	657.41
0.016618	660.54
0.016693	663.67
0.016767	666.8
0.016841	669.93
0.016916	673.06
0.016989	676.19
0.017063	679.32
0.017137	682.45
0.01721	685.58
0.017283	688.71
0.017356	691.84
0.017428	694.97
0.0175	698.1
0.017573	701.23
0.017644	704.36
0.017716	707.49
0.017787	710.62
0.017859	713.76
0.01793	716.89
0.018	720.02
0.018071	723.15
0.018141	726.28
0.018211	729.41
0.018281	732.54
0.01835	735.67
0.018419	738.8
0.018488	741.93
0.018557	745.06
0.018626	748.19
0.018694	751.32
0.018762	754.45
0.018829	757.58
0.018897	760.71
0.018964	763.84
0.019031	766.97
0.019098	770.1
0.019164	773.23
0.01923	776.37
0.019296	779.5
0.019362	782.63
0.019427	785.76
0.019492	788.89
0.019557	792.02
0.019621	795.15
0.019685	798.28
0.019749	801.41
0.019813	804.54
0.019876	807.67
0.019939	810.8
0.020002	813.93
0.020064	817.06
0.020127	820.19
0.020188	823.32
0.02025	826.45
0.020311	829.58
0.020372	832.71
0.020433	835.84
0.020493	838.98
0.020554	842.11
0.020613	845.24
0.020673	848.37
0.020732	851.5
0.020791	854.63
0.02085	857.76
0.020908	860.89
0.020966	864.02
0.021023	867.15
0.021081	870.28
0.021138	873.41
0.021195	876.54
0.021251	879.67
0.021307	882.8
0.021363	885.93
0.021418	889.06
0.021473	892.19
0.021528	895.32
0.021583	898.45
0.021637	901.59
0.021691	904.72
0.021744	907.85
0.021797	910.98
0.02185	914.11
0.021903	917.24
0.021955	920.37
0.022007	923.5
0.022058	926.63
0.02211	929.76
0.02216	932.89
0.022211	936.02
0.022261	939.15
0.022311	942.28
0.02236	945.41
0.02241	948.54
0.022458	951.67
0.022507	954.8
0.022555	957.93
0.022603	961.06
0.02265	964.2
0.022698	967.33
0.022744	970.46
0.022791	973.59
0.022837	976.72
0.022883	979.85
0.022928	982.98
0.022973	986.11
0.023018	989.24
0.023062	992.37
0.023106	995.5
0.02315	998.63
0.023193	1001.8
0.023236	1004.9
0.023279	1008
0.023321	1011.2
0.023363	1014.3
0.023404	1017.4
0.023445	1020.5
0.023486	1023.7
0.023527	1026.8
0.023567	1029.9
0.023607	1033.1
0.023646	1036.2
0.023685	1039.3
0.023724	1042.5
0.023762	1045.6
0.0238	1048.7
0.023837	1051.8
0.023875	1055
0.023911	1058.1
0.023948	1061.2
0.023984	1064.4
0.02402	1067.5
0.024055	1070.6
0.02409	1073.8
0.024125	1076.9
0.024159	1080
0.024193	1083.2
0.024227	1086.3
0.02426	1089.4
0.024293	1092.5
0.024325	1095.7
0.024357	1098.8
0.024389	1101.9
0.02442	1105.1
0.024451	1108.2
0.024482	1111.3
0.024512	1114.5
0.024542	1117.6
0.024572	1120.7
0.024601	1123.9
0.02463	1127
0.024658	1130.1
0.024686	1133.2
0.024714	1136.4
0.024741	1139.5
0.024768	1142.6
0.024794	1145.8
0.024821	1148.9
0.024847	1152
0.024872	1155.2
0.024897	1158.3
0.024922	1161.4
0.024946	1164.5
0.02497	1167.7
0.024994	1170.8
0.025017	1173.9
0.02504	1177.1
0.025062	1180.2
0.025085	1183.3
0.025106	1186.5
0.025128	1189.6
0.025149	1192.7
0.025169	1195.9
0.02519	1199
0.02521	1202.1
0.025229	1205.2
0.025248	1208.4
0.025267	1211.5
0.025286	1214.6
0.025304	1217.8
0.025322	1220.9
0.025339	1224
0.025356	1227.2
0.025373	1230.3
0.025389	1233.4
0.025405	1236.5
0.02542	1239.7
0.025435	1242.8
0.02545	1245.9
0.025465	1249.1
0.025479	1252.2
0.025492	1255.3
0.025506	1258.5
0.025519	1261.6
0.025531	1264.7
0.025544	1267.9
0.025556	1271
0.025567	1274.1
0.025578	1277.2
0.025589	1280.4
0.0256	1283.5
0.02561	1286.6
0.025619	1289.8
0.025629	1292.9
0.025638	1296
0.025647	1299.2
0.025655	1302.3
0.025663	1305.4
0.02567	1308.6
0.025678	1311.7
0.025685	1314.8
0.025691	1317.9
0.025697	1321.1
0.025703	1324.2
0.025709	1327.3
0.025714	1330.5
0.025719	1333.6
0.025723	1336.7
0.025727	1339.9
0.025731	1343
0.025734	1346.1
0.025737	1349.2
0.02574	1352.4
0.025742	1355.5
0.025744	1358.6
0.025746	1361.8
0.025747	1364.9
0.025748	1368
0.025749	1371.2
0.025749	1374.3
0.025749	1377.4
0.025749	1380.6
0.025748	1383.7
0.025747	1386.8
0.025745	1389.9
0.025744	1393.1
0.025742	1396.2
0.025739	1399.3
0.025736	1402.5
0.025733	1405.6
0.02573	1408.7
0.025726	1411.9
0.025722	1415
0.025718	1418.1
0.025713	1421.2
0.025708	1424.4
0.025702	1427.5
0.025697	1430.6
0.02569	1433.8
0.025684	1436.9
0.025677	1440
0.02567	1443.2
0.025663	1446.3
0.025655	1449.4
0.025647	1452.6
0.025639	1455.7
0.02563	1458.8
0.025621	1461.9
0.025612	1465.1
0.025602	1468.2
0.025593	1471.3
0.025582	1474.5
0.025572	1477.6
0.025561	1480.7
0.02555	1483.9
0.025538	1487
0.025527	1490.1
0.025514	1493.3
0.025502	1496.4
0.025489	1499.5
0.025476	1502.6
0.025463	1505.8
0.025449	1508.9
0.025436	1512
0.025421	1515.2
0.025407	1518.3
0.025392	1521.4
0.025377	1524.6
0.025361	1527.7
0.025346	1530.8
0.02533	1533.9
0.025313	1537.1
0.025297	1540.2
0.02528	1543.3
0.025263	1546.5
0.025245	1549.6
0.025228	1552.7
0.02521	1555.9
0.025191	1559
0.025173	1562.1
0.025154	1565.3
0.025135	1568.4
0.025115	1571.5
0.025096	1574.6
0.025076	1577.8
0.025055	1580.9
0.025035	1584
0.025014	1587.2
0.024993	1590.3
0.024971	1593.4
0.02495	1596.6
0.024928	1599.7
0.024906	1602.8
0.024883	1605.9
0.024861	1609.1
0.024838	1612.2
0.024814	1615.3
0.024791	1618.5
0.024767	1621.6
0.024743	1624.7
0.024719	1627.9
0.024694	1631
0.02467	1634.1
0.024644	1637.3
0.024619	1640.4
0.024594	1643.5
0.024568	1646.6
0.024542	1649.8
0.024515	1652.9
0.024489	1656
0.024462	1659.2
0.024435	1662.3
0.024408	1665.4
0.02438	1668.6
0.024352	1671.7
0.024324	1674.8
0.024296	1678
0.024268	1681.1
0.024239	1684.2
0.02421	1687.3
0.024181	1690.5
0.024152	1693.6
0.024122	1696.7
0.024092	1699.9
0.024062	1703
0.024032	1706.1
0.024001	1709.3
0.02397	1712.4
0.023939	1715.5
0.023908	1718.6
0.023877	1721.8
0.023845	1724.9
0.023813	1728
0.023781	1731.2
0.023749	1734.3
0.023716	1737.4
0.023684	1740.6
0.023651	1743.7
0.023618	1746.8
0.023584	1750
0.023551	1753.1
0.023517	1756.2
0.023483	1759.3
0.023449	1762.5
0.023415	1765.6
0.02338	1768.7
0.023345	1771.9
0.02331	1775
0.023275	1778.1
0.02324	1781.3
0.023204	1784.4
0.023169	1787.5
0.023133	1790.6
0.023097	1793.8
0.023061	1796.9
0.023024	1800
0.022987	1803.2
0.022951	1806.3
0.022914	1809.4
0.022877	1812.6
0.022839	1815.7
0.022802	1818.8
0.022764	1822
0.022726	1825.1
0.022688	1828.2
0.02265	1831.3
0.022612	1834.5
0.022573	1837.6
0.022534	1840.7
0.022496	1843.9
0.022457	1847
0.022417	1850.1
0.022378	1853.3
0.022339	1856.4
0.022299	1859.5
0.022259	1862.7
0.022219	1865.8
0.022179	1868.9
0.022139	1872
0.022098	1875.2
0.022058	1878.3
0.022017	1881.4
0.021976	1884.6
0.021935	1887.7
0.021894	1890.8
0.021853	1894
0.021812	1897.1
0.02177	1900.2
0.021729	1903.3
0.021687	1906.5
0.021645	1909.6
0.021603	1912.7
0.021561	1915.9
0.021518	1919
0.021476	1922.1
0.021433	1925.3
0.02139	1928.4
0.021348	1931.5
0.021305	1934.7
0.021262	1937.8
0.021219	1940.9
0.021175	1944
0.021132	1947.2
0.021088	1950.3
0.021045	1953.4
0.021001	1956.6
0.020957	1959.7
0.020913	1962.8
0.020869	1966
0.020825	1969.1
0.020781	1972.2
0.020736	1975.3
0.020692	1978.5
0.020647	1981.6
0.020602	1984.7
0.020558	1987.9
0.020513	1991
0.020468	1994.1
0.020423	1997.3
0.020378	2000.4
0.020332	2003.5
0.020287	2006.7
0.020242	2009.8
0.020196	2012.9
0.020151	2016
0.020105	2019.2
0.020059	2022.3
0.020014	2025.4
0.019968	2028.6
0.019922	2031.7
0.019876	2034.8
0.019829	2038
0.019783	2041.1
0.019737	2044.2
0.019691	2047.3
0.019644	2050.5
0.019598	2053.6
0.019551	2056.7
0.019505	2059.9
0.019458	2063
0.019411	2066.1
0.019365	2069.3
0.019318	2072.4
0.019271	2075.5
0.019224	2078.7
0.019177	2081.8
0.01913	2084.9
0.019083	2088
0.019036	2091.2
0.018988	2094.3
0.018941	2097.4
0.018894	2100.6
0.018846	2103.7
0.018799	2106.8
0.018752	2110
0.018704	2113.1
0.018656	2116.2
0.018609	2119.4
0.018561	2122.5
0.018514	2125.6
0.018466	2128.7
0.018418	2131.9
0.018371	2135
0.018323	2138.1
0.018275	2141.3
0.018227	2144.4
0.018179	2147.5
0.018131	2150.7
0.018083	2153.8
0.018035	2156.9
0.017987	2160
0.017939	2163.2
0.017891	2166.3
0.017843	2169.4
0.017795	2172.6
0.017747	2175.7
0.017699	2178.8
0.017651	2182
0.017603	2185.1
0.017555	2188.2
0.017507	2191.4
0.017459	2194.5
0.01741	2197.6
0.017362	2200.7
0.017314	2203.9
0.017266	2207
0.017218	2210.1
0.01717	2213.3
0.017121	2216.4
0.017073	2219.5
0.017025	2222.7
0.016977	2225.8
0.016929	2228.9
0.016881	2232
0.016832	2235.2
0.016784	2238.3
0.016736	2241.4
0.016688	2244.6
0.01664	2247.7
0.016592	2250.8
0.016544	2254
0.016495	2257.1
0.016447	2260.2
0.016399	2263.4
0.016351	2266.5
0.016303	2269.6
0.016255	2272.7
0.016207	2275.9
0.016159	2279
0.016111	2282.1
0.016063	2285.3
0.016015	2288.4
0.015967	2291.5
0.015919	2294.7
0.015872	2297.8
0.015824	2300.9
0.015776	2304.1
0.015728	2307.2
0.01568	2310.3
0.015633	2313.4
0.015585	2316.6
0.015537	2319.7
0.01549	2322.8
0.015442	2326
0.015395	2329.1
0.015347	2332.2
0.0153	2335.4
0.015252	2338.5
0.015205	2341.6
0.015157	2344.7
0.01511	2347.9
0.015063	2351
0.015016	2354.1
0.014968	2357.3
0.014921	2360.4
0.014874	2363.5
0.014827	2366.7
0.01478	2369.8
0.014733	2372.9
0.014686	2376.1
0.014639	2379.2
0.014593	2382.3
0.014546	2385.4
0.014499	2388.6
0.014452	2391.7
0.014406	2394.8
0.014359	2398
0.014313	2401.1
0.014266	2404.2
0.01422	2407.4
0.014174	2410.5
0.014127	2413.6
0.014081	2416.7
0.014035	2419.9
0.013989	2423
0.013943	2426.1
0.013897	2429.3
0.013851	2432.4
0.013805	2435.5
0.01376	2438.7
0.013714	2441.8
0.013668	2444.9
0.013623	2448.1
0.013577	2451.2
0.013532	2454.3
0.013486	2457.4
0.013441	2460.6
0.013396	2463.7
0.013351	2466.8
0.013306	2470
0.013261	2473.1
0.013216	2476.2
0.013171	2479.4
0.013126	2482.5
0.013081	2485.6
0.013037	2488.8
0.012992	2491.9
0.012948	2495
0.012903	2498.1
0.012859	2501.3
0.012815	2504.4
0.01277	2507.5
0.012726	2510.7
0.012682	2513.8
0.012638	2516.9
0.012595	2520.1
0.012551	2523.2
0.012507	2526.3
0.012463	2529.4
0.01242	2532.6
0.012377	2535.7
0.012333	2538.8
0.01229	2542
0.012247	2545.1
0.012204	2548.2
0.012161	2551.4
0.012118	2554.5
0.012075	2557.6
0.012032	2560.8
0.01199	2563.9
0.011947	2567
0.011905	2570.1
0.011862	2573.3
0.01182	2576.4
0.011778	2579.5
0.011736	2582.7
0.011694	2585.8
0.011652	2588.9
0.01161	2592.1
0.011568	2595.2
0.011526	2598.3
0.011485	2601.4
0.011444	2604.6
0.011402	2607.7
0.011361	2610.8
0.01132	2614
0.011279	2617.1
0.011238	2620.2
0.011197	2623.4
0.011156	2626.5
0.011116	2629.6
0.011075	2632.8
0.011035	2635.9
0.010994	2639
0.010954	2642.1
0.010914	2645.3
0.010874	2648.4
0.010834	2651.5
0.010794	2654.7
0.010754	2657.8
0.010715	2660.9
0.010675	2664.1
0.010636	2667.2
0.010596	2670.3
0.010557	2673.5
0.010518	2676.6
0.010479	2679.7
0.01044	2682.8
0.010401	2686
0.010363	2689.1
0.010324	2692.2
0.010286	2695.4
0.010247	2698.5
0.010209	2701.6
0.010171	2704.8
0.010133	2707.9
0.010095	2711
0.010057	2714.1
0.010019	2717.3
0.0099817	2720.4
0.0099442	2723.5
0.0099069	2726.7
0.0098696	2729.8
0.0098324	2732.9
0.0097954	2736.1
0.0097585	2739.2
0.0097216	2742.3
0.0096849	2745.5
0.0096483	2748.6
0.0096118	2751.7
0.0095755	2754.8
0.0095392	2758
0.009503	2761.1
0.009467	2764.2
0.0094311	2767.4
0.0093953	2770.5
0.0093596	2773.6
0.009324	2776.8
0.0092885	2779.9
0.0092532	2783
0.009218	2786.1
0.0091828	2789.3
0.0091478	2792.4
0.009113	2795.5
0.0090782	2798.7
0.0090435	2801.8
0.009009	2804.9
0.0089746	2808.1
0.0089403	2811.2
0.0089061	2814.3
0.008872	2817.5
0.008838	2820.6
0.0088042	2823.7
0.0087705	2826.8
0.0087369	2830
0.0087034	2833.1
0.00867	2836.2
0.0086368	2839.4
0.0086036	2842.5
0.0085706	2845.6
0.0085377	2848.8
0.008505	2851.9
0.0084723	2855
0.0084398	2858.2
0.0084074	2861.3
0.0083751	2864.4
0.0083429	2867.5
0.0083108	2870.7
0.0082789	2873.8
0.0082471	2876.9
0.0082154	2880.1
0.0081838	2883.2
0.0081523	2886.3
0.008121	2889.5
0.0080898	2892.6
0.0080587	2895.7
0.0080277	2898.8
0.0079968	2902
0.0079661	2905.1
0.0079355	2908.2
0.007905	2911.4
0.0078746	2914.5
0.0078444	2917.6
0.0078142	2920.8
0.0077842	2923.9
0.0077543	2927
0.0077246	2930.2
0.0076949	2933.3
0.0076654	2936.4
0.007636	2939.5
0.0076067	2942.7
0.0075776	2945.8
0.0075485	2948.9
0.0075196	2952.1
0.0074908	2955.2
0.0074621	2958.3
0.0074336	2961.5
0.0074052	2964.6
0.0073769	2967.7
0.0073487	2970.8
0.0073206	2974
0.0072927	2977.1
0.0072649	2980.2
0.0072372	2983.4
0.0072096	2986.5
0.0071822	2989.6
0.0071548	2992.8
0.0071276	2995.9
0.0071006	2999
0.0070736	3002.2
0.0070468	3005.3
0.0070201	3008.4
0.0069935	3011.5
0.006967	3014.7
0.0069407	3017.8
0.0069144	3020.9
0.0068883	3024.1
0.0068624	3027.2
0.0068365	3030.3
0.0068108	3033.5
0.0067852	3036.6
0.0067597	3039.7
0.0067343	3042.9
0.0067091	3046
0.006684	3049.1
0.006659	3052.2
0.0066341	3055.4
0.0066094	3058.5
0.0065848	3061.6
0.0065603	3064.8
0.0065359	3067.9
0.0065117	3071
0.0064875	3074.2
0.0064635	3077.3
0.0064396	3080.4
0.0064159	3083.5
0.0063922	3086.7
0.0063687	3089.8
0.0063453	3092.9
0.0063221	3096.1
0.0062989	3099.2
0.0062759	3102.3
0.006253	3105.5
0.0062302	3108.6
0.0062076	3111.7
0.0061851	3114.9
0.0061627	3118
0.0061404	3121.1
0.0061182	3124.2
0.0060962	3127.4
0.0060743	3130.5
0.0060525	3133.6
0.0060308	3136.8
0.0060093	3139.9
0.0059878	3143
0.0059665	3146.2
0.0059454	3149.3
0.0059243	3152.4
0.0059034	3155.5
0.0058826	3158.7
0.0058619	3161.8
0.0058413	3164.9
0.0058209	3168.1
0.0058006	3171.2
0.0057804	3174.3
0.0057603	3177.5
0.0057404	3180.6
0.0057206	3183.7
0.0057009	3186.9
0.0056813	3190
0.0056618	3193.1
0.0056425	3196.2
0.0056233	3199.4
0.0056042	3202.5
0.0055852	3205.6
0.0055664	3208.8
0.0055477	3211.9
0.0055291	3215
0.0055106	3218.2
0.0054922	3221.3
0.005474	3224.4
0.0054559	3227.6
0.0054379	3230.7
0.00542	3233.8
0.0054023	3236.9
0.0053847	3240.1
0.0053672	3243.2
0.0053498	3246.3
0.0053325	3249.5
0.0053154	3252.6
0.0052984	3255.7
0.0052815	3258.9
0.0052648	3262
0.0052481	3265.1
0.0052316	3268.2
0.0052152	3271.4
0.0051989	3274.5
0.0051828	3277.6
0.0051667	3280.8
0.0051508	3283.9
0.005135	3287
0.0051194	3290.2
0.0051038	3293.3
0.0050884	3296.4
0.0050731	3299.6
0.0050579	3302.7
0.0050429	3305.8
0.0050279	3308.9
0.0050131	3312.1
0.0049984	3315.2
0.0049839	3318.3
0.0049694	3321.5
0.0049551	3324.6
0.0049409	3327.7
0.0049268	3330.9
0.0049129	3334
0.004899	3337.1
0.0048853	3340.2
0.0048717	3343.4
0.0048583	3346.5
0.0048449	3349.6
0.0048317	3352.8
0.0048186	3355.9
0.0048056	3359
0.0047928	3362.2
0.00478	3365.3
0.0047674	3368.4
0.0047549	3371.6
0.0047426	3374.7
0.0047303	3377.8
0.0047182	3380.9
0.0047062	3384.1
0.0046943	3387.2
0.0046825	3390.3
0.0046709	3393.5
0.0046594	3396.6
0.004648	3399.7
0.0046367	3402.9
0.0046256	3406
0.0046146	3409.1
0.0046037	3412.2
0.0045929	3415.4
0.0045822	3418.5
0.0045717	3421.6
0.0045613	3424.8
0.004551	3427.9
0.0045409	3431
0.0045308	3434.2
0.0045209	3437.3
0.0045111	3440.4
0.0045014	3443.6
0.0044919	3446.7
0.0044825	3449.8
0.0044732	3452.9
0.004464	3456.1
0.0044549	3459.2
0.004446	3462.3
0.0044372	3465.5
0.0044285	3468.6
0.0044199	3471.7
0.0044115	3474.9
0.0044032	3478
0.004395	3481.1
0.0043869	3484.3
0.004379	3487.4
0.0043712	3490.5
0.0043635	3493.6
0.0043559	3496.8
0.0043485	3499.9
0.0043412	3503
0.004334	3506.2
0.0043269	3509.3
0.00432	3512.4
0.0043131	3515.6
0.0043064	3518.7
0.0042999	3521.8
0.0042934	3524.9
0.0042871	3528.1
0.0042809	3531.2
0.0042749	3534.3
0.0042689	3537.5
0.0042631	3540.6
0.0042574	3543.7
0.0042518	3546.9
0.0042464	3550
0.0042411	3553.1
0.0042359	3556.3
0.0042309	3559.4
0.0042259	3562.5
0.0042211	3565.6
0.0042165	3568.8
0.0042119	3571.9
0.0042075	3575
0.0042032	3578.2
0.004199	3581.3
0.004195	3584.4
0.0041911	3587.6
0.0041873	3590.7
0.0041837	3593.8
0.0041801	3596.9
0.0041767	3600.1
0.0041735	3603.2
0.0041703	3606.3
0.0041673	3609.5
0.0041645	3612.6
0.0041617	3615.7
0.0041591	3618.9
0.0041566	3622
0.0041543	3625.1
0.004152	3628.3
0.00415	3631.4
0.004148	3634.5
0.0041462	3637.6
0.0041445	3640.8
0.0041429	3643.9
0.0041415	3647
0.0041402	3650.2
0.004139	3653.3
0.004138	3656.4
0.0041371	3659.6
0.0041363	3662.7
0.0041357	3665.8
0.0041352	3669
0.0041348	3672.1
0.0041346	3675.2
0.0041345	3678.3
0.0041346	3681.5
0.0041348	3684.6
0.0041351	3687.7
0.0041355	3690.9
0.0041361	3694
0.0041369	3697.1
0.0041377	3700.3
0.0041387	3703.4
0.0041399	3706.5
0.0041412	3709.6
0.0041426	3712.8
0.0041442	3715.9
0.0041459	3719
0.0041477	3722.2
0.0041497	3725.3
0.0041518	3728.4
0.0041541	3731.6
0.0041565	3734.7
0.004159	3737.8
0.0041617	3741
0.0041646	3744.1
0.0041675	3747.2
0.0041706	3750.3
0.0041739	3753.5
0.0041773	3756.6
0.0041809	3759.7
0.0041846	3762.9
0.0041884	3766
0.0041924	3769.1
0.0041966	3772.3
0.0042008	3775.4
0.0042053	3778.5
0.0042099	3781.6
0.0042146	3784.8
0.0042195	3787.9
0.0042245	3791
0.0042297	3794.2
0.004235	3797.3
0.0042405	3800.4
0.0042461	3803.6
0.0042519	3806.7
0.0042578	3809.8
0.0042639	3813
0.0042702	3816.1
0.0042766	3819.2
0.0042831	3822.3
0.0042898	3825.5
0.0042967	3828.6
0.0043037	3831.7
0.0043109	3834.9
0.0043183	3838
0.0043257	3841.1
0.0043334	3844.3
0.0043412	3847.4
0.0043492	3850.5
0.0043573	3853.7
0.0043656	3856.8
0.0043741	3859.9
0.0043827	3863
0.0043915	3866.2
0.0044004	3869.3
0.0044095	3872.4
0.0044188	3875.6
0.0044283	3878.7
0.0044379	3881.8
0.0044476	3885
0.0044576	3888.1
0.0044677	3891.2
0.004478	3894.3
0.0044884	3897.5
0.0044991	3900.6
0.0045099	3903.7
0.0045208	3906.9
0.004532	3910
