-5.8338e-16	0
0.00024562	20.05
0.0004931	40.1
0.00074421	60.15
0.0010005	80.201
0.0012636	100.25
0.0015348	120.3
0.0018156	140.35
0.0021077	160.4
0.0024127	180.45
0.0027321	200.5
0.0030672	220.55
0.003419	240.6
0.0037884	260.65
0.004176	280.7
0.0045823	300.75
0.0050075	320.8
0.005452	340.85
0.0059157	360.9
0.0063984	380.95
0.0069001	401
0.0074203	421.05
0.0079585	441.1
0.0085141	461.15
0.0090865	481.2
0.0096375	500
0.0096747	501.25
0.010278	521.3
0.010895	541.35
0.011525	561.4
0.012166	581.45
0.012817	601.5
0.013478	621.55
0.014146	641.6
0.01482	661.65
0.015499	681.7
0.016181	701.75
0.016866	721.8
0.017551	741.85
0.018235	761.9
0.018917	781.95
0.019596	802.01
0.02027	822.06
0.020937	842.11
0.021596	862.16
0.022246	882.21
0.022885	902.26
0.023511	922.31
0.024123	942.36
0.024719	962.41
0.025297	982.46
0.025856	1002.5
0.026394	1022.6
0.02691	1042.6
0.027401	1062.7
0.027866	1082.7
0.028304	1102.8
0.028712	1122.8
0.02909	1142.9
0.029436	1162.9
0.029749	1183
0.030028	1203
0.030272	1223.1
0.03048	1243.1
0.030651	1263.2
0.030785	1283.2
0.030883	1303.3
0.030942	1323.3
0.030965	1343.4
0.03095	1363.4
0.030899	1383.5
0.030811	1403.5
0.030688	1423.6
0.030529	1443.6
0.030337	1463.7
0.030112	1483.7
0.029855	1503.8
0.029568	1523.8
0.029251	1543.9
0.028907	1563.9
0.028535	1584
0.028139	1604
0.02772	1624.1
0.027279	1644.1
0.026817	1664.2
0.026336	1684.2
0.025839	1704.3
0.025326	1724.3
0.0248	1744.4
0.024261	1764.4
0.023711	1784.5
0.023153	1804.5
0.022586	1824.6
0.022014	1844.6
0.021437	1864.7
0.020857	1884.7
0.020275	1904.8
0.019692	1924.8
0.019109	1944.9
0.018528	1964.9
0.01795	1985
0.017375	2005
0.016805	2025.1
0.016241	2045.1
0.015683	2065.2
0.015132	2085.2
0.01459	2105.3
0.014055	2125.3
0.01353	2145.4
0.013015	2165.4
0.012509	2185.5
0.012015	2205.5
0.011531	2225.6
0.011059	2245.6
0.010598	2265.7
0.010149	2285.7
0.0097123	2305.8
0.0092876	2325.8
0.0088752	2345.9
0.0084751	2365.9
0.0080875	2386
0.0077123	2406
0.0073495	2426.1
0.0069991	2446.1
0.0066609	2466.2
0.0063347	2486.2
0.0060206	2506.3
0.0057183	2526.3
0.0054276	2546.4
0.0051485	2566.4
0.0048806	2586.5
0.0046237	2606.5
0.0043777	2626.6
0.0041422	2646.6
0.003917	2666.7
0.0037019	2686.7
0.0034966	2706.8
0.0033007	2726.8
0.0031141	2746.9
0.0029364	2766.9
0.0027673	2787
0.0026066	2807
0.0024541	2827.1
0.0023093	2847.1
0.0021721	2867.2
0.0020421	2887.2
0.0019191	2907.3
0.0018029	2927.3
0.001693	2947.4
0.0015894	2967.4
0.0014917	2987.5
0.0013997	3007.5
0.0013132	3027.6
0.0012318	3047.6
0.0011555	3067.7
0.0010839	3087.7
0.0010169	3107.8
0.00095431	3127.8
0.00089587	3147.9
0.00084142	3167.9
0.00079079	3188
0.00074381	3208
0.00070033	3228.1
0.00066019	3248.1
0.00062326	3268.2
0.00058941	3288.2
0.00055852	3308.3
0.00053048	3328.3
0.00050519	3348.4
0.00048256	3368.4
0.00046252	3388.5
0.00044498	3408.5
0.0004299	3428.6
0.00041723	3448.6
0.00040692	3468.7
0.00039896	3488.7
0.00039333	3508.8
0.00039003	3528.8
0.00038907	3548.9
0.00039047	3568.9
0.00039429	3589
0.00040057	3609
0.00040938	3629.1
0.00042083	3649.1
0.00042139	3650
