1.6743e-12	0
8.4231e-06	2.554
1.6853e-05	5.1081
2.5296e-05	7.6621
3.376e-05	10.216
4.225e-05	12.77
5.0775e-05	15.324
5.934e-05	17.878
6.7952e-05	20.432
7.6618e-05	22.986
8.5346e-05	25.54
9.4142e-05	28.094
0.00010301	30.649
0.00011196	33.203
0.000121	35.757
0.00013014	38.311
0.00013938	40.865
0.00014873	43.419
0.00015819	45.973
0.00016778	48.527
0.0001775	51.081
0.00018736	53.635
0.00019736	56.189
0.00020752	58.743
0.00021783	61.297
0.00022831	63.851
0.00023897	66.405
0.00024981	68.959
0.00026084	71.513
0.00027206	74.067
0.00028349	76.621
0.00029513	79.175
0.00030699	81.729
0.00031908	84.283
0.0003314	86.837
0.00034396	89.392
0.00035677	91.946
0.00036983	94.5
0.00038316	97.054
0.00039675	99.608
0.00041062	102.16
0.00042477	104.72
0.00043921	107.27
0.00045395	109.82
0.00046899	112.38
0.00048434	114.93
0.0005	117.49
0.00051599	120.04
0.0005323	122.59
0.00054895	125.15
0.00056594	127.7
0.00058328	130.26
0.00060098	132.81
0.00061903	135.36
0.00063745	137.92
0.00065624	140.47
0.00067541	143.03
0.00069496	145.58
0.00071491	148.13
0.00073525	150.69
0.000756	153.24
0.00077715	155.8
0.00079872	158.35
0.00082071	160.9
0.00084313	163.46
0.00086599	166.01
0.00088928	168.57
0.00091302	171.12
0.00093721	173.67
0.00096187	176.23
0.00098698	178.78
0.0010126	181.34
0.0010386	183.89
0.0010652	186.45
0.0010922	189
0.0011198	191.55
0.0011478	194.11
0.0011764	196.66
0.0012055	199.22
0.0012351	201.77
0.0012653	204.32
0.0012959	206.88
0.0013272	209.43
0.001359	211.99
0.0013913	214.54
0.0014242	217.09
0.0014577	219.65
0.0014918	222.2
0.0015264	224.76
0.0015617	227.31
0.0015976	229.86
0.001634	232.42
0.0016711	234.97
0.0017089	237.53
0.0017472	240.08
0.0017862	242.63
0.0018259	245.19
0.0018662	247.74
0.0019071	250.3
0.0019488	252.85
0.0019911	255.4
0.0020341	257.96
0.0020777	260.51
0.0021221	263.07
0.0021672	265.62
0.002213	268.17
0.0022595	270.73
0.0023068	273.28
0.0023547	275.84
0.0024035	278.39
0.0024529	280.94
0.0025032	283.5
0.0025542	286.05
0.0026059	288.61
0.0026585	291.16
0.0027118	293.71
0.0027659	296.27
0.0028209	298.82
0.0028766	301.38
0.0029331	303.93
0.0029904	306.49
0.0030486	309.04
0.0031076	311.59
0.0031675	314.15
0.0032281	316.7
0.0032897	319.26
0.0033521	321.81
0.0034153	324.36
0.0034795	326.92
0.0035445	329.47
0.0036103	332.03
0.0036771	334.58
0.0037448	337.13
0.0038133	339.69
0.0038828	342.24
0.0039531	344.8
0.0040244	347.35
0.0040966	349.9
0.0041697	352.46
0.0042438	355.01
0.0043187	357.57
0.0043946	360.12
0.0044714	362.67
0.0045492	365.23
0.004628	367.78
0.0047076	370.34
0.0047883	372.89
0.0048699	375.44
0.0049524	378
0.0050359	380.55
0.0051204	383.11
0.0052059	385.66
0.0052923	388.21
0.0053797	390.77
0.0054681	393.32
0.0055574	395.88
0.0056478	398.43
0.0057391	400.98
0.0058314	403.54
0.0059247	406.09
0.0060189	408.65
0.0061142	411.2
0.0062104	413.76
0.0063076	416.31
0.0064058	418.86
0.0065049	421.42
0.0066051	423.97
0.0067062	426.53
0.0068084	429.08
0.0069115	431.63
0.0070156	434.19
0.0071207	436.74
0.0072268	439.3
0.0073339	441.85
0.0074419	444.4
0.007551	446.96
0.007661	449.51
0.0077721	452.07
0.0078841	454.62
0.007997	457.17
0.008111	459.73
0.0082259	462.28
0.0083418	464.84
0.0084586	467.39
0.0085764	469.94
0.0086952	472.5
0.0088149	475.05
0.0089355	477.61
0.0090571	480.16
0.0091797	482.71
0.0093031	485.27
0.0094275	487.82
0.0095528	490.38
0.009679	492.93
0.0098062	495.48
0.0099342	498.04
0.010063	500.59
0.010193	503.15
0.010324	505.7
0.010456	508.25
0.010588	510.81
0.010722	513.36
0.010856	515.92
0.010991	518.47
0.011127	521.02
0.011264	523.58
0.011402	526.13
0.011541	528.69
0.01168	531.24
0.01182	533.8
0.011961	536.35
0.012103	538.9
0.012246	541.46
0.01239	544.01
0.012534	546.57
0.012679	549.12
0.012825	551.67
0.012971	554.23
0.013119	556.78
0.013267	559.34
0.013415	561.89
0.013565	564.44
0.013715	567
0.013866	569.55
0.014017	572.11
0.014169	574.66
0.014322	577.21
0.014476	579.77
0.01463	582.32
0.014785	584.88
0.01494	587.43
0.015096	589.98
0.015252	592.54
0.015409	595.09
0.015567	597.65
0.015725	600.2
0.015884	602.75
0.016043	605.31
0.016203	607.86
0.016363	610.42
0.016524	612.97
0.016685	615.52
0.016847	618.08
0.017009	620.63
0.017171	623.19
0.017334	625.74
0.017497	628.29
0.01766	630.85
0.017824	633.4
0.017988	635.96
0.018153	638.51
0.018317	641.06
0.018482	643.62
0.018648	646.17
0.018813	648.73
0.018979	651.28
0.019144	653.84
0.019311	656.39
0.019477	658.94
0.019643	661.5
0.01981	664.05
0.019976	666.61
0.020143	669.16
0.02031	671.71
0.020477	674.27
0.020644	676.82
0.020811	679.38
0.020979	681.93
0.021146	684.48
0.021313	687.04
0.02148	689.59
0.021647	692.15
0.021814	694.7
0.021981	697.25
0.022148	699.81
0.022315	702.36
0.022482	704.92
0.022648	707.47
0.022815	710.02
0.022981	712.58
0.023147	715.13
0.023313	717.69
0.023478	720.24
0.023643	722.79
0.023808	725.35
0.023973	727.9
0.024137	730.46
0.024301	733.01
0.024465	735.56
0.024628	738.12
0.024791	740.67
0.024953	743.23
0.025115	745.78
0.025277	748.33
0.025438	750.89
0.025599	753.44
0.025759	756
0.025919	758.55
0.026078	761.1
0.026237	763.66
0.026395	766.21
0.026552	768.77
0.02671	771.32
0.026866	773.88
0.027022	776.43
0.027177	778.98
0.027332	781.54
0.027486	784.09
0.027639	786.65
0.027791	789.2
0.027943	791.75
0.028094	794.31
0.028245	796.86
0.028394	799.42
0.028543	801.97
0.028691	804.52
0.028838	807.08
0.028984	809.63
0.02913	812.19
0.029274	814.74
0.029418	817.29
0.029561	819.85
0.029703	822.4
0.029844	824.96
0.029984	827.51
0.030123	830.06
0.030261	832.62
0.030398	835.17
0.030534	837.73
0.030669	840.28
0.030803	842.83
0.030936	845.39
0.031068	847.94
0.031199	850.5
0.031329	853.05
0.031458	855.6
0.031585	858.16
0.031712	860.71
0.031838	863.27
0.031962	865.82
0.032085	868.37
0.032207	870.93
0.032328	873.48
0.032448	876.04
0.032567	878.59
0.032685	881.14
0.032801	883.7
0.032916	886.25
0.03303	888.81
0.033142	891.36
0.033254	893.92
0.033364	896.47
0.033473	899.02
0.03358	901.58
0.033687	904.13
0.033792	906.69
0.033895	909.24
0.033998	911.79
0.034099	914.35
0.034199	916.9
0.034297	919.46
0.034394	922.01
0.03449	924.56
0.034584	927.12
0.034677	929.67
0.034768	932.23
0.034859	934.78
0.034947	937.33
0.035035	939.89
0.035121	942.44
0.035205	945
0.035289	947.55
0.03537	950.1
0.035451	952.66
0.03553	955.21
0.035607	957.77
0.035683	960.32
0.035758	962.87
0.035831	965.43
0.035903	967.98
0.035973	970.54
0.036042	973.09
0.036109	975.64
0.036175	978.2
0.03624	980.75
0.036303	983.31
0.036364	985.86
0.036424	988.41
0.036482	990.97
0.036539	993.52
0.036595	996.08
0.036649	998.63
0.036701	1001.2
0.036752	1003.7
0.036802	1006.3
0.03685	1008.8
0.036896	1011.4
0.036941	1014
0.036984	1016.5
0.037026	1019.1
0.037066	1021.6
0.037105	1024.2
0.037142	1026.7
0.037178	1029.3
0.037212	1031.8
0.037245	1034.4
0.037276	1036.9
0.037306	1039.5
0.037334	1042
0.03736	1044.6
0.037385	1047.2
0.037409	1049.7
0.03743	1052.3
0.037451	1054.8
0.03747	1057.4
0.037487	1059.9
0.037503	1062.5
0.037517	1065
0.03753	1067.6
0.037541	1070.1
0.037551	1072.7
0.037559	1075.3
0.037566	1077.8
0.037571	1080.4
0.037574	1082.9
0.037577	1085.5
0.037577	1088
0.037576	1090.6
0.037574	1093.1
0.03757	1095.7
0.037564	1098.2
0.037557	1100.8
0.037549	1103.3
0.037539	1105.9
0.037527	1108.5
0.037514	1111
0.037499	1113.6
0.037483	1116.1
0.037466	1118.7
0.037447	1121.2
0.037426	1123.8
0.037404	1126.3
0.037381	1128.9
0.037356	1131.4
0.03733	1134
0.037302	1136.5
0.037273	1139.1
0.037242	1141.7
0.03721	1144.2
0.037177	1146.8
0.037142	1149.3
0.037106	1151.9
0.037068	1154.4
0.037029	1157
0.036989	1159.5
0.036947	1162.1
0.036904	1164.6
0.03686	1167.2
0.036814	1169.8
0.036767	1172.3
0.036718	1174.9
0.036668	1177.4
0.036617	1180
0.036565	1182.5
0.036511	1185.1
0.036456	1187.6
0.0364	1190.2
0.036342	1192.7
0.036283	1195.3
0.036223	1197.8
0.036161	1200.4
0.036099	1203
0.036035	1205.5
0.03597	1208.1
0.035903	1210.6
0.035836	1213.2
0.035767	1215.7
0.035697	1218.3
0.035626	1220.8
0.035553	1223.4
0.03548	1225.9
0.035405	1228.5
0.03533	1231
0.035253	1233.6
0.035175	1236.2
0.035096	1238.7
0.035015	1241.3
0.034934	1243.8
0.034852	1246.4
0.034768	1248.9
0.034684	1251.5
0.034598	1254
0.034512	1256.6
0.034424	1259.1
0.034336	1261.7
0.034246	1264.3
0.034156	1266.8
0.034065	1269.4
0.033972	1271.9
0.033879	1274.5
0.033785	1277
0.033689	1279.6
0.033593	1282.1
0.033496	1284.7
0.033398	1287.2
0.0333	1289.8
0.0332	1292.3
0.0331	1294.9
0.032998	1297.5
0.032896	1300
0.032793	1302.6
0.032689	1305.1
0.032585	1307.7
0.032479	1310.2
0.032373	1312.8
0.032266	1315.3
0.032159	1317.9
0.03205	1320.4
0.031941	1323
0.031831	1325.5
0.031721	1328.1
0.03161	1330.7
0.031498	1333.2
0.031385	1335.8
0.031272	1338.3
0.031158	1340.9
0.031044	1343.4
0.030928	1346
0.030813	1348.5
0.030696	1351.1
0.03058	1353.6
0.030462	1356.2
0.030344	1358.8
0.030226	1361.3
0.030107	1363.9
0.029987	1366.4
0.029867	1369
0.029746	1371.5
0.029625	1374.1
0.029504	1376.6
0.029382	1379.2
0.029259	1381.7
0.029136	1384.3
0.029013	1386.8
0.028889	1389.4
0.028765	1392
0.028641	1394.5
0.028516	1397.1
0.02839	1399.6
0.028265	1402.2
0.028139	1404.7
0.028012	1407.3
0.027886	1409.8
0.027759	1412.4
0.027631	1414.9
0.027504	1417.5
0.027376	1420
0.027248	1422.6
0.027119	1425.2
0.026991	1427.7
0.026862	1430.3
0.026732	1432.8
0.026603	1435.4
0.026473	1437.9
0.026344	1440.5
0.026214	1443
0.026083	1445.6
0.025953	1448.1
0.025823	1450.7
0.025692	1453.3
0.025561	1455.8
0.02543	1458.4
0.025299	1460.9
0.025168	1463.5
0.025037	1466
0.024906	1468.6
0.024774	1471.1
0.024643	1473.7
0.024511	1476.2
0.02438	1478.8
0.024248	1481.3
0.024117	1483.9
0.023985	1486.5
0.023853	1489
0.023722	1491.6
0.02359	1494.1
0.023459	1496.7
0.023327	1499.2
0.023195	1501.8
0.023064	1504.3
0.022932	1506.9
0.022801	1509.4
0.02267	1512
0.022538	1514.5
0.022407	1517.1
0.022276	1519.7
0.022145	1522.2
0.022014	1524.8
0.021883	1527.3
0.021753	1529.9
0.021622	1532.4
0.021492	1535
0.021361	1537.5
0.021231	1540.1
0.021101	1542.6
0.020972	1545.2
0.020842	1547.8
0.020713	1550.3
0.020584	1552.9
0.020455	1555.4
0.020326	1558
0.020197	1560.5
0.020069	1563.1
0.019941	1565.6
0.019813	1568.2
0.019685	1570.7
0.019558	1573.3
0.019431	1575.8
0.019304	1578.4
0.019177	1581
0.019051	1583.5
0.018925	1586.1
0.018799	1588.6
0.018674	1591.2
0.018548	1593.7
0.018424	1596.3
0.018299	1598.8
0.018175	1601.4
0.018051	1603.9
0.017927	1606.5
0.017804	1609
0.017681	1611.6
0.017559	1614.2
0.017436	1616.7
0.017314	1619.3
0.017193	1621.8
0.017072	1624.4
0.016951	1626.9
0.016831	1629.5
0.01671	1632
0.016591	1634.6
0.016471	1637.1
0.016353	1639.7
0.016234	1642.2
0.016116	1644.8
0.015998	1647.4
0.015881	1649.9
0.015764	1652.5
0.015648	1655
0.015532	1657.6
0.015416	1660.1
0.015301	1662.7
0.015186	1665.2
0.015072	1667.8
0.014958	1670.3
0.014844	1672.9
0.014731	1675.5
0.014619	1678
0.014507	1680.6
0.014395	1683.1
0.014284	1685.7
0.014173	1688.2
0.014063	1690.8
0.013953	1693.3
0.013844	1695.9
0.013735	1698.4
0.013626	1701
0.013518	1703.5
0.013411	1706.1
0.013304	1708.7
0.013198	1711.2
0.013092	1713.8
0.012986	1716.3
0.012881	1718.9
0.012777	1721.4
0.012673	1724
0.012569	1726.5
0.012466	1729.1
0.012364	1731.6
0.012262	1734.2
0.01216	1736.7
0.012059	1739.3
0.011959	1741.9
0.011859	1744.4
0.011759	1747
0.01166	1749.5
0.011562	1752.1
0.011464	1754.6
0.011367	1757.2
0.01127	1759.7
0.011174	1762.3
0.011078	1764.8
0.010982	1767.4
0.010888	1770
0.010793	1772.5
0.010699	1775.1
0.010606	1777.6
0.010514	1780.2
0.010421	1782.7
0.01033	1785.3
0.010238	1787.8
0.010148	1790.4
0.010058	1792.9
0.0099682	1795.5
0.0098792	1798
0.0097907	1800.6
0.0097027	1803.2
0.0096153	1805.7
0.0095284	1808.3
0.009442	1810.8
0.0093561	1813.4
0.0092708	1815.9
0.009186	1818.5
0.0091017	1821
0.009018	1823.6
0.0089348	1826.1
0.0088521	1828.7
0.00877	1831.2
0.0086884	1833.8
0.0086073	1836.4
0.0085267	1838.9
0.0084467	1841.5
0.0083672	1844
0.0082882	1846.6
0.0082098	1849.1
0.0081319	1851.7
0.0080545	1854.2
0.0079776	1856.8
0.0079012	1859.3
0.0078254	1861.9
0.0077501	1864.5
0.0076753	1867
0.0076011	1869.6
0.0075273	1872.1
0.0074541	1874.7
0.0073814	1877.2
0.0073092	1879.8
0.0072375	1882.3
0.0071663	1884.9
0.0070957	1887.4
0.0070255	1890
0.0069559	1892.5
0.0068868	1895.1
0.0068181	1897.7
0.00675	1900.2
0.0066824	1902.8
0.0066153	1905.3
0.0065487	1907.9
0.0064826	1910.4
0.0064169	1913
0.0063518	1915.5
0.0062872	1918.1
0.006223	1920.6
0.0061594	1923.2
0.0060962	1925.7
0.0060336	1928.3
0.0059714	1930.9
0.0059097	1933.4
0.0058484	1936
0.0057877	1938.5
0.0057275	1941.1
0.0056677	1943.6
0.0056084	1946.2
0.0055496	1948.7
0.0054912	1951.3
0.0054333	1953.8
0.0053759	1956.4
0.005319	1959
0.0052625	1961.5
0.0052065	1964.1
0.005151	1966.6
0.0050959	1969.2
0.0050413	1971.7
0.0049871	1974.3
0.0049334	1976.8
0.0048802	1979.4
0.0048274	1981.9
0.004775	1984.5
0.0047231	1987
0.0046716	1989.6
0.0046206	1992.2
0.00457	1994.7
0.0045199	1997.3
0.0044702	1999.8
0.0044209	2002.4
0.0043721	2004.9
0.0043237	2007.5
0.0042757	2010
0.0042282	2012.6
0.0041811	2015.1
0.0041343	2017.7
0.0040881	2020.2
0.0040422	2022.8
0.0039967	2025.4
0.0039517	2027.9
0.0039071	2030.5
0.0038629	2033
0.003819	2035.6
0.0037756	2038.1
0.0037326	2040.7
0.00369	2043.2
0.0036478	2045.8
0.0036059	2048.3
0.0035645	2050.9
0.0035235	2053.5
0.0034828	2056
0.0034425	2058.6
0.0034026	2061.1
0.0033631	2063.7
0.003324	2066.2
0.0032852	2068.8
0.0032468	2071.3
0.0032088	2073.9
0.0031712	2076.4
0.0031339	2079
0.0030969	2081.5
0.0030604	2084.1
0.0030242	2086.7
0.0029883	2089.2
0.0029528	2091.8
0.0029176	2094.3
0.0028828	2096.9
0.0028484	2099.4
0.0028143	2102
0.0027805	2104.5
0.0027471	2107.1
0.002714	2109.6
0.0026812	2112.2
0.0026488	2114.7
0.0026166	2117.3
0.0025849	2119.9
0.0025534	2122.4
0.0025223	2125
0.0024915	2127.5
0.002461	2130.1
0.0024308	2132.6
0.0024009	2135.2
0.0023714	2137.7
0.0023421	2140.3
0.0023132	2142.8
0.0022845	2145.4
0.0022562	2148
0.0022282	2150.5
0.0022004	2153.1
0.002173	2155.6
0.0021458	2158.2
0.0021189	2160.7
0.0020924	2163.3
0.0020661	2165.8
0.00204	2168.4
0.0020143	2170.9
0.0019889	2173.5
0.0019637	2176
0.0019388	2178.6
0.0019141	2181.2
0.0018898	2183.7
0.0018657	2186.3
0.0018418	2188.8
0.0018183	2191.4
0.0017949	2193.9
0.0017719	2196.5
0.0017491	2199
0.0017265	2201.6
0.0017043	2204.1
0.0016822	2206.7
0.0016604	2209.2
0.0016389	2211.8
0.0016175	2214.4
0.0015965	2216.9
0.0015756	2219.5
0.001555	2222
0.0015347	2224.6
0.0015145	2227.1
0.0014946	2229.7
0.001475	2232.2
0.0014555	2234.8
0.0014363	2237.3
0.0014173	2239.9
0.0013985	2242.4
0.0013799	2245
0.0013616	2247.6
0.0013434	2250.1
0.0013255	2252.7
0.0013078	2255.2
0.0012903	2257.8
0.001273	2260.3
0.0012559	2262.9
0.001239	2265.4
0.0012223	2268
0.0012058	2270.5
0.0011895	2273.1
0.0011734	2275.7
0.0011574	2278.2
0.0011417	2280.8
0.0011262	2283.3
0.0011108	2285.9
0.0010956	2288.4
0.0010806	2291
0.0010658	2293.5
0.0010512	2296.1
0.0010368	2298.6
0.0010225	2301.2
0.0010084	2303.7
0.00099445	2306.3
0.00098068	2308.9
0.00096709	2311.4
0.00095367	2314
0.00094041	2316.5
0.00092732	2319.1
0.00091438	2321.6
0.00090161	2324.2
0.000889	2326.7
0.00087654	2329.3
0.00086424	2331.8
0.00085209	2334.4
0.00084009	2336.9
0.00082825	2339.5
0.00081655	2342.1
0.000805	2344.6
0.0007936	2347.2
0.00078234	2349.7
0.00077123	2352.3
0.00076025	2354.8
0.00074942	2357.4
0.00073872	2359.9
0.00072817	2362.5
0.00071774	2365
0.00070745	2367.6
0.00069729	2370.2
0.00068727	2372.7
0.00067737	2375.3
0.0006676	2377.8
0.00065796	2380.4
0.00064844	2382.9
0.00063905	2385.5
0.00062978	2388
0.00062063	2390.6
0.0006116	2393.1
0.00060268	2395.7
0.00059389	2398.2
0.00058521	2400.8
0.00057665	2403.4
0.0005682	2405.9
0.00055986	2408.5
0.00055163	2411
0.00054351	2413.6
0.0005355	2416.1
0.0005276	2418.7
0.0005198	2421.2
0.0005121	2423.8
0.00050451	2426.3
0.00049702	2428.9
0.00048964	2431.4
0.00048235	2434
0.00047516	2436.6
0.00046806	2439.1
0.00046107	2441.7
0.00045417	2444.2
0.00044736	2446.8
0.00044064	2449.3
0.00043402	2451.9
0.00042749	2454.4
0.00042105	2457
0.00041469	2459.5
0.00040843	2462.1
0.00040224	2464.7
0.00039615	2467.2
0.00039014	2469.8
0.00038421	2472.3
0.00037836	2474.9
0.0003726	2477.4
0.00036691	2480
0.00036131	2482.5
0.00035578	2485.1
0.00035033	2487.6
0.00034496	2490.2
0.00033966	2492.7
0.00033444	2495.3
0.00032929	2497.9
0.00032421	2500.4
0.0003192	2503
0.00031427	2505.5
0.0003094	2508.1
0.00030461	2510.6
0.00029988	2513.2
0.00029522	2515.7
0.00029062	2518.3
0.0002861	2520.8
0.00028163	2523.4
0.00027723	2525.9
0.0002729	2528.5
0.00026862	2531.1
0.00026441	2533.6
0.00026026	2536.2
0.00025617	2538.7
0.00025214	2541.3
0.00024816	2543.8
0.00024425	2546.4
0.00024039	2548.9
0.00023658	2551.5
0.00023284	2554
0.00022914	2556.6
0.0002255	2559.2
0.00022192	2561.7
0.00021839	2564.3
0.00021491	2566.8
0.00021148	2569.4
0.0002081	2571.9
0.00020477	2574.5
0.00020149	2577
0.00019826	2579.6
0.00019508	2582.1
0.00019194	2584.7
0.00018885	2587.2
0.00018581	2589.8
0.00018281	2592.4
0.00017986	2594.9
0.00017695	2597.5
0.00017409	2600
0.00017127	2602.6
0.00016849	2605.1
0.00016575	2607.7
0.00016306	2610.2
0.0001604	2612.8
0.00015779	2615.3
0.00015521	2617.9
0.00015268	2620.4
0.00015018	2623
0.00014772	2625.6
0.0001453	2628.1
0.00014292	2630.7
0.00014057	2633.2
0.00013826	2635.8
0.00013598	2638.3
0.00013374	2640.9
0.00013153	2643.4
0.00012936	2646
0.00012722	2648.5
0.00012511	2651.1
0.00012304	2653.7
0.000121	2656.2
0.00011899	2658.8
0.00011701	2661.3
0.00011506	2663.9
0.00011314	2666.4
0.00011126	2669
0.0001094	2671.5
0.00010757	2674.1
0.00010577	2676.6
0.000104	2679.2
0.00010226	2681.7
0.00010054	2684.3
9.8851e-05	2686.9
9.7189e-05	2689.4
9.5553e-05	2692
9.3942e-05	2694.5
9.2358e-05	2697.1
9.0799e-05	2699.6
8.9264e-05	2702.2
8.7754e-05	2704.7
8.6268e-05	2707.3
8.4806e-05	2709.8
8.3367e-05	2712.4
8.1952e-05	2714.9
8.0559e-05	2717.5
7.9189e-05	2720.1
7.784e-05	2722.6
7.6514e-05	2725.2
7.5209e-05	2727.7
7.3925e-05	2730.3
7.2661e-05	2732.8
7.1419e-05	2735.4
7.0196e-05	2737.9
6.8994e-05	2740.5
6.7811e-05	2743
6.6647e-05	2745.6
6.5502e-05	2748.2
6.4376e-05	2750.7
6.3269e-05	2753.3
6.218e-05	2755.8
6.1109e-05	2758.4
6.0055e-05	2760.9
5.9019e-05	2763.5
5.8e-05	2766
5.6997e-05	2768.6
5.6012e-05	2771.1
5.5043e-05	2773.7
5.409e-05	2776.2
5.3152e-05	2778.8
5.2231e-05	2781.4
5.1325e-05	2783.9
5.0434e-05	2786.5
4.9558e-05	2789
4.8696e-05	2791.6
4.785e-05	2794.1
4.7017e-05	2796.7
4.6199e-05	2799.2
4.5394e-05	2801.8
4.4603e-05	2804.3
4.3826e-05	2806.9
4.3061e-05	2809.4
4.231e-05	2812
4.1571e-05	2814.6
4.0846e-05	2817.1
4.0132e-05	2819.7
3.9431e-05	2822.2
3.8742e-05	2824.8
3.8065e-05	2827.3
3.7399e-05	2829.9
3.6745e-05	2832.4
3.6102e-05	2835
3.5471e-05	2837.5
3.485e-05	2840.1
3.424e-05	2842.7
3.3641e-05	2845.2
3.3053e-05	2847.8
3.2474e-05	2850.3
3.1906e-05	2852.9
3.1348e-05	2855.4
3.08e-05	2858
3.0261e-05	2860.5
2.9732e-05	2863.1
2.9213e-05	2865.6
2.8702e-05	2868.2
2.8201e-05	2870.7
2.7709e-05	2873.3
2.7226e-05	2875.9
2.6751e-05	2878.4
2.6285e-05	2881
2.5827e-05	2883.5
2.5378e-05	2886.1
2.4937e-05	2888.6
2.4504e-05	2891.2
2.4079e-05	2893.7
2.3661e-05	2896.3
2.3252e-05	2898.8
2.2849e-05	2901.4
2.2455e-05	2903.9
2.2068e-05	2906.5
2.1688e-05	2909.1
2.1315e-05	2911.6
2.0949e-05	2914.2
2.059e-05	2916.7
2.0238e-05	2919.3
1.9892e-05	2921.8
1.9553e-05	2924.4
1.9221e-05	2926.9
1.8895e-05	2929.5
1.8575e-05	2932
1.8262e-05	2934.6
1.7955e-05	2937.1
1.7653e-05	2939.7
1.7358e-05	2942.3
1.7068e-05	2944.8
1.6785e-05	2947.4
1.6507e-05	2949.9
1.6234e-05	2952.5
1.5967e-05	2955
1.5706e-05	2957.6
1.545e-05	2960.1
1.5199e-05	2962.7
1.4953e-05	2965.2
1.4713e-05	2967.8
1.4477e-05	2970.4
1.4247e-05	2972.9
1.4021e-05	2975.5
1.38e-05	2978
1.3584e-05	2980.6
1.3373e-05	2983.1
1.3167e-05	2985.7
1.2965e-05	2988.2
1.2767e-05	2990.8
1.2574e-05	2993.3
1.2386e-05	2995.9
1.2202e-05	2998.4
1.2022e-05	3001
1.1846e-05	3003.6
1.1675e-05	3006.1
1.1507e-05	3008.7
1.1344e-05	3011.2
1.1185e-05	3013.8
1.1029e-05	3016.3
1.0878e-05	3018.9
1.0731e-05	3021.4
1.0587e-05	3024
1.0447e-05	3026.5
1.0311e-05	3029.1
1.0179e-05	3031.6
1.005e-05	3034.2
9.9253e-06	3036.8
9.8039e-06	3039.3
9.686e-06	3041.9
9.5717e-06	3044.4
9.4608e-06	3047
9.3534e-06	3049.5
9.2494e-06	3052.1
9.1489e-06	3054.6
9.0516e-06	3057.2
8.9577e-06	3059.7
8.8671e-06	3062.3
8.7798e-06	3064.9
8.6957e-06	3067.4
8.6148e-06	3070
8.5372e-06	3072.5
8.4627e-06	3075.1
8.3913e-06	3077.6
8.3231e-06	3080.2
8.258e-06	3082.7
8.196e-06	3085.3
8.1371e-06	3087.8
8.0812e-06	3090.4
8.0284e-06	3092.9
7.9786e-06	3095.5
7.9318e-06	3098.1
7.888e-06	3100.6
7.8472e-06	3103.2
7.8094e-06	3105.7
7.7746e-06	3108.3
7.7427e-06	3110.8
7.7138e-06	3113.4
7.6878e-06	3115.9
7.6648e-06	3118.5
7.6447e-06	3121
7.6276e-06	3123.6
7.6134e-06	3126.1
7.6021e-06	3128.7
7.5938e-06	3131.3
7.5884e-06	3133.8
7.586e-06	3136.4
7.5865e-06	3138.9
7.59e-06	3141.5
7.5965e-06	3144
7.6059e-06	3146.6
7.6182e-06	3149.1
7.6336e-06	3151.7
7.652e-06	3154.2
7.6734e-06	3156.8
7.6978e-06	3159.4
7.7252e-06	3161.9
7.7557e-06	3164.5
7.7893e-06	3167
7.826e-06	3169.6
7.8658e-06	3172.1
7.9087e-06	3174.7
7.9547e-06	3177.2
8.004e-06	3179.8
8.0564e-06	3182.3
8.1121e-06	3184.9
8.1711e-06	3187.4
8.2333e-06	3190
