7.4242e-13	0
1.0004e-05	6.3971
2.005e-05	12.794
3.0181e-05	19.191
4.0441e-05	25.588
5.0871e-05	31.986
6.1515e-05	38.383
7.2416e-05	44.78
8.3615e-05	51.177
9.5157e-05	57.574
0.00010708	63.971
0.00011944	70.368
0.00013228	76.765
0.00014564	83.163
0.00015957	89.56
0.00017413	95.957
0.00018936	102.35
0.00020531	108.75
0.00022204	115.15
0.00023961	121.55
0.00025807	127.94
0.00027749	134.34
0.00029793	140.74
0.00031946	147.13
0.00034214	153.53
0.00036606	159.93
0.00039128	166.33
0.00041789	172.72
0.00044597	179.12
0.00047561	185.52
0.00050691	191.91
0.00053995	198.31
0.00057483	204.71
0.00061167	211.1
0.00065055	217.5
0.0006916	223.9
0.00073493	230.3
0.00078065	236.69
0.00082888	243.09
0.00087975	249.49
0.00093337	255.88
0.00098989	262.28
0.0010494	268.68
0.0011121	275.08
0.0011781	281.47
0.0012475	287.87
0.0013204	294.27
0.0013971	300.66
0.0014775	307.06
0.001562	313.46
0.0016505	319.86
0.0017433	326.25
0.0018404	332.65
0.001942	339.05
0.0020482	345.44
0.0021591	351.84
0.0022749	358.24
0.0023956	364.64
0.0025214	371.03
0.0026523	377.43
0.0027886	383.83
0.0029301	390.22
0.0030771	396.62
0.0032296	403.02
0.0033877	409.42
0.0035514	415.81
0.0037207	422.21
0.0038958	428.61
0.0040767	435
0.0042634	441.4
0.0044559	447.8
0.0046544	454.2
0.0048587	460.59
0.0050689	466.99
0.0052849	473.39
0.0055067	479.78
0.0057343	486.18
0.0059676	492.58
0.0062066	498.98
0.0064514	505.37
0.006702	511.77
0.0069582	518.17
0.00722	524.56
0.0074873	530.96
0.00776	537.36
0.0080381	543.76
0.0083214	550.15
0.0086098	556.55
0.0089032	562.95
0.0092014	569.34
0.0095046	575.74
0.0098125	582.14
0.010125	588.53
0.010442	594.93
0.010764	601.33
0.01109	607.73
0.01142	614.12
0.011755	620.52
0.012093	626.92
0.012435	633.31
0.01278	639.71
0.013129	646.11
0.013481	652.51
0.013837	658.9
0.014195	665.3
0.014556	671.7
0.014921	678.09
0.015287	684.49
0.015657	690.89
0.016028	697.29
0.016402	703.68
0.016778	710.08
0.017156	716.48
0.017535	722.87
0.017915	729.27
0.018297	735.67
0.01868	742.07
0.019064	748.46
0.019449	754.86
0.019834	761.26
0.02022	767.65
0.020606	774.05
0.020992	780.45
0.021378	786.85
0.021764	793.24
0.022149	799.64
0.022534	806.04
0.022918	812.43
0.0233	818.83
0.023682	825.23
0.024062	831.63
0.02444	838.02
0.024817	844.42
0.025192	850.82
0.025564	857.21
0.025934	863.61
0.026302	870.01
0.026667	876.41
0.027028	882.8
0.027387	889.2
0.027743	895.6
0.028094	901.99
0.028442	908.39
0.028786	914.79
0.029126	921.18
0.029462	927.58
0.029793	933.98
0.030119	940.38
0.03044	946.77
0.030756	953.17
0.031067	959.57
0.031373	965.96
0.031672	972.36
0.031966	978.76
0.032254	985.16
0.032536	991.55
0.032811	997.95
0.03308	1004.3
0.033342	1010.7
0.033597	1017.1
0.033845	1023.5
0.034086	1029.9
0.034319	1036.3
0.034545	1042.7
0.034763	1049.1
0.034974	1055.5
0.035176	1061.9
0.035371	1068.3
0.035558	1074.7
0.035736	1081.1
0.035906	1087.5
0.036067	1093.9
0.03622	1100.3
0.036363	1106.7
0.036498	1113.1
0.036625	1119.5
0.036742	1125.9
0.03685	1132.3
0.036949	1138.7
0.037039	1145.1
0.037119	1151.5
0.037191	1157.9
0.037253	1164.3
0.037306	1170.7
0.037349	1177.1
0.037384	1183.5
0.037409	1189.9
0.037424	1196.3
0.03743	1202.7
0.037427	1209.1
0.037414	1215.5
0.037392	1221.8
0.03736	1228.2
0.03732	1234.6
0.03727	1241
0.037211	1247.4
0.037143	1253.8
0.037065	1260.2
0.036979	1266.6
0.036884	1273
0.036781	1279.4
0.036668	1285.8
0.036547	1292.2
0.036418	1298.6
0.036279	1305
0.036133	1311.4
0.035978	1317.8
0.035815	1324.2
0.035644	1330.6
0.035466	1337
0.03528	1343.4
0.035086	1349.8
0.034885	1356.2
0.034677	1362.6
0.034462	1369
0.03424	1375.4
0.034011	1381.8
0.033776	1388.2
0.033534	1394.6
0.033287	1401
0.033033	1407.4
0.032773	1413.8
0.032508	1420.2
0.032237	1426.6
0.031961	1433
0.03168	1439.4
0.031394	1445.7
0.031103	1452.1
0.030808	1458.5
0.030509	1464.9
0.030206	1471.3
0.029899	1477.7
0.029589	1484.1
0.029275	1490.5
0.028957	1496.9
0.028637	1503.3
0.028314	1509.7
0.027988	1516.1
0.02766	1522.5
0.02733	1528.9
0.026997	1535.3
0.026663	1541.7
0.026327	1548.1
0.025989	1554.5
0.025651	1560.9
0.025311	1567.3
0.02497	1573.7
0.024629	1580.1
0.024287	1586.5
0.023945	1592.9
0.023603	1599.3
0.02326	1605.7
0.022918	1612.1
0.022576	1618.5
0.022235	1624.9
0.021894	1631.3
0.021554	1637.7
0.021215	1644.1
0.020877	1650.5
0.02054	1656.9
0.020204	1663.3
0.01987	1669.6
0.019537	1676
0.019207	1682.4
0.018878	1688.8
0.018551	1695.2
0.018226	1701.6
0.017903	1708
0.017583	1714.4
0.017265	1720.8
0.01695	1727.2
0.016637	1733.6
0.016327	1740
0.016019	1746.4
0.015715	1752.8
0.015413	1759.2
0.015114	1765.6
0.014818	1772
0.014525	1778.4
0.014236	1784.8
0.01395	1791.2
0.013666	1797.6
0.013387	1804
0.01311	1810.4
0.012837	1816.8
0.012568	1823.2
0.012301	1829.6
0.012039	1836
0.01178	1842.4
0.011524	1848.8
0.011272	1855.2
0.011024	1861.6
0.010779	1868
0.010538	1874.4
0.0103	1880.8
0.010066	1887.1
0.0098358	1893.5
0.0096092	1899.9
0.0093861	1906.3
0.0091668	1912.7
0.008951	1919.1
0.0087388	1925.5
0.0085303	1931.9
0.0083253	1938.3
0.0081239	1944.7
0.0079261	1951.1
0.0077319	1957.5
0.0075412	1963.9
0.007354	1970.3
0.0071702	1976.7
0.00699	1983.1
0.0068132	1989.5
0.0066398	1995.9
0.0064698	2002.3
0.0063032	2008.7
0.0061399	2015.1
0.0059799	2021.5
0.0058231	2027.9
0.0056696	2034.3
0.0055193	2040.7
0.0053721	2047.1
0.0052281	2053.5
0.0050871	2059.9
0.0049492	2066.3
0.0048143	2072.7
0.0046823	2079.1
0.0045533	2085.5
0.0044272	2091.9
0.0043039	2098.3
0.0041835	2104.7
0.0040658	2111
0.0039508	2117.4
0.0038385	2123.8
0.0037289	2130.2
0.0036218	2136.6
0.0035174	2143
0.0034154	2149.4
0.0033159	2155.8
0.0032189	2162.2
0.0031242	2168.6
0.0030319	2175
0.0029419	2181.4
0.0028542	2187.8
0.0027687	2194.2
0.0026854	2200.6
0.0026042	2207
0.0025251	2213.4
0.0024481	2219.8
0.0023731	2226.2
0.0023001	2232.6
0.002229	2239
0.0021598	2245.4
0.0020925	2251.8
0.002027	2258.2
0.0019633	2264.6
0.0019013	2271
0.001841	2277.4
0.0017824	2283.8
0.0017255	2290.2
0.0016701	2296.6
0.0016163	2303
0.001564	2309.4
0.0015132	2315.8
0.0014639	2322.2
0.0014159	2328.6
0.0013694	2334.9
0.0013242	2341.3
0.0012804	2347.7
0.0012378	2354.1
0.0011965	2360.5
0.0011565	2366.9
0.0011176	2373.3
0.0010799	2379.7
0.0010433	2386.1
0.0010078	2392.5
0.00097347	2398.9
0.00094014	2405.3
0.00090784	2411.7
0.00087654	2418.1
0.00084621	2424.5
0.00081683	2430.9
0.00078837	2437.3
0.00076081	2443.7
0.00073411	2450.1
0.00070827	2456.5
0.00068325	2462.9
0.00065903	2469.3
0.0006356	2475.7
0.00061292	2482.1
0.00059097	2488.5
0.00056975	2494.9
0.00054921	2501.3
0.00052936	2507.7
0.00051015	2514.1
0.00049159	2520.5
0.00047364	2526.9
0.0004563	2533.3
0.00043953	2539.7
0.00042333	2546.1
0.00040768	2552.4
0.00039256	2558.8
0.00037796	2565.2
0.00036385	2571.6
0.00035023	2578
0.00033708	2584.4
0.00032439	2590.8
0.00031214	2597.2
0.00030031	2603.6
0.0002889	2610
0.00027789	2616.4
0.00026727	2622.8
0.00025703	2629.2
0.00024714	2635.6
0.00023762	2642
0.00022843	2648.4
0.00021957	2654.8
0.00021103	2661.2
0.0002028	2667.6
0.00019487	2674
0.00018723	2680.4
0.00017987	2686.8
0.00017277	2693.2
0.00016594	2699.6
0.00015936	2706
0.00015303	2712.4
0.00014693	2718.8
0.00014105	2725.2
0.0001354	2731.6
0.00012996	2738
0.00012472	2744.4
0.00011968	2750.8
0.00011483	2757.2
0.00011017	2763.6
0.00010568	2770
0.00010136	2776.3
9.7215e-05	2782.7
9.3225e-05	2789.1
8.9389e-05	2795.5
8.5701e-05	2801.9
8.2156e-05	2808.3
7.875e-05	2814.7
7.5476e-05	2821.1
7.2331e-05	2827.5
6.931e-05	2833.9
6.6407e-05	2840.3
6.3619e-05	2846.7
6.0942e-05	2853.1
5.8371e-05	2859.5
5.5902e-05	2865.9
5.3533e-05	2872.3
5.1258e-05	2878.7
4.9075e-05	2885.1
4.6979e-05	2891.5
4.4969e-05	2897.9
4.304e-05	2904.3
4.1189e-05	2910.7
3.9414e-05	2917.1
3.7711e-05	2923.5
3.6078e-05	2929.9
3.4513e-05	2936.3
3.3011e-05	2942.7
3.1572e-05	2949.1
3.0193e-05	2955.5
2.887e-05	2961.9
2.7603e-05	2968.3
2.6389e-05	2974.7
2.5225e-05	2981.1
2.4111e-05	2987.5
2.3043e-05	2993.9
2.202e-05	3000.2
2.1041e-05	3006.6
2.0103e-05	3013
1.9205e-05	3019.4
1.8345e-05	3025.8
1.7522e-05	3032.2
1.6734e-05	3038.6
1.598e-05	3045
1.5258e-05	3051.4
1.4568e-05	3057.8
1.3907e-05	3064.2
1.3275e-05	3070.6
1.267e-05	3077
1.2092e-05	3083.4
1.1539e-05	3089.8
1.1011e-05	3096.2
1.0505e-05	3102.6
1.0022e-05	3109
9.5596e-06	3115.4
9.1179e-06	3121.8
8.6959e-06	3128.2
8.2925e-06	3134.6
7.9071e-06	3141
7.5389e-06	3147.4
7.1871e-06	3153.8
6.8511e-06	3160.2
6.5301e-06	3166.6
6.2236e-06	3173
5.9309e-06	3179.4
5.6514e-06	3185.8
5.3846e-06	3192.2
5.1299e-06	3198.6
4.8868e-06	3205
4.6548e-06	3211.4
4.4333e-06	3217.8
4.222e-06	3224.1
4.0204e-06	3230.5
3.828e-06	3236.9
3.6445e-06	3243.3
3.4695e-06	3249.7
3.3026e-06	3256.1
3.1434e-06	3262.5
2.9916e-06	3268.9
2.8469e-06	3275.3
2.7089e-06	3281.7
2.5774e-06	3288.1
2.452e-06	3294.5
2.3326e-06	3300.9
2.2187e-06	3307.3
2.1102e-06	3313.7
2.0068e-06	3320.1
1.9083e-06	3326.5
1.8145e-06	3332.9
1.7252e-06	3339.3
1.64e-06	3345.7
1.559e-06	3352.1
1.4818e-06	3358.5
1.4083e-06	3364.9
1.3384e-06	3371.3
1.2718e-06	3377.7
1.2084e-06	3384.1
1.148e-06	3390.5
1.0906e-06	3396.9
1.036e-06	3403.3
9.8397e-07	3409.7
9.3451e-07	3416.1
8.8745e-07	3422.5
8.4269e-07	3428.9
8.0011e-07	3435.3
7.5962e-07	3441.6
7.2111e-07	3448
6.845e-07	3454.4
6.4969e-07	3460.8
6.1659e-07	3467.2
5.8513e-07	3473.6
5.5523e-07	3480
5.2681e-07	3486.4
4.998e-07	3492.8
4.7413e-07	3499.2
4.4974e-07	3505.6
4.2657e-07	3512
4.0456e-07	3518.4
3.8366e-07	3524.8
3.638e-07	3531.2
3.4494e-07	3537.6
3.2703e-07	3544
3.1002e-07	3550.4
2.9387e-07	3556.8
2.7854e-07	3563.2
2.6399e-07	3569.6
2.5018e-07	3576
2.3707e-07	3582.4
2.2462e-07	3588.8
2.1282e-07	3595.2
2.0161e-07	3601.6
1.9098e-07	3608
1.809e-07	3614.4
1.7133e-07	3620.8
1.6226e-07	3627.2
1.5365e-07	3633.6
1.4549e-07	3640
1.3775e-07	3646.4
1.3041e-07	3652.8
1.2346e-07	3659.2
1.1686e-07	3665.5
1.1061e-07	3671.9
1.0468e-07	3678.3
9.9063e-08	3684.7
9.3739e-08	3691.1
8.8695e-08	3697.5
8.3914e-08	3703.9
7.9385e-08	3710.3
7.5095e-08	3716.7
7.103e-08	3723.1
6.718e-08	3729.5
6.3534e-08	3735.9
6.008e-08	3742.3
5.681e-08	3748.7
5.3714e-08	3755.1
5.0782e-08	3761.5
4.8006e-08	3767.9
4.5378e-08	3774.3
4.2891e-08	3780.7
4.0537e-08	3787.1
3.8309e-08	3793.5
3.6201e-08	3799.9
3.4205e-08	3806.3
3.2318e-08	3812.7
3.0532e-08	3819.1
2.8842e-08	3825.5
2.7244e-08	3831.9
2.5732e-08	3838.3
2.4302e-08	3844.7
2.295e-08	3851.1
2.1672e-08	3857.5
2.0463e-08	3863.9
1.932e-08	3870.3
1.8239e-08	3876.7
1.7218e-08	3883.1
1.6252e-08	3889.4
1.5339e-08	3895.8
1.4477e-08	3902.2
1.3662e-08	3908.6
1.2891e-08	3915
1.2164e-08	3921.4
1.1476e-08	3927.8
1.0826e-08	3934.2
1.0213e-08	3940.6
9.6332e-09	3947
9.0858e-09	3953.4
8.5689e-09	3959.8
8.0807e-09	3966.2
7.6197e-09	3972.6
7.1845e-09	3979
6.7736e-09	3985.4
6.3858e-09	3991.8
6.0196e-09	3998.2
5.6741e-09	4004.6
5.3479e-09	4011
5.0401e-09	4017.4
4.7497e-09	4023.8
4.4756e-09	4030.2
4.2171e-09	4036.6
3.9732e-09	4043
3.7431e-09	4049.4
3.526e-09	4055.8
3.3213e-09	4062.2
3.1282e-09	4068.6
2.9462e-09	4075
2.7745e-09	4081.4
2.6126e-09	4087.8
2.46e-09	4094.2
2.3161e-09	4100.6
2.1805e-09	4106.9
2.0527e-09	4113.3
1.9322e-09	4119.7
1.8186e-09	4126.1
1.7116e-09	4132.5
1.6108e-09	4138.9
1.5158e-09	4145.3
1.4263e-09	4151.7
1.3419e-09	4158.1
1.2625e-09	4164.5
1.1877e-09	4170.9
1.1172e-09	4177.3
1.0509e-09	4183.7
9.8836e-10	4190.1
9.2951e-10	4196.5
8.741e-10	4202.9
8.2193e-10	4209.3
7.7281e-10	4215.7
7.2658e-10	4222.1
6.8306e-10	4228.5
6.4209e-10	4234.9
6.0355e-10	4241.3
5.6727e-10	4247.7
5.3313e-10	4254.1
5.0101e-10	4260.5
4.7079e-10	4266.9
4.4235e-10	4273.3
4.1561e-10	4279.7
3.9045e-10	4286.1
3.6678e-10	4292.5
3.4453e-10	4298.9
3.236e-10	4305.3
3.0391e-10	4311.7
2.8541e-10	4318.1
2.6801e-10	4324.5
2.5165e-10	4330.8
2.3627e-10	4337.2
2.2182e-10	4343.6
2.0823e-10	4350
1.9546e-10	4356.4
1.8347e-10	4362.8
1.7219e-10	4369.2
1.616e-10	4375.6
1.5164e-10	4382
1.4229e-10	4388.4
1.3351e-10	4394.8
1.2525e-10	4401.2
1.175e-10	4407.6
1.1022e-10	4414
1.0339e-10	4420.4
9.697e-11	4426.8
9.0943e-11	4433.2
8.5284e-11	4439.6
7.9972e-11	4446
7.4984e-11	4452.4
7.0303e-11	4458.8
6.5909e-11	4465.2
6.1785e-11	4471.6
5.7915e-11	4478
5.4284e-11	4484.4
5.0876e-11	4490.8
4.7679e-11	4497.2
4.468e-11	4503.6
4.1866e-11	4510
3.9226e-11	4516.4
3.675e-11	4522.8
3.4428e-11	4529.2
3.2251e-11	4535.6
3.0209e-11	4542
2.8294e-11	4548.4
2.6498e-11	4554.7
2.4815e-11	4561.1
2.3237e-11	4567.5
2.1758e-11	4573.9
2.0371e-11	4580.3
1.9072e-11	4586.7
1.7854e-11	4593.1
1.6712e-11	4599.5
1.5643e-11	4605.9
1.464e-11	4612.3
1.3701e-11	4618.7
1.2822e-11	4625.1
1.1998e-11	4631.5
1.1226e-11	4637.9
1.0502e-11	4644.3
9.8252e-12	4650.7
9.1909e-12	4657.1
8.597e-12	4663.5
8.0407e-12	4669.9
7.52e-12	4676.3
7.0324e-12	4682.7
6.576e-12	4689.1
6.1487e-12	4695.5
5.7488e-12	4701.9
5.3745e-12	4708.3
5.0241e-12	4714.7
4.6963e-12	4721.1
4.3896e-12	4727.5
4.1025e-12	4733.9
3.834e-12	4740.3
3.5828e-12	4746.7
3.3477e-12	4753.1
3.1279e-12	4759.5
2.9223e-12	4765.9
2.73e-12	4772.2
2.5502e-12	4778.6
2.3821e-12	4785
2.2248e-12	4791.4
2.0778e-12	4797.8
1.9404e-12	4804.2
1.8119e-12	4810.6
1.6918e-12	4817
1.5796e-12	4823.4
1.4747e-12	4829.8
1.3767e-12	4836.2
1.285e-12	4842.6
1.1994e-12	4849
1.1195e-12	4855.4
1.0447e-12	4861.8
9.7494e-13	4868.2
9.0974e-13	4874.6
8.4883e-13	4881
7.9194e-13	4887.4
7.3882e-13	4893.8
6.8921e-13	4900.2
6.4288e-13	4906.6
5.9963e-13	4913
5.5925e-13	4919.4
5.2154e-13	4925.8
4.8635e-13	4932.2
4.535e-13	4938.6
4.2284e-13	4945
3.9422e-13	4951.4
3.6751e-13	4957.8
3.4259e-13	4964.2
3.1933e-13	4970.6
2.9764e-13	4977
2.774e-13	4983.4
2.5851e-13	4989.8
2.4089e-13	4996.1
2.2446e-13	5002.5
2.0914e-13	5008.9
1.9484e-13	5015.3
1.8152e-13	5021.7
1.6909e-13	5028.1
1.575e-13	5034.5
1.4669e-13	5040.9
1.3662e-13	5047.3
1.2722e-13	5053.7
1.1847e-13	5060.1
1.1031e-13	5066.5
1.027e-13	5072.9
9.5616e-14	5079.3
8.9011e-14	5085.7
8.2856e-14	5092.1
7.7121e-14	5098.5
7.1778e-14	5104.9
6.68e-14	5111.3
6.2163e-14	5117.7
5.7844e-14	5124.1
5.3821e-14	5130.5
5.0075e-14	5136.9
4.6585e-14	5143.3
4.3336e-14	5149.7
4.0311e-14	5156.1
3.7494e-14	5162.5
3.4871e-14	5168.9
3.243e-14	5175.3
3.0157e-14	5181.7
2.8042e-14	5188.1
2.6073e-14	5194.5
2.4241e-14	5200.9
2.2536e-14	5207.3
2.0949e-14	5213.7
1.9473e-14	5220
1.81e-14	5226.4
1.6822e-14	5232.8
1.5633e-14	5239.2
1.4527e-14	5245.6
1.3499e-14	5252
1.2542e-14	5258.4
1.1653e-14	5264.8
1.0826e-14	5271.2
1.0056e-14	5277.6
9.3412e-15	5284
8.6763e-15	5290.4
8.0581e-15	5296.8
7.4835e-15	5303.2
6.9494e-15	5309.6
6.4529e-15	5316
5.9915e-15	5322.4
5.5627e-15	5328.8
5.1642e-15	5335.2
4.794e-15	5341.6
4.45e-15	5348
4.1304e-15	5354.4
3.8335e-15	5360.8
3.5577e-15	5367.2
3.3015e-15	5373.6
3.0635e-15	5380
2.8425e-15	5386.4
2.6373e-15	5392.8
2.4467e-15	5399.2
2.2697e-15	5405.6
2.1054e-15	5412
1.9528e-15	5418.4
1.8112e-15	5424.8
1.6798e-15	5431.2
1.5577e-15	5437.5
1.4445e-15	5443.9
1.3393e-15	5450.3
1.2418e-15	5456.7
1.1513e-15	5463.1
1.0673e-15	5469.5
9.8933e-16	5475.9
9.1702e-16	5482.3
8.4993e-16	5488.7
7.877e-16	5495.1
7.2998e-16	5501.5
6.7644e-16	5507.9
6.2678e-16	5514.3
5.8073e-16	5520.7
5.3803e-16	5527.1
4.9843e-16	5533.5
4.6172e-16	5539.9
4.2768e-16	5546.3
3.9612e-16	5552.7
3.6687e-16	5559.1
3.3976e-16	5565.5
3.1462e-16	5571.9
2.9133e-16	5578.3
2.6974e-16	5584.7
2.4974e-16	5591.1
2.312e-16	5597.5
2.1403e-16	5603.9
1.9812e-16	5610.3
1.8337e-16	5616.7
1.6972e-16	5623.1
1.5707e-16	5629.5
1.4535e-16	5635.9
1.345e-16	5642.3
1.2445e-16	5648.7
1.1515e-16	5655.1
1.0653e-16	5661.4
9.8549e-17	5667.8
9.1162e-17	5674.2
8.4322e-17	5680.6
7.7991e-17	5687
7.2131e-17	5693.4
6.6706e-17	5699.8
6.1685e-17	5706.2
5.7038e-17	5712.6
5.2738e-17	5719
4.8759e-17	5725.4
4.5077e-17	5731.8
4.1671e-17	5738.2
3.8519e-17	5744.6
3.5603e-17	5751
3.2906e-17	5757.4
3.0412e-17	5763.8
2.8104e-17	5770.2
2.597e-17	5776.6
2.3996e-17	5783
2.2171e-17	5789.4
2.0484e-17	5795.8
1.8923e-17	5802.2
1.7481e-17	5808.6
1.6147e-17	5815
1.4914e-17	5821.4
1.3775e-17	5827.8
1.2721e-17	5834.2
1.1748e-17	5840.6
1.0848e-17	5847
1.0016e-17	5853.4
9.2479e-18	5859.8
8.538e-18	5866.2
7.882e-18	5872.6
7.2759e-18	5879
6.7161e-18	5885.3
6.1989e-18	5891.7
5.7211e-18	5898.1
5.2799e-18	5904.5
4.8724e-18	5910.9
4.496e-18	5917.3
4.1485e-18	5923.7
3.8275e-18	5930.1
3.5312e-18	5936.5
3.2576e-18	5942.9
3.005e-18	5949.3
2.7719e-18	5955.7
2.5566e-18	5962.1
2.3579e-18	5968.5
2.1746e-18	5974.9
2.0053e-18	5981.3
1.8491e-18	5987.7
1.705e-18	5994.1
1.572e-18	6000.5
1.4493e-18	6006.9
1.3361e-18	6013.3
1.2316e-18	6019.7
1.1353e-18	6026.1
1.0464e-18	6032.5
9.6441e-19	6038.9
8.8879e-19	6045.3
8.1905e-19	6051.7
7.5474e-19	6058.1
6.9543e-19	6064.5
6.4074e-19	6070.9
5.9032e-19	6077.3
5.4384e-19	6083.7
5.0097e-19	6090.1
4.6147e-19	6096.5
4.2505e-19	6102.9
3.9148e-19	6109.2
3.6054e-19	6115.6
3.3202e-19	6122
3.0574e-19	6128.4
2.8152e-19	6134.8
2.5921e-19	6141.2
2.3865e-19	6147.6
2.197e-19	6154
2.0225e-19	6160.4
1.8618e-19	6166.8
1.7137e-19	6173.2
1.5773e-19	6179.6
1.4516e-19	6186
1.3359e-19	6192.4
1.2293e-19	6198.8
1.1312e-19	6205.2
1.0408e-19	6211.6
9.5763e-20	6218
8.8102e-20	6224.4
8.105e-20	6230.8
7.4557e-20	6237.2
6.858e-20	6243.6
6.3079e-20	6250
5.8016e-20	6256.4
5.3355e-20	6262.8
4.9066e-20	6269.2
4.5119e-20	6275.6
4.1487e-20	6282
3.8145e-20	6288.4
3.5071e-20	6294.8
3.2242e-20	6301.2
2.9639e-20	6307.6
2.7245e-20	6314
2.5043e-20	6320.4
2.3017e-20	6326.7
2.1154e-20	6333.1
1.9441e-20	6339.5
1.7866e-20	6345.9
1.6417e-20	6352.3
1.5084e-20	6358.7
1.3859e-20	6365.1
1.2733e-20	6371.5
1.1697e-20	6377.9
1.0746e-20	6384.3
9.8705e-21	6390.7
9.0662e-21	6397.1
8.327e-21	6403.5
7.6476e-21	6409.9
7.0231e-21	6416.3
6.4493e-21	6422.7
5.9221e-21	6429.1
5.4376e-21	6435.5
4.9924e-21	6441.9
4.5835e-21	6448.3
4.2077e-21	6454.7
3.8626e-21	6461.1
3.5456e-21	6467.5
3.2543e-21	6473.9
2.9869e-21	6480.3
2.7412e-21	6486.7
2.5156e-21	6493.1
2.3085e-21	6499.5
2.1182e-21	6505.9
1.9436e-21	6512.3
1.7832e-21	6518.7
1.636e-21	6525.1
1.5008e-21	6531.5
1.3768e-21	6537.9
1.2629e-21	6544.3
1.1583e-21	6550.6
1.0624e-21	6557
9.7433e-22	6563.4
8.9352e-22	6569.8
8.1937e-22	6576.2
7.5133e-22	6582.6
6.889e-22	6589
6.3162e-22	6595.4
5.7907e-22	6601.8
5.3086e-22	6608.2
4.8663e-22	6614.6
4.4607e-22	6621
4.0886e-22	6627.4
3.7474e-22	6633.8
3.4344e-22	6640.2
3.1474e-22	6646.6
2.8842e-22	6653
2.6429e-22	6659.4
2.4216e-22	6665.8
2.2187e-22	6672.2
2.0327e-22	6678.6
1.8622e-22	6685
1.7059e-22	6691.4
1.5626e-22	6697.8
1.4313e-22	6704.2
1.311e-22	6710.6
1.2006e-22	6717
1.0996e-22	6723.4
1.0069e-22	6729.8
9.2203e-23	6736.2
8.4426e-23	6742.6
7.7301e-23	6749
7.0772e-23	6755.4
6.4792e-23	6761.8
5.9313e-23	6768.2
5.4295e-23	6774.5
4.9698e-23	6780.9
4.5488e-23	6787.3
4.1632e-23	6793.7
3.8101e-23	6800.1
3.4868e-23	6806.5
3.1907e-23	6812.9
2.9196e-23	6819.3
2.6714e-23	6825.7
2.4441e-23	6832.1
2.2361e-23	6838.5
2.0456e-23	6844.9
1.8713e-23	6851.3
1.7117e-23	6857.7
1.5657e-23	6864.1
1.432e-23	6870.5
1.3097e-23	6876.9
1.1977e-23	6883.3
1.0953e-23	6889.7
1.0016e-23	6896.1
9.1579e-24	6902.5
8.3732e-24	6908.9
7.6554e-24	6915.3
6.9987e-24	6921.7
6.398e-24	6928.1
5.8485e-24	6934.5
5.346e-24	6940.9
4.8863e-24	6947.3
4.4659e-24	6953.7
4.0815e-24	6960.1
3.73e-24	6966.5
3.4085e-24	6972.9
3.1146e-24	6979.3
2.8458e-24	6985.7
2.6002e-24	6992
2.3755e-24	6998.4
2.1702e-24	7004.8
1.9825e-24	7011.2
1.811e-24	7017.6
0	7024
0	7030.4
0	7036.8
0	7043.2
0	7049.6
0	7056
0	7062.4
0	7068.8
0	7075.2
0	7081.6
0	7088
0	7094.4
0	7100.8
0	7107.2
0	7113.6
0	7120
0	7126.4
0	7132.8
0	7139.2
0	7145.6
0	7152
0	7158.4
0	7164.8
0	7171.2
0	7177.6
0	7184
0	7190.4
0	7196.8
0	7203.2
0	7209.6
0	7215.9
0	7222.3
0	7228.7
0	7235.1
0	7241.5
0	7247.9
0	7254.3
0	7260.7
0	7267.1
0	7273.5
0	7279.9
0	7286.3
0	7292.7
0	7299.1
0	7305.5
0	7311.9
0	7318.3
0	7324.7
0	7331.1
0	7337.5
0	7343.9
0	7350.3
0	7356.7
0	7363.1
0	7369.5
0	7375.9
0	7382.3
0	7388.7
0	7395.1
0	7401.5
0	7407.9
0	7414.3
0	7420.7
0	7427.1
0	7433.5
0	7439.8
0	7446.2
0	7452.6
0	7459
0	7465.4
0	7471.8
0	7478.2
0	7484.6
0	7491
0	7497.4
0	7503.8
0	7510.2
0	7516.6
0	7523
0	7529.4
0	7535.8
0	7542.2
0	7548.6
0	7555
0	7561.4
0	7567.8
0	7574.2
0	7580.6
0	7587
0	7593.4
0	7599.8
0	7606.2
0	7612.6
0	7619
0	7625.4
0	7631.8
0	7638.2
0	7644.6
0	7651
0	7657.3
0	7663.7
0	7670.1
0	7676.5
0	7682.9
0	7689.3
0	7695.7
0	7702.1
0	7708.5
0	7714.9
0	7721.3
0	7727.7
0	7734.1
0	7740.5
0	7746.9
0	7753.3
0	7759.7
0	7766.1
0	7772.5
0	7778.9
0	7785.3
0	7791.7
0	7798.1
0	7804.5
0	7810.9
0	7817.3
0	7823.7
0	7830.1
0	7836.5
0	7842.9
0	7849.3
0	7855.7
0	7862.1
0	7868.5
0	7874.9
0	7881.2
0	7887.6
0	7894
0	7900.4
0	7906.8
0	7913.2
0	7919.6
0	7926
0	7932.4
0	7938.8
0	7945.2
0	7951.6
0	7958
0	7964.4
0	7970.8
0	7977.2
0	7983.6
0	7990
