1.8526e-16	0
0.00060885	20.05
0.0012184	40.1
0.0018291	60.15
0.0024415	80.201
0.0030555	100.25
0.0036712	120.3
0.0042885	140.35
0.0049072	160.4
0.0055269	180.45
0.0061474	200.5
0.0067681	220.55
0.0073888	240.6
0.0080091	260.65
0.0086284	280.7
0.0092464	300.75
0.0098623	320.8
0.010476	340.85
0.011085	360.9
0.011691	380.95
0.012292	401
0.012886	421.05
0.013474	441.1
0.014054	461.15
0.014626	481.2
0.015155	500
0.01519	501.25
0.015743	521.3
0.016286	541.35
0.016819	561.4
0.01734	581.45
0.01785	601.5
0.018347	621.55
0.018832	641.6
0.019304	661.65
0.019762	681.7
0.020206	701.75
0.020637	721.8
0.021053	741.85
0.021454	761.9
0.02184	781.95
0.022211	802.01
0.022566	822.06
0.022904	842.11
0.023227	862.16
0.023533	882.21
0.023823	902.26
0.024096	922.31
0.024352	942.36
0.024591	962.41
0.024813	982.46
0.025018	1002.5
0.025206	1022.6
0.025377	1042.6
0.02553	1062.7
0.025667	1082.7
0.025788	1102.8
0.025891	1122.8
0.025979	1142.9
0.02605	1162.9
0.026105	1183
0.026144	1203
0.026168	1223.1
0.026177	1243.1
0.02617	1263.2
0.026149	1283.2
0.026114	1303.3
0.026064	1323.3
0.026001	1343.4
0.025924	1363.4
0.025834	1383.5
0.025732	1403.5
0.025617	1423.6
0.02549	1443.6
0.025351	1463.7
0.025201	1483.7
0.025041	1503.8
0.024869	1523.8
0.024687	1543.9
0.024496	1563.9
0.024295	1584
0.024085	1604
0.023867	1624.1
0.02364	1644.1
0.023405	1664.2
0.023163	1684.2
0.022913	1704.3
0.022657	1724.3
0.022395	1744.4
0.022126	1764.4
0.021852	1784.5
0.021573	1804.5
0.021289	1824.6
0.021	1844.6
0.020707	1864.7
0.020411	1884.7
0.020111	1904.8
0.019808	1924.8
0.019502	1944.9
0.019194	1964.9
0.018884	1985
0.018572	2005
0.018259	2025.1
0.017945	2045.1
0.01763	2065.2
0.017314	2085.2
0.016998	2105.3
0.016683	2125.3
0.016368	2145.4
0.016053	2165.4
0.015739	2185.5
0.015427	2205.5
0.015116	2225.6
0.014806	2245.6
0.014499	2265.7
0.014193	2285.7
0.01389	2305.8
0.013589	2325.8
0.013291	2345.9
0.012995	2365.9
0.012703	2386
0.012413	2406
0.012127	2426.1
0.011845	2446.1
0.011566	2466.2
0.011291	2486.2
0.011019	2506.3
0.010752	2526.3
0.010488	2546.4
0.010229	2566.4
0.0099735	2586.5
0.0097227	2606.5
0.0094762	2626.6
0.0092341	2646.6
0.0089966	2666.7
0.0087636	2686.7
0.0085352	2706.8
0.0083114	2726.8
0.0080923	2746.9
0.0078779	2766.9
0.0076683	2787
0.0074633	2807
0.0072632	2827.1
0.0070678	2847.1
0.0068772	2867.2
0.0066914	2887.2
0.0065104	2907.3
0.0063342	2927.3
0.0061627	2947.4
0.005996	2967.4
0.005834	2987.5
0.0056768	3007.5
0.0055243	3027.6
0.0053765	3047.6
0.0052334	3067.7
0.0050949	3087.7
0.0049611	3107.8
0.0048318	3127.8
0.0047072	3147.9
0.0045871	3167.9
0.0044715	3188
0.0043604	3208
0.0042538	3228.1
0.0041517	3248.1
0.0040539	3268.2
0.0039606	3288.2
0.0038716	3308.3
0.003787	3328.3
0.0037067	3348.4
0.0036307	3368.4
0.003559	3388.5
0.0034916	3408.5
0.0034285	3428.6
0.0033696	3448.6
0.003315	3468.7
0.0032646	3488.7
0.0032185	3508.8
0.0031766	3528.8
0.003139	3548.9
0.0031056	3568.9
0.0030765	3589
0.0030518	3609
0.0030314	3629.1
0.0030153	3649.1
0.0030037	3669.2
0.0029965	3689.2
0.0029938	3709.3
0.0029956	3729.3
0.0030021	3749.4
0.0030133	3769.4
0.0030293	3789.5
0.0030501	3809.5
0.0030759	3829.6
0.0031067	3849.6
0.0031428	3869.7
0.0031841	3889.7
0.0032308	3909.8
0.0032314	3910
