5.3915e-16	0
0.00044049	20.05
0.00088217	40.1
0.0013262	60.15
0.0017738	80.201
0.002226	100.25
0.0026838	120.3
0.0031482	140.35
0.0036199	160.4
0.0040998	180.45
0.0045885	200.5
0.0050865	220.55
0.0055937	240.6
0.0061098	260.65
0.0066342	280.7
0.007166	300.75
0.007704	320.8
0.008247	340.85
0.0087937	360.9
0.0093427	380.95
0.009893	401
0.010443	421.05
0.010992	441.1
0.01154	461.15
0.012084	481.2
0.012591	500
0.012625	501.25
0.013162	521.3
0.013694	541.35
0.01422	561.4
0.014741	581.45
0.015254	601.5
0.015761	621.55
0.01626	641.6
0.016751	661.65
0.017232	681.7
0.017705	701.75
0.018167	721.8
0.018619	741.85
0.019061	761.9
0.019491	781.95
0.01991	802.01
0.020317	822.06
0.020711	842.11
0.021093	862.16
0.021462	882.21
0.021817	902.26
0.022159	922.31
0.022487	942.36
0.022801	962.41
0.023101	982.46
0.023386	1002.5
0.023657	1022.6
0.023913	1042.6
0.024154	1062.7
0.02438	1082.7
0.024591	1102.8
0.024786	1122.8
0.024966	1142.9
0.025131	1162.9
0.025281	1183
0.025415	1203
0.025534	1223.1
0.025638	1243.1
0.025727	1263.2
0.0258	1283.2
0.025859	1303.3
0.025902	1323.3
0.025931	1343.4
0.025946	1363.4
0.025945	1383.5
0.025931	1403.5
0.025903	1423.6
0.02586	1443.6
0.025805	1463.7
0.025735	1483.7
0.025653	1503.8
0.025558	1523.8
0.025451	1543.9
0.025331	1563.9
0.025199	1584
0.025056	1604
0.024901	1624.1
0.024736	1644.1
0.02456	1664.2
0.024373	1684.2
0.024177	1704.3
0.023972	1724.3
0.023757	1744.4
0.023534	1764.4
0.023303	1784.5
0.023063	1804.5
0.022816	1824.6
0.022563	1844.6
0.022302	1864.7
0.022035	1884.7
0.021762	1904.8
0.021484	1924.8
0.0212	1944.9
0.020912	1964.9
0.02062	1985
0.020323	2005
0.020023	2025.1
0.01972	2045.1
0.019414	2065.2
0.019105	2085.2
0.018795	2105.3
0.018482	2125.3
0.018169	2145.4
0.017854	2165.4
0.017538	2185.5
0.017222	2205.5
0.016905	2225.6
0.016589	2245.6
0.016273	2265.7
0.015958	2285.7
0.015643	2305.8
0.01533	2325.8
0.015018	2345.9
0.014708	2365.9
0.0144	2386
0.014094	2406
0.01379	2426.1
0.013489	2446.1
0.013191	2466.2
0.012895	2486.2
0.012602	2506.3
0.012313	2526.3
0.012027	2546.4
0.011744	2566.4
0.011465	2586.5
0.011189	2606.5
0.010918	2626.6
0.01065	2646.6
0.010387	2666.7
0.010127	2686.7
0.0098723	2706.8
0.0096214	2726.8
0.0093749	2746.9
0.0091327	2766.9
0.0088951	2787
0.0086619	2807
0.0084333	2827.1
0.0082093	2847.1
0.0079899	2867.2
0.0077752	2887.2
0.0075651	2907.3
0.0073597	2927.3
0.0071589	2947.4
0.0069629	2967.4
0.0067715	2987.5
0.0065848	3007.5
0.0064028	3027.6
0.0062254	3047.6
0.0060527	3067.7
0.0058847	3087.7
0.0057212	3107.8
0.0055624	3127.8
0.0054081	3147.9
0.0052583	3167.9
0.0051131	3188
0.0049724	3208
0.0048361	3228.1
0.0047042	3248.1
0.0045768	3268.2
0.0044537	3288.2
0.0043349	3308.3
0.0042204	3328.3
0.0041102	3348.4
0.0040042	3368.4
0.0039024	3388.5
0.0038047	3408.5
0.0037112	3428.6
0.0036217	3448.6
0.0035364	3468.7
0.003455	3488.7
0.0033777	3508.8
0.0033044	3528.8
0.003235	3548.9
0.0031696	3568.9
0.0031081	3589
0.0030504	3609
0.0029967	3629.1
0.0029469	3649.1
0.0029009	3669.2
0.0028588	3689.2
0.0028205	3709.3
0.0027861	3729.3
0.0027556	3749.4
0.002729	3769.4
0.0027063	3789.5
0.0026875	3809.5
0.0026727	3829.6
0.0026618	3849.6
0.002655	3869.7
0.0026522	3889.7
0.0026535	3909.8
0.0026589	3929.8
0.0026686	3949.9
0.0026826	3969.9
0.0027009	3990
0.0027237	4010
0.002751	4030.1
0.0027829	4050.1
0.0028196	4070.2
0.0028606	4090
