-1.9387e-15	0
0.00026531	20.05
0.00053387	40.1
0.00080896	60.15
0.0010938	80.201
0.0013917	100.25
0.0017058	120.3
0.0020392	140.35
0.002395	160.4
0.0027765	180.45
0.003187	200.5
0.0036295	220.55
0.0041066	240.6
0.0046205	260.65
0.0051724	280.7
0.0057627	300.75
0.0063912	320.8
0.0070568	340.85
0.0077574	360.9
0.0084906	380.95
0.0092532	401
0.010041	421.05
0.010851	441.1
0.011679	461.15
0.012519	481.2
0.013315	500
0.013369	501.25
0.014223	521.3
0.015078	541.35
0.015932	561.4
0.016778	581.45
0.017617	601.5
0.018444	621.55
0.019257	641.6
0.020054	661.65
0.020833	681.7
0.021591	701.75
0.022328	721.8
0.023041	741.85
0.023729	761.9
0.024391	781.95
0.025025	802.01
0.025631	822.06
0.026206	842.11
0.026751	862.16
0.027264	882.21
0.027745	902.26
0.028192	922.31
0.028606	942.36
0.028986	962.41
0.029331	982.46
0.029641	1002.5
0.029916	1022.6
0.030156	1042.6
0.03036	1062.7
0.030529	1082.7
0.030663	1102.8
0.030762	1122.8
0.030826	1142.9
0.030856	1162.9
0.030851	1183
0.030813	1203
0.030743	1223.1
0.03064	1243.1
0.030505	1263.2
0.03034	1283.2
0.030145	1303.3
0.029921	1323.3
0.029669	1343.4
0.02939	1363.4
0.029085	1383.5
0.028756	1403.5
0.028403	1423.6
0.028028	1443.6
0.027632	1463.7
0.027216	1483.7
0.026781	1503.8
0.026329	1523.8
0.025862	1543.9
0.02538	1563.9
0.024884	1584
0.024377	1604
0.02386	1624.1
0.023333	1644.1
0.022798	1664.2
0.022257	1684.2
0.02171	1704.3
0.02116	1724.3
0.020606	1744.4
0.020051	1764.4
0.019495	1784.5
0.01894	1804.5
0.018387	1824.6
0.017836	1844.6
0.01729	1864.7
0.016747	1884.7
0.016211	1904.8
0.01568	1924.8
0.015156	1944.9
0.014641	1964.9
0.014134	1985
0.013635	2005
0.013147	2025.1
0.012669	2045.1
0.012201	2065.2
0.011745	2085.2
0.011299	2105.3
0.010866	2125.3
0.010445	2145.4
0.010036	2165.4
0.0096393	2185.5
0.0092555	2205.5
0.0088847	2225.6
0.0085267	2245.6
0.0081818	2265.7
0.0078499	2285.7
0.0075312	2305.8
0.0072255	2325.8
0.0069329	2345.9
0.0066535	2365.9
0.0063871	2386
0.0061336	2406
0.0058932	2426.1
0.0056655	2446.1
0.0054507	2466.2
0.0052485	2486.2
0.005059	2506.3
0.0048819	2526.3
0.0047173	2546.4
0.0045652	2566.4
0.0044255	2586.5
0.0042981	2606.5
0.0041832	2626.6
0.0040806	2646.6
0.0039905	2666.7
0.0039129	2686.7
0.0038478	2706.8
0.0037954	2726.8
0.0037559	2746.9
0.0037292	2766.9
0.0037155	2787
0.0037151	2807
0.0037281	2827.1
0.003755	2847.1
0.0037959	2867.2
0.0038514	2887.2
0.0039218	2907.3
0.0040077	2927.3
0.0041097	2947.4
0.0042286	2967.4
0.0042451	2970
