5.8156e-11	0
7.2388e-05	3.4107
0.00014478	6.8215
0.00021719	10.232
0.0002896	13.643
0.00036204	17.054
0.00043451	20.464
0.000507	23.875
0.00057953	27.286
0.0006521	30.697
0.00072472	34.107
0.00079739	37.518
0.00087011	40.929
0.00094289	44.339
0.0010157	47.75
0.0010886	51.161
0.0011616	54.572
0.0012347	57.982
0.0013079	61.393
0.0013811	64.804
0.0014544	68.215
0.0015278	71.625
0.0016014	75.036
0.001675	78.447
0.0017487	81.857
0.0018226	85.268
0.0018966	88.679
0.0019707	92.09
0.0020449	95.5
0.0021192	98.911
0.0021937	102.32
0.0022684	105.73
0.0023431	109.14
0.002418	112.55
0.0024931	115.96
0.0025683	119.38
0.0026437	122.79
0.0027193	126.2
0.002795	129.61
0.0028709	133.02
0.0029469	136.43
0.0030232	139.84
0.0030996	143.25
0.0031762	146.66
0.003253	150.07
0.00333	153.48
0.0034072	156.89
0.0034846	160.3
0.0035622	163.71
0.00364	167.13
0.003718	170.54
0.0037962	173.95
0.0038746	177.36
0.0039533	180.77
0.0040321	184.18
0.0041112	187.59
0.0041906	191
0.0042701	194.41
0.0043499	197.82
0.0044299	201.23
0.0045102	204.64
0.0045907	208.05
0.0046714	211.47
0.0047524	214.88
0.0048336	218.29
0.0049151	221.7
0.0049968	225.11
0.0050788	228.52
0.005161	231.93
0.0052435	235.34
0.0053263	238.75
0.0054093	242.16
0.0054926	245.57
0.0055762	248.98
0.00566	252.39
0.0057441	255.8
0.0058285	259.22
0.0059131	262.63
0.005998	266.04
0.0060832	269.45
0.0061686	272.86
0.0062543	276.27
0.0063403	279.68
0.0064266	283.09
0.0065131	286.5
0.0065999	289.91
0.006687	293.32
0.0067743	296.73
0.0068619	300.14
0.0069498	303.55
0.007038	306.97
0.0071264	310.38
0.0072151	313.79
0.007304	317.2
0.0073932	320.61
0.0074826	324.02
0.0075723	327.43
0.0076623	330.84
0.0077525	334.25
0.0078429	337.66
0.0079336	341.07
0.0080245	344.48
0.0081156	347.89
0.008207	351.31
0.0082986	354.72
0.0083904	358.13
0.0084825	361.54
0.0085747	364.95
0.0086671	368.36
0.0087598	371.77
0.0088526	375.18
0.0089457	378.59
0.0090389	382
0.0091323	385.41
0.0092259	388.82
0.0093196	392.23
0.0094135	395.64
0.0095076	399.06
0.0096018	402.47
0.0096962	405.88
0.0097907	409.29
0.0098853	412.7
0.0099801	416.11
0.010075	419.52
0.01017	422.93
0.010265	426.34
0.01036	429.75
0.010456	433.16
0.010551	436.57
0.010646	439.98
0.010742	443.39
0.010838	446.81
0.010933	450.22
0.011029	453.63
0.011125	457.04
0.011221	460.45
0.011316	463.86
0.011412	467.27
0.011508	470.68
0.011604	474.09
0.0117	477.5
0.011796	480.91
0.011892	484.32
0.011988	487.73
0.012084	491.14
0.01218	494.56
0.012275	497.97
0.012371	501.38
0.012467	504.79
0.012563	508.2
0.012658	511.61
0.012754	515.02
0.01285	518.43
0.012945	521.84
0.01304	525.25
0.013136	528.66
0.013231	532.07
0.013326	535.48
0.013421	538.9
0.013516	542.31
0.013611	545.72
0.013705	549.13
0.0138	552.54
0.013894	555.95
0.013989	559.36
0.014083	562.77
0.014177	566.18
0.014271	569.59
0.014364	573
0.014458	576.41
0.014551	579.82
0.014644	583.23
0.014737	586.65
0.01483	590.06
0.014923	593.47
0.015015	596.88
0.015108	600.29
0.0152	603.7
0.015292	607.11
0.015383	610.52
0.015475	613.93
0.015566	617.34
0.015657	620.75
0.015748	624.16
0.015838	627.57
0.015928	630.98
0.016019	634.4
0.016108	637.81
0.016198	641.22
0.016287	644.63
0.016376	648.04
0.016465	651.45
0.016554	654.86
0.016642	658.27
0.01673	661.68
0.016818	665.09
0.016905	668.5
0.016992	671.91
0.017079	675.32
0.017166	678.73
0.017252	682.15
0.017338	685.56
0.017424	688.97
0.017509	692.38
0.017595	695.79
0.017679	699.2
0.017764	702.61
0.017848	706.02
0.017932	709.43
0.018016	712.84
0.018099	716.25
0.018182	719.66
0.018264	723.07
0.018347	726.49
0.018429	729.9
0.01851	733.31
0.018591	736.72
0.018672	740.13
0.018753	743.54
0.018833	746.95
0.018913	750.36
0.018993	753.77
0.019072	757.18
0.019151	760.59
0.019229	764
0.019307	767.41
0.019385	770.82
0.019462	774.24
0.019539	777.65
0.019616	781.06
0.019692	784.47
0.019768	787.88
0.019844	791.29
0.019919	794.7
0.019993	798.11
0.020068	801.52
0.020142	804.93
0.020215	808.34
0.020289	811.75
0.020361	815.16
0.020434	818.57
0.020506	821.99
0.020578	825.4
0.020649	828.81
0.02072	832.22
0.02079	835.63
0.02086	839.04
0.02093	842.45
0.020999	845.86
0.021068	849.27
0.021136	852.68
0.021204	856.09
0.021272	859.5
0.021339	862.91
0.021406	866.33
0.021472	869.74
0.021538	873.15
0.021604	876.56
0.021669	879.97
0.021733	883.38
0.021798	886.79
0.021861	890.2
0.021925	893.61
0.021988	897.02
0.02205	900.43
0.022113	903.84
0.022174	907.25
0.022236	910.66
0.022297	914.08
0.022357	917.49
0.022417	920.9
0.022477	924.31
0.022536	927.72
0.022595	931.13
0.022653	934.54
0.022711	937.95
0.022768	941.36
0.022825	944.77
0.022881	948.18
0.022937	951.59
0.022993	955
0.023048	958.41
0.023102	961.83
0.023157	965.24
0.02321	968.65
0.023264	972.06
0.023317	975.47
0.023369	978.88
0.023421	982.29
0.023472	985.7
0.023524	989.11
0.023574	992.52
0.023624	995.93
0.023674	999.34
0.023723	1002.8
0.023772	1006.2
0.02382	1009.6
0.023868	1013
0.023916	1016.4
0.023963	1019.8
0.024009	1023.2
0.024055	1026.6
0.024101	1030
0.024146	1033.5
0.02419	1036.9
0.024235	1040.3
0.024278	1043.7
0.024322	1047.1
0.024364	1050.5
0.024407	1053.9
0.024449	1057.3
0.02449	1060.7
0.024531	1064.1
0.024571	1067.6
0.024611	1071
0.024651	1074.4
0.02469	1077.8
0.024729	1081.2
0.024767	1084.6
0.024805	1088
0.024842	1091.4
0.024879	1094.8
0.024915	1098.3
0.024951	1101.7
0.024986	1105.1
0.025021	1108.5
0.025055	1111.9
0.025089	1115.3
0.025123	1118.7
0.025156	1122.1
0.025188	1125.5
0.02522	1129
0.025252	1132.4
0.025283	1135.8
0.025314	1139.2
0.025344	1142.6
0.025373	1146
0.025403	1149.4
0.025431	1152.8
0.02546	1156.2
0.025488	1159.6
0.025515	1163.1
0.025542	1166.5
0.025568	1169.9
0.025594	1173.3
0.02562	1176.7
0.025645	1180.1
0.025669	1183.5
0.025693	1186.9
0.025717	1190.3
0.02574	1193.8
0.025762	1197.2
0.025785	1200.6
0.025806	1204
0.025828	1207.4
0.025848	1210.8
0.025869	1214.2
0.025888	1217.6
0.025908	1221
0.025927	1224.5
0.025945	1227.9
0.025963	1231.3
0.02598	1234.7
0.025997	1238.1
0.026014	1241.5
0.02603	1244.9
0.026045	1248.3
0.026061	1251.7
0.026075	1255.1
0.026089	1258.6
0.026103	1262
0.026116	1265.4
0.026129	1268.8
0.026142	1272.2
0.026153	1275.6
0.026165	1279
0.026176	1282.4
0.026186	1285.8
0.026196	1289.3
0.026206	1292.7
0.026215	1296.1
0.026223	1299.5
0.026232	1302.9
0.026239	1306.3
0.026247	1309.7
0.026253	1313.1
0.02626	1316.5
0.026266	1320
0.026271	1323.4
0.026276	1326.8
0.02628	1330.2
0.026284	1333.6
0.026288	1337
0.026291	1340.4
0.026294	1343.8
0.026296	1347.2
0.026298	1350.6
0.026299	1354.1
0.0263	1357.5
0.026301	1360.9
0.026301	1364.3
0.0263	1367.7
0.026299	1371.1
0.026298	1374.5
0.026296	1377.9
0.026294	1381.3
0.026291	1384.8
0.026288	1388.2
0.026285	1391.6
0.026281	1395
0.026276	1398.4
0.026272	1401.8
0.026266	1405.2
0.026261	1408.6
0.026255	1412
0.026248	1415.5
0.026241	1418.9
0.026234	1422.3
0.026226	1425.7
0.026218	1429.1
0.026209	1432.5
0.0262	1435.9
0.02619	1439.3
0.02618	1442.7
0.02617	1446.1
0.026159	1449.6
0.026148	1453
0.026136	1456.4
0.026124	1459.8
0.026112	1463.2
0.026099	1466.6
0.026086	1470
0.026072	1473.4
0.026058	1476.8
0.026044	1480.3
0.026029	1483.7
0.026014	1487.1
0.025998	1490.5
0.025982	1493.9
0.025966	1497.3
0.025949	1500.7
0.025932	1504.1
0.025914	1507.5
0.025896	1511
0.025878	1514.4
0.025859	1517.8
0.02584	1521.2
0.02582	1524.6
0.0258	1528
0.02578	1531.4
0.025759	1534.8
0.025738	1538.2
0.025717	1541.6
0.025695	1545.1
0.025673	1548.5
0.02565	1551.9
0.025628	1555.3
0.025604	1558.7
0.025581	1562.1
0.025557	1565.5
0.025532	1568.9
0.025508	1572.3
0.025483	1575.8
0.025457	1579.2
0.025431	1582.6
0.025405	1586
0.025379	1589.4
0.025352	1592.8
0.025325	1596.2
0.025298	1599.6
0.02527	1603
0.025242	1606.5
0.025213	1609.9
0.025184	1613.3
0.025155	1616.7
0.025126	1620.1
0.025096	1623.5
0.025066	1626.9
0.025035	1630.3
0.025004	1633.7
0.024973	1637.1
0.024942	1640.6
0.02491	1644
0.024878	1647.4
0.024846	1650.8
0.024813	1654.2
0.02478	1657.6
0.024747	1661
0.024713	1664.4
0.024679	1667.8
0.024645	1671.3
0.024611	1674.7
0.024576	1678.1
0.024541	1681.5
0.024505	1684.9
0.02447	1688.3
0.024434	1691.7
0.024397	1695.1
0.024361	1698.5
0.024324	1702
0.024287	1705.4
0.02425	1708.8
0.024212	1712.2
0.024174	1715.6
0.024136	1719
0.024098	1722.4
0.024059	1725.8
0.02402	1729.2
0.023981	1732.7
0.023941	1736.1
0.023902	1739.5
0.023862	1742.9
0.023821	1746.3
0.023781	1749.7
0.02374	1753.1
0.023699	1756.5
0.023658	1759.9
0.023616	1763.3
0.023575	1766.8
0.023533	1770.2
0.02349	1773.6
0.023448	1777
0.023405	1780.4
0.023362	1783.8
0.023319	1787.2
0.023276	1790.6
0.023232	1794
0.023189	1797.5
0.023145	1800.9
0.0231	1804.3
0.023056	1807.7
0.023011	1811.1
0.022967	1814.5
0.022922	1817.9
0.022876	1821.3
0.022831	1824.7
0.022785	1828.2
0.022739	1831.6
0.022693	1835
0.022647	1838.4
0.022601	1841.8
0.022554	1845.2
0.022507	1848.6
0.02246	1852
0.022413	1855.4
0.022365	1858.8
0.022318	1862.3
0.02227	1865.7
0.022222	1869.1
0.022174	1872.5
0.022126	1875.9
0.022078	1879.3
0.022029	1882.7
0.02198	1886.1
0.021931	1889.5
0.021882	1893
0.021833	1896.4
0.021784	1899.8
0.021734	1903.2
0.021684	1906.6
0.021635	1910
0.021585	1913.4
0.021535	1916.8
0.021484	1920.2
0.021434	1923.7
0.021383	1927.1
0.021333	1930.5
0.021282	1933.9
0.021231	1937.3
0.02118	1940.7
0.021129	1944.1
0.021077	1947.5
0.021026	1950.9
0.020974	1954.3
0.020922	1957.8
0.020871	1961.2
0.020819	1964.6
0.020767	1968
0.020714	1971.4
0.020662	1974.8
0.02061	1978.2
0.020557	1981.6
0.020505	1985
0.020452	1988.5
0.020399	1991.9
0.020346	1995.3
0.020293	1998.7
0.02024	2002.1
0.020187	2005.5
0.020133	2008.9
0.02008	2012.3
0.020027	2015.7
0.019973	2019.2
0.019919	2022.6
0.019866	2026
0.019812	2029.4
0.019758	2032.8
0.019704	2036.2
0.01965	2039.6
0.019596	2043
0.019542	2046.4
0.019488	2049.8
0.019433	2053.3
0.019379	2056.7
0.019324	2060.1
0.01927	2063.5
0.019215	2066.9
0.019161	2070.3
0.019106	2073.7
0.019051	2077.1
0.018997	2080.5
0.018942	2084
0.018887	2087.4
0.018832	2090.8
0.018777	2094.2
0.018722	2097.6
0.018667	2101
0.018612	2104.4
0.018557	2107.8
0.018501	2111.2
0.018446	2114.7
0.018391	2118.1
0.018336	2121.5
0.01828	2124.9
0.018225	2128.3
0.01817	2131.7
0.018114	2135.1
0.018059	2138.5
0.018003	2141.9
0.017948	2145.3
0.017893	2148.8
0.017837	2152.2
0.017782	2155.6
0.017726	2159
0.01767	2162.4
0.017615	2165.8
0.017559	2169.2
0.017504	2172.6
0.017448	2176
0.017393	2179.5
0.017337	2182.9
0.017281	2186.3
0.017226	2189.7
0.01717	2193.1
0.017115	2196.5
0.017059	2199.9
0.017004	2203.3
0.016948	2206.7
0.016892	2210.2
0.016837	2213.6
0.016781	2217
0.016726	2220.4
0.01667	2223.8
0.016615	2227.2
0.016559	2230.6
0.016504	2234
0.016449	2237.4
0.016393	2240.8
0.016338	2244.3
0.016282	2247.7
0.016227	2251.1
0.016172	2254.5
0.016116	2257.9
0.016061	2261.3
0.016006	2264.7
0.015951	2268.1
0.015895	2271.5
0.01584	2275
0.015785	2278.4
0.01573	2281.8
0.015675	2285.2
0.01562	2288.6
0.015565	2292
0.01551	2295.4
0.015455	2298.8
0.015401	2302.2
0.015346	2305.7
0.015291	2309.1
0.015236	2312.5
0.015182	2315.9
0.015127	2319.3
0.015073	2322.7
0.015018	2326.1
0.014964	2329.5
0.014909	2332.9
0.014855	2336.3
0.014801	2339.8
0.014747	2343.2
0.014692	2346.6
0.014638	2350
0.014584	2353.4
0.01453	2356.8
0.014477	2360.2
0.014423	2363.6
0.014369	2367
0.014315	2370.5
0.014262	2373.9
0.014208	2377.3
0.014155	2380.7
0.014101	2384.1
0.014048	2387.5
0.013994	2390.9
0.013941	2394.3
0.013888	2397.7
0.013835	2401.2
0.013782	2404.6
0.013729	2408
0.013676	2411.4
0.013624	2414.8
0.013571	2418.2
0.013518	2421.6
0.013466	2425
0.013413	2428.4
0.013361	2431.8
0.013309	2435.3
0.013257	2438.7
0.013204	2442.1
0.013152	2445.5
0.013101	2448.9
0.013049	2452.3
0.012997	2455.7
0.012945	2459.1
0.012894	2462.5
0.012842	2466
0.012791	2469.4
0.01274	2472.8
0.012688	2476.2
0.012637	2479.6
0.012586	2483
0.012535	2486.4
0.012485	2489.8
0.012434	2493.2
0.012383	2496.7
0.012333	2500.1
0.012282	2503.5
0.012232	2506.9
0.012182	2510.3
0.012132	2513.7
0.012082	2517.1
0.012032	2520.5
0.011982	2523.9
0.011932	2527.3
0.011883	2530.8
0.011833	2534.2
0.011784	2537.6
0.011735	2541
0.011685	2544.4
0.011636	2547.8
0.011587	2551.2
0.011538	2554.6
0.01149	2558
0.011441	2561.5
0.011393	2564.9
0.011344	2568.3
0.011296	2571.7
0.011248	2575.1
0.0112	2578.5
0.011152	2581.9
0.011104	2585.3
0.011056	2588.7
0.011009	2592.2
0.010961	2595.6
0.010914	2599
0.010866	2602.4
0.010819	2605.8
0.010772	2609.2
0.010725	2612.6
0.010679	2616
0.010632	2619.4
0.010585	2622.9
0.010539	2626.3
0.010493	2629.7
0.010446	2633.1
0.0104	2636.5
0.010354	2639.9
0.010308	2643.3
0.010263	2646.7
0.010217	2650.1
0.010172	2653.5
0.010126	2657
0.010081	2660.4
0.010036	2663.8
0.0099911	2667.2
0.0099463	2670.6
0.0099016	2674
0.009857	2677.4
0.0098125	2680.8
0.0097681	2684.2
0.0097239	2687.7
0.0096798	2691.1
0.0096359	2694.5
0.009592	2697.9
0.0095483	2701.3
0.0095047	2704.7
0.0094613	2708.1
0.009418	2711.5
0.0093748	2714.9
0.0093317	2718.4
0.0092888	2721.8
0.009246	2725.2
0.0092033	2728.6
0.0091607	2732
0.0091183	2735.4
0.009076	2738.8
0.0090338	2742.2
0.0089918	2745.6
0.0089499	2749
0.0089081	2752.5
0.0088665	2755.9
0.008825	2759.3
0.0087836	2762.7
0.0087424	2766.1
0.0087013	2769.5
0.0086603	2772.9
0.0086194	2776.3
0.0085787	2779.7
0.0085381	2783.2
0.0084977	2786.6
0.0084574	2790
0.0084172	2793.4
0.0083771	2796.8
0.0083372	2800.2
0.0082974	2803.6
0.0082578	2807
0.0082183	2810.4
0.0081789	2813.9
0.0081396	2817.3
0.0081005	2820.7
0.0080615	2824.1
0.0080227	2827.5
0.007984	2830.9
0.0079454	2834.3
0.0079069	2837.7
0.0078686	2841.1
0.0078304	2844.5
0.0077924	2848
0.0077545	2851.4
0.0077167	2854.8
0.0076791	2858.2
0.0076416	2861.6
0.0076042	2865
0.007567	2868.4
0.0075299	2871.8
0.0074929	2875.2
0.0074561	2878.7
0.0074194	2882.1
0.0073828	2885.5
0.0073464	2888.9
0.0073101	2892.3
0.0072739	2895.7
0.0072379	2899.1
0.007202	2902.5
0.0071663	2905.9
0.0071307	2909.4
0.0070952	2912.8
0.0070598	2916.2
0.0070246	2919.6
0.0069895	2923
0.0069546	2926.4
0.0069198	2929.8
0.0068851	2933.2
0.0068506	2936.6
0.0068162	2940
0.0067819	2943.5
0.0067478	2946.9
0.0067138	2950.3
0.0066799	2953.7
0.0066462	2957.1
0.0066126	2960.5
0.0065791	2963.9
0.0065457	2967.3
0.0065125	2970.7
0.0064795	2974.2
0.0064465	2977.6
0.0064138	2981
0.0063811	2984.4
0.0063486	2987.8
0.0063162	2991.2
0.0062839	2994.6
0.0062518	2998
0.0062198	3001.4
0.0061879	3004.9
0.0061562	3008.3
0.0061245	3011.7
0.0060931	3015.1
0.0060617	3018.5
0.0060305	3021.9
0.0059995	3025.3
0.0059685	3028.7
0.0059377	3032.1
0.005907	3035.5
0.0058765	3039
0.0058461	3042.4
0.0058158	3045.8
0.0057856	3049.2
0.0057556	3052.6
0.0057257	3056
0.005696	3059.4
0.0056663	3062.8
0.0056368	3066.2
0.0056075	3069.7
0.0055782	3073.1
0.0055491	3076.5
0.0055201	3079.9
0.0054913	3083.3
0.0054626	3086.7
0.005434	3090.1
0.0054055	3093.5
0.0053772	3096.9
0.005349	3100.4
0.0053209	3103.8
0.0052929	3107.2
0.0052651	3110.6
0.0052374	3114
0.0052098	3117.4
0.0051824	3120.8
0.0051551	3124.2
0.0051279	3127.6
0.0051008	3131
0.0050739	3134.5
0.0050471	3137.9
0.0050204	3141.3
0.0049939	3144.7
0.0049675	3148.1
0.0049411	3151.5
0.004915	3154.9
0.0048889	3158.3
0.004863	3161.7
0.0048372	3165.2
0.0048115	3168.6
0.004786	3172
0.0047605	3175.4
0.0047352	3178.8
0.0047101	3182.2
0.004685	3185.6
0.0046601	3189
0.0046352	3192.4
0.0046106	3195.9
0.004586	3199.3
0.0045615	3202.7
0.0045372	3206.1
0.004513	3209.5
0.0044889	3212.9
0.004465	3216.3
0.0044412	3219.7
0.0044174	3223.1
0.0043938	3226.5
0.0043704	3230
0.004347	3233.4
0.0043238	3236.8
0.0043007	3240.2
0.0042777	3243.6
0.0042548	3247
0.004232	3250.4
0.0042094	3253.8
0.0041869	3257.2
0.0041645	3260.7
0.0041422	3264.1
0.00412	3267.5
0.004098	3270.9
0.004076	3274.3
0.0040542	3277.7
0.0040325	3281.1
0.0040109	3284.5
0.0039895	3287.9
0.0039681	3291.4
0.0039469	3294.8
0.0039258	3298.2
0.0039047	3301.6
0.0038839	3305
0.0038631	3308.4
0.0038424	3311.8
0.0038219	3315.2
0.0038014	3318.6
0.0037811	3322
0.0037609	3325.5
0.0037408	3328.9
0.0037208	3332.3
0.003701	3335.7
0.0036812	3339.1
0.0036616	3342.5
0.003642	3345.9
0.0036226	3349.3
0.0036033	3352.7
0.0035841	3356.2
0.003565	3359.6
0.003546	3363
0.0035271	3366.4
0.0035084	3369.8
0.0034897	3373.2
0.0034712	3376.6
0.0034528	3380
0.0034344	3383.4
0.0034162	3386.9
0.0033981	3390.3
0.0033801	3393.7
0.0033622	3397.1
0.0033444	3400.5
0.0033268	3403.9
0.0033092	3407.3
0.0032917	3410.7
0.0032744	3414.1
0.0032571	3417.6
0.00324	3421
0.0032229	3424.4
0.003206	3427.8
0.0031892	3431.2
0.0031725	3434.6
0.0031558	3438
0.0031393	3441.4
0.0031229	3444.8
0.0031066	3448.2
0.0030904	3451.7
0.0030743	3455.1
0.0030583	3458.5
0.0030424	3461.9
0.0030266	3465.3
0.0030109	3468.7
0.0029954	3472.1
0.0029799	3475.5
0.0029645	3478.9
0.0029492	3482.4
0.002934	3485.8
0.0029189	3489.2
0.002904	3492.6
0.0028891	3496
0.0028743	3499.4
0.0028596	3502.8
0.002845	3506.2
0.0028306	3509.6
0.0028162	3513.1
0.0028019	3516.5
0.0027877	3519.9
0.0027736	3523.3
0.0027596	3526.7
0.0027457	3530.1
0.002732	3533.5
0.0027183	3536.9
0.0027047	3540.3
0.0026912	3543.7
0.0026778	3547.2
0.0026644	3550.6
0.0026512	3554
0.0026381	3557.4
0.0026251	3560.8
0.0026122	3564.2
0.0025993	3567.6
0.0025866	3571
0.002574	3574.4
0.0025614	3577.9
0.002549	3581.3
0.0025366	3584.7
0.0025243	3588.1
0.0025122	3591.5
0.0025001	3594.9
0.0024881	3598.3
0.0024762	3601.7
0.0024644	3605.1
0.0024527	3608.6
0.0024411	3612
0.0024296	3615.4
0.0024181	3618.8
0.0024068	3622.2
0.0023956	3625.6
0.0023844	3629
0.0023733	3632.4
0.0023624	3635.8
0.0023515	3639.2
0.0023407	3642.7
0.00233	3646.1
0.0023194	3649.5
0.0023089	3652.9
0.0022984	3656.3
0.0022881	3659.7
0.0022778	3663.1
0.0022677	3666.5
0.0022576	3669.9
0.0022476	3673.4
0.0022377	3676.8
0.0022279	3680.2
0.0022182	3683.6
0.0022086	3687
0.002199	3690.4
0.0021896	3693.8
0.0021802	3697.2
0.0021709	3700.6
0.0021617	3704.1
0.0021526	3707.5
0.0021436	3710.9
0.0021347	3714.3
0.0021258	3717.7
0.0021171	3721.1
0.0021084	3724.5
0.0020998	3727.9
0.0020913	3731.3
0.0020829	3734.7
0.0020745	3738.2
0.0020663	3741.6
0.0020581	3745
0.0020501	3748.4
0.0020421	3751.8
0.0020342	3755.2
0.0020264	3758.6
0.0020186	3762
0.002011	3765.4
0.0020034	3768.9
0.001996	3772.3
0.0019886	3775.7
0.0019812	3779.1
0.001974	3782.5
0.0019669	3785.9
0.0019598	3789.3
0.0019528	3792.7
0.001946	3796.1
0.0019391	3799.6
0.0019324	3803
0.0019258	3806.4
0.0019192	3809.8
0.0019127	3813.2
0.0019064	3816.6
0.0019	3820
0.0018938	3823.4
0.0018877	3826.8
0.0018816	3830.2
0.0018756	3833.7
0.0018697	3837.1
0.0018639	3840.5
0.0018582	3843.9
0.0018525	3847.3
0.001847	3850.7
0.0018415	3854.1
0.0018361	3857.5
0.0018308	3860.9
0.0018255	3864.4
0.0018204	3867.8
0.0018153	3871.2
0.0018103	3874.6
0.0018054	3878
0.0018006	3881.4
0.0017958	3884.8
0.0017911	3888.2
0.0017866	3891.6
0.001782	3895.1
0.0017776	3898.5
0.0017733	3901.9
0.001769	3905.3
0.0017648	3908.7
0.0017607	3912.1
0.0017567	3915.5
0.0017528	3918.9
0.0017489	3922.3
0.0017451	3925.7
0.0017415	3929.2
0.0017378	3932.6
0.0017343	3936
0.0017309	3939.4
0.0017275	3942.8
0.0017242	3946.2
0.001721	3949.6
0.0017179	3953
0.0017148	3956.4
0.0017119	3959.9
0.001709	3963.3
0.0017062	3966.7
0.0017035	3970.1
0.0017008	3973.5
0.0016983	3976.9
0.0016958	3980.3
0.0016934	3983.7
0.0016911	3987.1
0.0016889	3990.6
0.0016867	3994
0.0016846	3997.4
0.0016827	4000.8
0.0016808	4004.2
0.0016789	4007.6
0.0016772	4011
0.0016755	4014.4
0.001674	4017.8
0.0016725	4021.2
0.0016711	4024.7
0.0016697	4028.1
0.0016685	4031.5
0.0016673	4034.9
0.0016663	4038.3
0.0016653	4041.7
0.0016644	4045.1
0.0016635	4048.5
0.0016628	4051.9
0.0016621	4055.4
0.0016615	4058.8
0.001661	4062.2
0.0016606	4065.6
0.0016603	4069
0.0016601	4072.4
0.0016599	4075.8
0.0016598	4079.2
0.0016599	4082.6
0.00166	4086.1
0.0016601	4089.5
0.0016604	4092.9
0.0016608	4096.3
0.0016612	4099.7
0.0016617	4103.1
0.0016623	4106.5
0.001663	4109.9
0.0016638	4113.3
0.0016647	4116.7
0.0016656	4120.2
0.0016667	4123.6
0.0016678	4127
0.001669	4130.4
0.0016703	4133.8
0.0016717	4137.2
0.0016732	4140.6
0.0016748	4144
0.0016764	4147.4
0.0016782	4150.9
0.00168	4154.3
0.0016819	4157.7
0.001684	4161.1
0.0016861	4164.5
0.0016883	4167.9
0.0016905	4171.3
0.0016929	4174.7
0.0016954	4178.1
0.0016979	4181.6
0.0017006	4185
0.0017033	4188.4
0.0017062	4191.8
0.0017091	4195.2
0.0017121	4198.6
0.0017152	4202
0.0017185	4205.4
0.0017218	4208.8
0.0017252	4212.2
0.0017286	4215.7
0.0017322	4219.1
0.0017359	4222.5
0.0017397	4225.9
0.0017436	4229.3
0.0017475	4232.7
0.0017516	4236.1
0.0017558	4239.5
0.00176	4242.9
0.0017644	4246.4
0.0017689	4249.8
0.0017734	4253.2
0.0017781	4256.6
0.0017829	4260
