1.722e-10	0
7.0061e-05	3.1305
0.00014013	6.261
0.0002102	9.3915
0.00028028	12.522
0.00035039	15.653
0.00042051	18.783
0.00049065	21.914
0.00056083	25.044
0.00063104	28.175
0.00070128	31.305
0.00077157	34.436
0.0008419	37.566
0.00091228	40.697
0.00098271	43.827
0.0010532	46.958
0.0011238	50.088
0.0011944	53.219
0.0012651	56.349
0.0013358	59.48
0.0014066	62.61
0.0014776	65.741
0.0015486	68.871
0.0016197	72.002
0.0016908	75.132
0.0017621	78.263
0.0018335	81.393
0.001905	84.524
0.0019766	87.654
0.0020483	90.785
0.0021201	93.915
0.002192	97.046
0.0022641	100.18
0.0023362	103.31
0.0024085	106.44
0.002481	109.57
0.0025536	112.7
0.0026263	115.83
0.0026991	118.96
0.0027721	122.09
0.0028453	125.22
0.0029186	128.35
0.0029921	131.48
0.0030657	134.61
0.0031395	137.74
0.0032135	140.87
0.0032876	144
0.0033619	147.13
0.0034364	150.26
0.0035111	153.39
0.0035859	156.53
0.003661	159.66
0.0037362	162.79
0.0038116	165.92
0.0038873	169.05
0.0039631	172.18
0.0040391	175.31
0.0041154	178.44
0.0041918	181.57
0.0042685	184.7
0.0043454	187.83
0.0044225	190.96
0.0044998	194.09
0.0045774	197.22
0.0046551	200.35
0.0047331	203.48
0.0048114	206.61
0.0048898	209.74
0.0049685	212.87
0.0050474	216
0.0051266	219.14
0.005206	222.27
0.0052856	225.4
0.0053654	228.53
0.0054455	231.66
0.0055259	234.79
0.0056064	237.92
0.0056872	241.05
0.0057682	244.18
0.0058495	247.31
0.005931	250.44
0.0060127	253.57
0.0060947	256.7
0.0061769	259.83
0.0062593	262.96
0.0063419	266.09
0.0064247	269.22
0.0065078	272.35
0.0065911	275.48
0.0066745	278.61
0.0067582	281.75
0.0068421	284.88
0.0069262	288.01
0.0070105	291.14
0.007095	294.27
0.0071797	297.4
0.0072645	300.53
0.0073496	303.66
0.0074348	306.79
0.0075202	309.92
0.0076057	313.05
0.0076914	316.18
0.0077773	319.31
0.0078633	322.44
0.0079495	325.57
0.0080358	328.7
0.0081222	331.83
0.0082088	334.96
0.0082955	338.09
0.0083823	341.22
0.0084693	344.36
0.0085563	347.49
0.0086435	350.62
0.0087307	353.75
0.0088181	356.88
0.0089055	360.01
0.008993	363.14
0.0090806	366.27
0.0091682	369.4
0.009256	372.53
0.0093437	375.66
0.0094316	378.79
0.0095195	381.92
0.0096074	385.05
0.0096954	388.18
0.0097834	391.31
0.0098714	394.44
0.0099595	397.57
0.010048	400.7
0.010136	403.84
0.010224	406.97
0.010312	410.1
0.0104	413.23
0.010488	416.36
0.010576	419.49
0.010664	422.62
0.010752	425.75
0.01084	428.88
0.010928	432.01
0.011016	435.14
0.011104	438.27
0.011192	441.4
0.011279	444.53
0.011367	447.66
0.011455	450.79
0.011542	453.92
0.01163	457.05
0.011717	460.18
0.011805	463.31
0.011892	466.45
0.011979	469.58
0.012066	472.71
0.012153	475.84
0.01224	478.97
0.012327	482.1
0.012414	485.23
0.012501	488.36
0.012587	491.49
0.012673	494.62
0.01276	497.75
0.012846	500.88
0.012932	504.01
0.013018	507.14
0.013103	510.27
0.013189	513.4
0.013275	516.53
0.01336	519.66
0.013445	522.79
0.01353	525.92
0.013615	529.06
0.0137	532.19
0.013784	535.32
0.013869	538.45
0.013953	541.58
0.014037	544.71
0.014121	547.84
0.014205	550.97
0.014288	554.1
0.014371	557.23
0.014455	560.36
0.014538	563.49
0.01462	566.62
0.014703	569.75
0.014785	572.88
0.014868	576.01
0.01495	579.14
0.015031	582.27
0.015113	585.4
0.015194	588.53
0.015276	591.67
0.015357	594.8
0.015437	597.93
0.015518	601.06
0.015598	604.19
0.015678	607.32
0.015758	610.45
0.015838	613.58
0.015917	616.71
0.015997	619.84
0.016076	622.97
0.016154	626.1
0.016233	629.23
0.016311	632.36
0.016389	635.49
0.016467	638.62
0.016544	641.75
0.016622	644.88
0.016699	648.01
0.016776	651.14
0.016852	654.28
0.016929	657.41
0.017005	660.54
0.01708	663.67
0.017156	666.8
0.017231	669.93
0.017306	673.06
0.017381	676.19
0.017456	679.32
0.01753	682.45
0.017604	685.58
0.017678	688.71
0.017751	691.84
0.017824	694.97
0.017897	698.1
0.01797	701.23
0.018042	704.36
0.018114	707.49
0.018186	710.62
0.018257	713.76
0.018329	716.89
0.0184	720.02
0.01847	723.15
0.018541	726.28
0.018611	729.41
0.018681	732.54
0.01875	735.67
0.018819	738.8
0.018888	741.93
0.018957	745.06
0.019025	748.19
0.019094	751.32
0.019161	754.45
0.019229	757.58
0.019296	760.71
0.019363	763.84
0.019429	766.97
0.019496	770.1
0.019562	773.23
0.019627	776.37
0.019693	779.5
0.019758	782.63
0.019823	785.76
0.019887	788.89
0.019951	792.02
0.020015	795.15
0.020079	798.28
0.020142	801.41
0.020205	804.54
0.020267	807.67
0.020329	810.8
0.020391	813.93
0.020453	817.06
0.020514	820.19
0.020575	823.32
0.020636	826.45
0.020696	829.58
0.020756	832.71
0.020816	835.84
0.020876	838.98
0.020935	842.11
0.020993	845.24
0.021052	848.37
0.02111	851.5
0.021168	854.63
0.021225	857.76
0.021282	860.89
0.021339	864.02
0.021395	867.15
0.021451	870.28
0.021507	873.41
0.021562	876.54
0.021618	879.67
0.021672	882.8
0.021727	885.93
0.021781	889.06
0.021834	892.19
0.021888	895.32
0.021941	898.45
0.021994	901.59
0.022046	904.72
0.022098	907.85
0.02215	910.98
0.022201	914.11
0.022252	917.24
0.022303	920.37
0.022353	923.5
0.022403	926.63
0.022452	929.76
0.022502	932.89
0.02255	936.02
0.022599	939.15
0.022647	942.28
0.022695	945.41
0.022742	948.54
0.02279	951.67
0.022836	954.8
0.022883	957.93
0.022929	961.06
0.022975	964.2
0.02302	967.33
0.023065	970.46
0.02311	973.59
0.023154	976.72
0.023198	979.85
0.023241	982.98
0.023284	986.11
0.023327	989.24
0.02337	992.37
0.023412	995.5
0.023454	998.63
0.023495	1001.8
0.023536	1004.9
0.023577	1008
0.023617	1011.2
0.023657	1014.3
0.023697	1017.4
0.023736	1020.5
0.023775	1023.7
0.023813	1026.8
0.023851	1029.9
0.023889	1033.1
0.023926	1036.2
0.023963	1039.3
0.024	1042.5
0.024036	1045.6
0.024072	1048.7
0.024108	1051.8
0.024143	1055
0.024178	1058.1
0.024212	1061.2
0.024246	1064.4
0.02428	1067.5
0.024313	1070.6
0.024346	1073.8
0.024379	1076.9
0.024411	1080
0.024443	1083.2
0.024474	1086.3
0.024506	1089.4
0.024536	1092.5
0.024567	1095.7
0.024597	1098.8
0.024626	1101.9
0.024656	1105.1
0.024685	1108.2
0.024713	1111.3
0.024741	1114.5
0.024769	1117.6
0.024796	1120.7
0.024824	1123.9
0.02485	1127
0.024877	1130.1
0.024902	1133.2
0.024928	1136.4
0.024953	1139.5
0.024978	1142.6
0.025003	1145.8
0.025027	1148.9
0.02505	1152
0.025074	1155.2
0.025097	1158.3
0.025119	1161.4
0.025142	1164.5
0.025163	1167.7
0.025185	1170.8
0.025206	1173.9
0.025227	1177.1
0.025247	1180.2
0.025267	1183.3
0.025287	1186.5
0.025306	1189.6
0.025325	1192.7
0.025344	1195.9
0.025362	1199
0.02538	1202.1
0.025397	1205.2
0.025414	1208.4
0.025431	1211.5
0.025448	1214.6
0.025464	1217.8
0.025479	1220.9
0.025494	1224
0.025509	1227.2
0.025524	1230.3
0.025538	1233.4
0.025552	1236.5
0.025565	1239.7
0.025579	1242.8
0.025591	1245.9
0.025604	1249.1
0.025616	1252.2
0.025627	1255.3
0.025639	1258.5
0.02565	1261.6
0.02566	1264.7
0.025671	1267.9
0.02568	1271
0.02569	1274.1
0.025699	1277.2
0.025708	1280.4
0.025716	1283.5
0.025725	1286.6
0.025732	1289.8
0.02574	1292.9
0.025747	1296
0.025754	1299.2
0.02576	1302.3
0.025766	1305.4
0.025772	1308.6
0.025777	1311.7
0.025782	1314.8
0.025786	1317.9
0.025791	1321.1
0.025795	1324.2
0.025798	1327.3
0.025801	1330.5
0.025804	1333.6
0.025807	1336.7
0.025809	1339.9
0.025811	1343
0.025812	1346.1
0.025814	1349.2
0.025814	1352.4
0.025815	1355.5
0.025815	1358.6
0.025815	1361.8
0.025814	1364.9
0.025813	1368
0.025812	1371.2
0.025811	1374.3
0.025809	1377.4
0.025807	1380.6
0.025804	1383.7
0.025801	1386.8
0.025798	1389.9
0.025795	1393.1
0.025791	1396.2
0.025787	1399.3
0.025782	1402.5
0.025777	1405.6
0.025772	1408.7
0.025767	1411.9
0.025761	1415
0.025755	1418.1
0.025748	1421.2
0.025741	1424.4
0.025734	1427.5
0.025727	1430.6
0.025719	1433.8
0.025711	1436.9
0.025703	1440
0.025694	1443.2
0.025685	1446.3
0.025676	1449.4
0.025666	1452.6
0.025656	1455.7
0.025646	1458.8
0.025636	1461.9
0.025625	1465.1
0.025614	1468.2
0.025602	1471.3
0.02559	1474.5
0.025578	1477.6
0.025566	1480.7
0.025553	1483.9
0.02554	1487
0.025527	1490.1
0.025513	1493.3
0.025499	1496.4
0.025485	1499.5
0.025471	1502.6
0.025456	1505.8
0.025441	1508.9
0.025425	1512
0.02541	1515.2
0.025394	1518.3
0.025378	1521.4
0.025361	1524.6
0.025344	1527.7
0.025327	1530.8
0.02531	1533.9
0.025292	1537.1
0.025274	1540.2
0.025256	1543.3
0.025237	1546.5
0.025218	1549.6
0.025199	1552.7
0.02518	1555.9
0.02516	1559
0.02514	1562.1
0.02512	1565.3
0.0251	1568.4
0.025079	1571.5
0.025058	1574.6
0.025037	1577.8
0.025015	1580.9
0.024993	1584
0.024971	1587.2
0.024949	1590.3
0.024926	1593.4
0.024903	1596.6
0.02488	1599.7
0.024857	1602.8
0.024833	1605.9
0.024809	1609.1
0.024785	1612.2
0.02476	1615.3
0.024736	1618.5
0.024711	1621.6
0.024686	1624.7
0.02466	1627.9
0.024634	1631
0.024608	1634.1
0.024582	1637.3
0.024556	1640.4
0.024529	1643.5
0.024502	1646.6
0.024475	1649.8
0.024448	1652.9
0.02442	1656
0.024392	1659.2
0.024364	1662.3
0.024335	1665.4
0.024307	1668.6
0.024278	1671.7
0.024249	1674.8
0.02422	1678
0.02419	1681.1
0.02416	1684.2
0.02413	1687.3
0.0241	1690.5
0.024069	1693.6
0.024039	1696.7
0.024008	1699.9
0.023977	1703
0.023945	1706.1
0.023914	1709.3
0.023882	1712.4
0.02385	1715.5
0.023818	1718.6
0.023785	1721.8
0.023753	1724.9
0.02372	1728
0.023687	1731.2
0.023654	1734.3
0.02362	1737.4
0.023586	1740.6
0.023553	1743.7
0.023518	1746.8
0.023484	1750
0.02345	1753.1
0.023415	1756.2
0.02338	1759.3
0.023345	1762.5
0.02331	1765.6
0.023274	1768.7
0.023239	1771.9
0.023203	1775
0.023167	1778.1
0.02313	1781.3
0.023094	1784.4
0.023057	1787.5
0.023021	1790.6
0.022984	1793.8
0.022946	1796.9
0.022909	1800
0.022872	1803.2
0.022834	1806.3
0.022796	1809.4
0.022758	1812.6
0.02272	1815.7
0.022681	1818.8
0.022643	1822
0.022604	1825.1
0.022565	1828.2
0.022526	1831.3
0.022487	1834.5
0.022448	1837.6
0.022408	1840.7
0.022368	1843.9
0.022329	1847
0.022289	1850.1
0.022248	1853.3
0.022208	1856.4
0.022168	1859.5
0.022127	1862.7
0.022086	1865.8
0.022045	1868.9
0.022004	1872
0.021963	1875.2
0.021922	1878.3
0.02188	1881.4
0.021839	1884.6
0.021797	1887.7
0.021755	1890.8
0.021713	1894
0.021671	1897.1
0.021628	1900.2
0.021586	1903.3
0.021543	1906.5
0.0215	1909.6
0.021458	1912.7
0.021415	1915.9
0.021372	1919
0.021328	1922.1
0.021285	1925.3
0.021242	1928.4
0.021198	1931.5
0.021154	1934.7
0.02111	1937.8
0.021066	1940.9
0.021022	1944
0.020978	1947.2
0.020934	1950.3
0.02089	1953.4
0.020845	1956.6
0.0208	1959.7
0.020756	1962.8
0.020711	1966
0.020666	1969.1
0.020621	1972.2
0.020576	1975.3
0.020531	1978.5
0.020485	1981.6
0.02044	1984.7
0.020394	1987.9
0.020349	1991
0.020303	1994.1
0.020257	1997.3
0.020211	2000.4
0.020165	2003.5
0.020119	2006.7
0.020073	2009.8
0.020027	2012.9
0.019981	2016
0.019934	2019.2
0.019888	2022.3
0.019842	2025.4
0.019795	2028.6
0.019748	2031.7
0.019701	2034.8
0.019655	2038
0.019608	2041.1
0.019561	2044.2
0.019514	2047.3
0.019467	2050.5
0.01942	2053.6
0.019372	2056.7
0.019325	2059.9
0.019278	2063
0.01923	2066.1
0.019183	2069.3
0.019135	2072.4
0.019088	2075.5
0.01904	2078.7
0.018992	2081.8
0.018945	2084.9
0.018897	2088
0.018849	2091.2
0.018801	2094.3
0.018753	2097.4
0.018705	2100.6
0.018657	2103.7
0.018609	2106.8
0.018561	2110
0.018513	2113.1
0.018465	2116.2
0.018417	2119.4
0.018368	2122.5
0.01832	2125.6
0.018272	2128.7
0.018223	2131.9
0.018175	2135
0.018126	2138.1
0.018078	2141.3
0.01803	2144.4
0.017981	2147.5
0.017933	2150.7
0.017884	2153.8
0.017835	2156.9
0.017787	2160
0.017738	2163.2
0.01769	2166.3
0.017641	2169.4
0.017592	2172.6
0.017544	2175.7
0.017495	2178.8
0.017446	2182
0.017397	2185.1
0.017349	2188.2
0.0173	2191.4
0.017251	2194.5
0.017203	2197.6
0.017154	2200.7
0.017105	2203.9
0.017056	2207
0.017008	2210.1
0.016959	2213.3
0.01691	2216.4
0.016861	2219.5
0.016812	2222.7
0.016764	2225.8
0.016715	2228.9
0.016666	2232
0.016617	2235.2
0.016569	2238.3
0.01652	2241.4
0.016471	2244.6
0.016423	2247.7
0.016374	2250.8
0.016325	2254
0.016277	2257.1
0.016228	2260.2
0.016179	2263.4
0.016131	2266.5
0.016082	2269.6
0.016034	2272.7
0.015985	2275.9
0.015937	2279
0.015888	2282.1
0.01584	2285.3
0.015791	2288.4
0.015743	2291.5
0.015694	2294.7
0.015646	2297.8
0.015598	2300.9
0.015549	2304.1
0.015501	2307.2
0.015453	2310.3
0.015405	2313.4
0.015356	2316.6
0.015308	2319.7
0.01526	2322.8
0.015212	2326
0.015164	2329.1
0.015116	2332.2
0.015068	2335.4
0.01502	2338.5
0.014972	2341.6
0.014925	2344.7
0.014877	2347.9
0.014829	2351
0.014781	2354.1
0.014734	2357.3
0.014686	2360.4
0.014638	2363.5
0.014591	2366.7
0.014544	2369.8
0.014496	2372.9
0.014449	2376.1
0.014401	2379.2
0.014354	2382.3
0.014307	2385.4
0.01426	2388.6
0.014213	2391.7
0.014166	2394.8
0.014119	2398
0.014072	2401.1
0.014025	2404.2
0.013978	2407.4
0.013932	2410.5
0.013885	2413.6
0.013838	2416.7
0.013792	2419.9
0.013745	2423
0.013699	2426.1
0.013652	2429.3
0.013606	2432.4
0.01356	2435.5
0.013514	2438.7
0.013468	2441.8
0.013422	2444.9
0.013376	2448.1
0.01333	2451.2
0.013284	2454.3
0.013238	2457.4
0.013193	2460.6
0.013147	2463.7
0.013102	2466.8
0.013056	2470
0.013011	2473.1
0.012965	2476.2
0.01292	2479.4
0.012875	2482.5
0.01283	2485.6
0.012785	2488.8
0.01274	2491.9
0.012695	2495
0.012651	2498.1
0.012606	2501.3
0.012561	2504.4
0.012517	2507.5
0.012472	2510.7
0.012428	2513.8
0.012384	2516.9
0.01234	2520.1
0.012296	2523.2
0.012252	2526.3
0.012208	2529.4
0.012164	2532.6
0.01212	2535.7
0.012077	2538.8
0.012033	2542
0.01199	2545.1
0.011946	2548.2
0.011903	2551.4
0.01186	2554.5
0.011817	2557.6
0.011774	2560.8
0.011731	2563.9
0.011688	2567
0.011645	2570.1
0.011602	2573.3
0.01156	2576.4
0.011517	2579.5
0.011475	2582.7
0.011433	2585.8
0.011391	2588.9
0.011348	2592.1
0.011307	2595.2
0.011265	2598.3
0.011223	2601.4
0.011181	2604.6
0.01114	2607.7
0.011098	2610.8
0.011057	2614
0.011015	2617.1
0.010974	2620.2
0.010933	2623.4
0.010892	2626.5
0.010851	2629.6
0.010811	2632.8
0.01077	2635.9
0.010729	2639
0.010689	2642.1
0.010648	2645.3
0.010608	2648.4
0.010568	2651.5
0.010528	2654.7
0.010488	2657.8
0.010448	2660.9
0.010408	2664.1
0.010369	2667.2
0.010329	2670.3
0.01029	2673.5
0.010251	2676.6
0.010211	2679.7
0.010172	2682.8
0.010133	2686
0.010094	2689.1
0.010056	2692.2
0.010017	2695.4
0.0099785	2698.5
0.00994	2701.6
0.0099017	2704.8
0.0098635	2707.9
0.0098254	2711
0.0097874	2714.1
0.0097495	2717.3
0.0097117	2720.4
0.0096741	2723.5
0.0096365	2726.7
0.0095991	2729.8
0.0095618	2732.9
0.0095246	2736.1
0.0094875	2739.2
0.0094505	2742.3
0.0094136	2745.5
0.0093768	2748.6
0.0093402	2751.7
0.0093037	2754.8
0.0092673	2758
0.009231	2761.1
0.0091948	2764.2
0.0091587	2767.4
0.0091227	2770.5
0.0090869	2773.6
0.0090512	2776.8
0.0090156	2779.9
0.0089801	2783
0.0089447	2786.1
0.0089095	2789.3
0.0088743	2792.4
0.0088393	2795.5
0.0088044	2798.7
0.0087696	2801.8
0.0087349	2804.9
0.0087004	2808.1
0.0086659	2811.2
0.0086316	2814.3
0.0085974	2817.5
0.0085633	2820.6
0.0085294	2823.7
0.0084955	2826.8
0.0084618	2830
0.0084282	2833.1
0.0083947	2836.2
0.0083613	2839.4
0.0083281	2842.5
0.0082949	2845.6
0.0082619	2848.8
0.008229	2851.9
0.0081963	2855
0.0081636	2858.2
0.0081311	2861.3
0.0080987	2864.4
0.0080664	2867.5
0.0080342	2870.7
0.0080022	2873.8
0.0079702	2876.9
0.0079384	2880.1
0.0079067	2883.2
0.0078752	2886.3
0.0078437	2889.5
0.0078124	2892.6
0.0077812	2895.7
0.0077501	2898.8
0.0077191	2902
0.0076883	2905.1
0.0076576	2908.2
0.007627	2911.4
0.0075965	2914.5
0.0075661	2917.6
0.0075359	2920.8
0.0075058	2923.9
0.0074758	2927
0.0074459	2930.2
0.0074162	2933.3
0.0073866	2936.4
0.0073571	2939.5
0.0073277	2942.7
0.0072984	2945.8
0.0072693	2948.9
0.0072403	2952.1
0.0072114	2955.2
0.0071826	2958.3
0.007154	2961.5
0.0071254	2964.6
0.007097	2967.7
0.0070688	2970.8
0.0070406	2974
0.0070126	2977.1
0.0069847	2980.2
0.0069569	2983.4
0.0069292	2986.5
0.0069016	2989.6
0.0068742	2992.8
0.0068469	2995.9
0.0068197	2999
0.0067927	3002.2
0.0067658	3005.3
0.0067389	3008.4
0.0067123	3011.5
0.0066857	3014.7
0.0066592	3017.8
0.0066329	3020.9
0.0066067	3024.1
0.0065806	3027.2
0.0065547	3030.3
0.0065289	3033.5
0.0065032	3036.6
0.0064776	3039.7
0.0064521	3042.9
0.0064268	3046
0.0064015	3049.1
0.0063764	3052.2
0.0063515	3055.4
0.0063266	3058.5
0.0063019	3061.6
0.0062773	3064.8
0.0062528	3067.9
0.0062284	3071
0.0062042	3074.2
0.0061801	3077.3
0.0061561	3080.4
0.0061322	3083.5
0.0061085	3086.7
0.0060848	3089.8
0.0060613	3092.9
0.0060379	3096.1
0.0060147	3099.2
0.0059915	3102.3
0.0059685	3105.5
0.0059456	3108.6
0.0059229	3111.7
0.0059002	3114.9
0.0058777	3118
0.0058553	3121.1
0.005833	3124.2
0.0058108	3127.4
0.0057888	3130.5
0.0057669	3133.6
0.0057451	3136.8
0.0057234	3139.9
0.0057018	3143
0.0056804	3146.2
0.0056591	3149.3
0.0056379	3152.4
0.0056168	3155.5
0.0055959	3158.7
0.005575	3161.8
0.0055543	3164.9
0.0055338	3168.1
0.0055133	3171.2
0.0054929	3174.3
0.0054727	3177.5
0.0054526	3180.6
0.0054326	3183.7
0.0054128	3186.9
0.0053931	3190
0.0053734	3193.1
0.0053539	3196.2
0.0053346	3199.4
0.0053153	3202.5
0.0052962	3205.6
0.0052772	3208.8
0.0052583	3211.9
0.0052395	3215
0.0052208	3218.2
0.0052023	3221.3
0.0051839	3224.4
0.0051656	3227.6
0.0051474	3230.7
0.0051294	3233.8
0.0051115	3236.9
0.0050937	3240.1
0.005076	3243.2
0.0050584	3246.3
0.0050409	3249.5
0.0050236	3252.6
0.0050064	3255.7
0.0049893	3258.9
0.0049723	3262
0.0049555	3265.1
0.0049388	3268.2
0.0049222	3271.4
0.0049057	3274.5
0.0048893	3277.6
0.004873	3280.8
0.0048569	3283.9
0.0048409	3287
0.004825	3290.2
0.0048092	3293.3
0.0047936	3296.4
0.004778	3299.6
0.0047626	3302.7
0.0047473	3305.8
0.0047321	3308.9
0.0047171	3312.1
0.0047021	3315.2
0.0046873	3318.3
0.0046726	3321.5
0.004658	3324.6
0.0046436	3327.7
0.0046292	3330.9
0.004615	3334
0.0046009	3337.1
0.0045869	3340.2
0.0045731	3343.4
0.0045593	3346.5
0.0045457	3349.6
0.0045322	3352.8
0.0045188	3355.9
0.0045055	3359
0.0044924	3362.2
0.0044793	3365.3
0.0044664	3368.4
0.0044536	3371.6
0.0044409	3374.7
0.0044284	3377.8
0.0044159	3380.9
0.0044036	3384.1
0.0043914	3387.2
0.0043793	3390.3
0.0043674	3393.5
0.0043555	3396.6
0.0043438	3399.7
0.0043322	3402.9
0.0043207	3406
0.0043094	3409.1
0.0042981	3412.2
0.004287	3415.4
0.004276	3418.5
0.0042651	3421.6
0.0042543	3424.8
0.0042437	3427.9
0.0042331	3431
0.0042227	3434.2
0.0042124	3437.3
0.0042022	3440.4
0.0041922	3443.6
0.0041822	3446.7
0.0041724	3449.8
0.0041627	3452.9
0.0041531	3456.1
0.0041437	3459.2
0.0041343	3462.3
0.0041251	3465.5
0.004116	3468.6
0.0041071	3471.7
0.0040982	3474.9
0.0040894	3478
0.0040808	3481.1
0.0040723	3484.3
0.0040639	3487.4
0.0040557	3490.5
0.0040475	3493.6
0.0040395	3496.8
0.0040316	3499.9
0.0040238	3503
0.0040162	3506.2
0.0040086	3509.3
0.0040012	3512.4
0.0039939	3515.6
0.0039867	3518.7
0.0039797	3521.8
0.0039727	3524.9
0.0039659	3528.1
0.0039592	3531.2
0.0039527	3534.3
0.0039462	3537.5
0.0039399	3540.6
0.0039337	3543.7
0.0039276	3546.9
0.0039216	3550
0.0039158	3553.1
0.00391	3556.3
0.0039044	3559.4
0.003899	3562.5
0.0038936	3565.6
0.0038884	3568.8
0.0038833	3571.9
0.0038783	3575
0.0038734	3578.2
0.0038687	3581.3
0.003864	3584.4
0.0038595	3587.6
0.0038552	3590.7
0.0038509	3593.8
0.0038468	3596.9
0.0038428	3600.1
0.0038389	3603.2
0.0038351	3606.3
0.0038315	3609.5
0.003828	3612.6
0.0038246	3615.7
0.0038213	3618.9
0.0038182	3622
0.0038152	3625.1
0.0038123	3628.3
0.0038095	3631.4
0.0038069	3634.5
0.0038044	3637.6
0.003802	3640.8
0.0037997	3643.9
0.0037976	3647
0.0037956	3650.2
0.0037937	3653.3
0.0037919	3656.4
0.0037903	3659.6
0.0037888	3662.7
0.0037874	3665.8
0.0037862	3669
0.0037851	3672.1
0.0037841	3675.2
0.0037832	3678.3
0.0037825	3681.5
0.0037819	3684.6
0.0037814	3687.7
0.0037811	3690.9
0.0037808	3694
0.0037808	3697.1
0.0037808	3700.3
0.003781	3703.4
0.0037813	3706.5
0.0037817	3709.6
0.0037823	3712.8
0.003783	3715.9
0.0037838	3719
0.0037848	3722.2
0.0037859	3725.3
0.0037871	3728.4
0.0037885	3731.6
0.00379	3734.7
0.0037917	3737.8
0.0037934	3741
0.0037953	3744.1
0.0037974	3747.2
0.0037996	3750.3
0.0038019	3753.5
0.0038043	3756.6
0.0038069	3759.7
0.0038096	3762.9
0.0038125	3766
0.0038155	3769.1
0.0038186	3772.3
0.0038219	3775.4
0.0038253	3778.5
0.0038289	3781.6
0.0038326	3784.8
0.0038364	3787.9
0.0038404	3791
0.0038445	3794.2
0.0038488	3797.3
0.0038532	3800.4
0.0038578	3803.6
0.0038624	3806.7
0.0038673	3809.8
0.0038723	3813
0.0038774	3816.1
0.0038827	3819.2
0.0038881	3822.3
0.0038936	3825.5
0.0038994	3828.6
0.0039052	3831.7
0.0039112	3834.9
0.0039174	3838
0.0039237	3841.1
0.0039301	3844.3
0.0039367	3847.4
0.0039435	3850.5
0.0039504	3853.7
0.0039574	3856.8
0.0039647	3859.9
0.003972	3863
0.0039795	3866.2
0.0039872	3869.3
0.003995	3872.4
0.004003	3875.6
0.0040111	3878.7
0.0040194	3881.8
0.0040279	3885
0.0040365	3888.1
0.0040453	3891.2
0.0040542	3894.3
0.0040633	3897.5
0.0040725	3900.6
0.0040819	3903.7
0.0040915	3906.9
0.0041012	3910
