4.6976e-16	0
8.1391e-05	20.05
0.0001643	40.1
0.00025018	60.15
0.00034043	80.201
0.0004364	100.25
0.00053956	120.3
0.00065144	140.35
0.00077375	160.4
0.00090824	180.45
0.0010567	200.5
0.0012208	220.55
0.0014023	240.6
0.0016029	260.65
0.0018243	280.7
0.002068	300.75
0.0023356	320.8
0.0026287	340.85
0.0029487	360.9
0.0032969	380.95
0.0036742	401
0.0040816	421.05
0.0045197	441.1
0.0049893	461.15
0.0054903	481.2
0.0059887	500
0.0060229	501.25
0.0065872	521.3
0.0071829	541.35
0.0078093	561.4
0.0084659	581.45
0.009152	601.5
0.0098666	621.55
0.010609	641.6
0.011376	661.65
0.012169	681.7
0.012984	701.75
0.01382	721.8
0.014676	741.85
0.015548	761.9
0.016436	781.95
0.017336	802.01
0.018246	822.06
0.019163	842.11
0.020085	862.16
0.021008	882.21
0.021929	902.26
0.022845	922.31
0.023752	942.36
0.024647	962.41
0.025526	982.46
0.026385	1002.5
0.027221	1022.6
0.028028	1042.6
0.028805	1062.7
0.029546	1082.7
0.030248	1102.8
0.030908	1122.8
0.031521	1142.9
0.032085	1162.9
0.032596	1183
0.033053	1203
0.033451	1223.1
0.03379	1243.1
0.034067	1263.2
0.034282	1283.2
0.034434	1303.3
0.03452	1323.3
0.034543	1343.4
0.034502	1363.4
0.034397	1383.5
0.034231	1403.5
0.034003	1423.6
0.033717	1443.6
0.033373	1463.7
0.032976	1483.7
0.032526	1503.8
0.032028	1523.8
0.031483	1543.9
0.030896	1563.9
0.030269	1584
0.029607	1604
0.028913	1624.1
0.028191	1644.1
0.027443	1664.2
0.026674	1684.2
0.025887	1704.3
0.025086	1724.3
0.024273	1744.4
0.023453	1764.4
0.022628	1784.5
0.021801	1804.5
0.020975	1824.6
0.020152	1844.6
0.019335	1864.7
0.018527	1884.7
0.017729	1904.8
0.016943	1924.8
0.01617	1944.9
0.015413	1964.9
0.014673	1985
0.013951	2005
0.013248	2025.1
0.012565	2045.1
0.011903	2065.2
0.011262	2085.2
0.010643	2105.3
0.010047	2125.3
0.0094722	2145.4
0.0089203	2165.4
0.008391	2185.5
0.0078841	2205.5
0.0073995	2225.6
0.0069368	2245.6
0.0064959	2265.7
0.0060761	2285.7
0.0056771	2305.8
0.0052985	2325.8
0.0049396	2345.9
0.0046	2365.9
0.0042791	2386
0.0039762	2406
0.0036906	2426.1
0.0034218	2446.1
0.0031689	2466.2
0.0029315	2486.2
0.0027087	2506.3
0.0024999	2526.3
0.0023045	2546.4
0.0021218	2566.4
0.0019512	2586.5
0.0017921	2606.5
0.0016439	2626.6
0.0015059	2646.6
0.0013775	2666.7
0.0012583	2686.7
0.0011475	2706.8
0.0010447	2726.8
0.00094925	2746.9
0.00086066	2766.9
0.00077844	2787
0.00070213	2807
0.00063126	2827.1
0.00056541	2847.1
0.00050416	2867.2
0.0004471	2887.2
0.00039385	2907.3
0.000344	2927.3
0.00029721	2947.4
0.00025311	2967.4
0.00021135	2987.5
0.00020622	2990
