4.2919e-12	0
2.6739e-05	4.3715
5.3515e-05	8.743
8.0365e-05	13.114
0.00010733	17.486
0.00013444	21.857
0.00016174	26.229
0.00018926	30.6
0.00021705	34.972
0.00024515	39.343
0.00027358	43.715
0.0003024	48.086
0.00033164	52.458
0.00036134	56.829
0.00039154	61.201
0.00042229	65.572
0.00045363	69.944
0.00048559	74.315
0.00051823	78.687
0.00055158	83.058
0.00058569	87.43
0.0006206	91.801
0.00065636	96.173
0.00069302	100.54
0.00073061	104.92
0.00076918	109.29
0.00080877	113.66
0.00084944	118.03
0.00089122	122.4
0.00093416	126.77
0.0009783	131.14
0.0010237	135.52
0.0010704	139.89
0.0011184	144.26
0.0011678	148.63
0.0012187	153
0.001271	157.37
0.0013249	161.75
0.0013803	166.12
0.0014375	170.49
0.0014963	174.86
0.0015569	179.23
0.0016193	183.6
0.0016836	187.97
0.0017498	192.35
0.001818	196.72
0.0018882	201.09
0.0019605	205.46
0.002035	209.83
0.0021117	214.2
0.0021906	218.57
0.0022719	222.95
0.0023555	227.32
0.0024415	231.69
0.00253	236.06
0.0026209	240.43
0.0027144	244.8
0.0028105	249.18
0.0029092	253.55
0.0030105	257.92
0.0031145	262.29
0.0032212	266.66
0.0033307	271.03
0.003443	275.4
0.003558	279.78
0.0036758	284.15
0.0037965	288.52
0.00392	292.89
0.0040464	297.26
0.0041756	301.63
0.0043077	306
0.0044426	310.38
0.0045805	314.75
0.0047212	319.12
0.0048648	323.49
0.0050113	327.86
0.0051607	332.23
0.0053129	336.61
0.005468	340.98
0.0056259	345.35
0.0057866	349.72
0.0059501	354.09
0.0061163	358.46
0.0062852	362.83
0.0064569	367.21
0.0066313	371.58
0.0068084	375.95
0.0069881	380.32
0.0071704	384.69
0.0073553	389.06
0.0075428	393.43
0.0077327	397.81
0.0079251	402.18
0.0081199	406.55
0.0083169	410.92
0.0085163	415.29
0.0087179	419.66
0.0089216	424.04
0.0091276	428.41
0.0093356	432.78
0.0095458	437.15
0.009758	441.52
0.0099721	445.89
0.010188	450.26
0.010406	454.64
0.010626	459.01
0.010847	463.38
0.011071	467.75
0.011295	472.12
0.011522	476.49
0.011749	480.86
0.011978	485.24
0.012209	489.61
0.012441	493.98
0.012674	498.35
0.012908	502.72
0.013143	507.09
0.013379	511.47
0.013617	515.84
0.013855	520.21
0.014094	524.58
0.014335	528.95
0.014575	533.32
0.014817	537.69
0.015059	542.07
0.015302	546.44
0.015545	550.81
0.015789	555.18
0.016033	559.55
0.016277	563.92
0.016521	568.29
0.016766	572.67
0.01701	577.04
0.017255	581.41
0.0175	585.78
0.017745	590.15
0.017989	594.52
0.018234	598.9
0.018478	603.27
0.018722	607.64
0.018966	612.01
0.019209	616.38
0.019452	620.75
0.019694	625.12
0.019936	629.5
0.020177	633.87
0.020417	638.24
0.020657	642.61
0.020896	646.98
0.021133	651.35
0.02137	655.72
0.021606	660.1
0.021842	664.47
0.022075	668.84
0.022308	673.21
0.02254	677.58
0.022771	681.95
0.023	686.33
0.023228	690.7
0.023455	695.07
0.02368	699.44
0.023904	703.81
0.024126	708.18
0.024347	712.55
0.024566	716.93
0.024783	721.3
0.024999	725.67
0.025213	730.04
0.025426	734.41
0.025636	738.78
0.025845	743.15
0.026051	747.53
0.026256	751.9
0.026459	756.27
0.02666	760.64
0.026859	765.01
0.027055	769.38
0.02725	773.76
0.027443	778.13
0.027633	782.5
0.027821	786.87
0.028007	791.24
0.028191	795.61
0.028372	799.98
0.028551	804.36
0.028728	808.73
0.028902	813.1
0.029074	817.47
0.029243	821.84
0.02941	826.21
0.029574	830.58
0.029736	834.96
0.029895	839.33
0.030051	843.7
0.030205	848.07
0.030357	852.44
0.030506	856.81
0.030652	861.18
0.030795	865.56
0.030936	869.93
0.031074	874.3
0.03121	878.67
0.031342	883.04
0.031472	887.41
0.031599	891.79
0.031724	896.16
0.031845	900.53
0.031964	904.9
0.03208	909.27
0.032193	913.64
0.032304	918.01
0.032411	922.39
0.032515	926.76
0.032617	931.13
0.032716	935.5
0.032812	939.87
0.032905	944.24
0.032995	948.61
0.033082	952.99
0.033166	957.36
0.033248	961.73
0.033326	966.1
0.033402	970.47
0.033475	974.84
0.033545	979.22
0.033612	983.59
0.033676	987.96
0.033737	992.33
0.033796	996.7
0.033851	1001.1
0.033904	1005.4
0.033953	1009.8
0.034	1014.2
0.034044	1018.6
0.034085	1022.9
0.034123	1027.3
0.034159	1031.7
0.034191	1036
0.034221	1040.4
0.034248	1044.8
0.034272	1049.2
0.034293	1053.5
0.034312	1057.9
0.034328	1062.3
0.03434	1066.6
0.034351	1071
0.034358	1075.4
0.034363	1079.8
0.034365	1084.1
0.034364	1088.5
0.03436	1092.9
0.034354	1097.2
0.034345	1101.6
0.034334	1106
0.03432	1110.4
0.034303	1114.7
0.034283	1119.1
0.034261	1123.5
0.034237	1127.8
0.03421	1132.2
0.03418	1136.6
0.034147	1141
0.034113	1145.3
0.034075	1149.7
0.034036	1154.1
0.033993	1158.4
0.033948	1162.8
0.033901	1167.2
0.033852	1171.6
0.0338	1175.9
0.033745	1180.3
0.033689	1184.7
0.03363	1189
0.033568	1193.4
0.033505	1197.8
0.033439	1202.2
0.03337	1206.5
0.0333	1210.9
0.033227	1215.3
0.033153	1219.6
0.033076	1224
0.032996	1228.4
0.032915	1232.8
0.032832	1237.1
0.032746	1241.5
0.032659	1245.9
0.032569	1250.2
0.032478	1254.6
0.032384	1259
0.032289	1263.4
0.032191	1267.7
0.032092	1272.1
0.031991	1276.5
0.031888	1280.8
0.031783	1285.2
0.031676	1289.6
0.031568	1294
0.031457	1298.3
0.031345	1302.7
0.031231	1307.1
0.031116	1311.4
0.030999	1315.8
0.03088	1320.2
0.03076	1324.6
0.030638	1328.9
0.030515	1333.3
0.03039	1337.7
0.030263	1342
0.030135	1346.4
0.030006	1350.8
0.029875	1355.2
0.029743	1359.5
0.029609	1363.9
0.029474	1368.3
0.029338	1372.7
0.0292	1377
0.029061	1381.4
0.028921	1385.8
0.02878	1390.1
0.028638	1394.5
0.028494	1398.9
0.028349	1403.3
0.028204	1407.6
0.028057	1412
0.027909	1416.4
0.02776	1420.7
0.02761	1425.1
0.027459	1429.5
0.027307	1433.9
0.027154	1438.2
0.027001	1442.6
0.026846	1447
0.026691	1451.3
0.026535	1455.7
0.026378	1460.1
0.02622	1464.5
0.026062	1468.8
0.025903	1473.2
0.025743	1477.6
0.025583	1481.9
0.025422	1486.3
0.025261	1490.7
0.025099	1495.1
0.024936	1499.4
0.024773	1503.8
0.024609	1508.2
0.024445	1512.5
0.024281	1516.9
0.024116	1521.3
0.02395	1525.7
0.023785	1530
0.023619	1534.4
0.023452	1538.8
0.023286	1543.1
0.023119	1547.5
0.022952	1551.9
0.022785	1556.3
0.022617	1560.6
0.02245	1565
0.022282	1569.4
0.022114	1573.7
0.021946	1578.1
0.021778	1582.5
0.02161	1586.9
0.021442	1591.2
0.021274	1595.6
0.021106	1600
0.020938	1604.3
0.02077	1608.7
0.020602	1613.1
0.020434	1617.5
0.020267	1621.8
0.020099	1626.2
0.019932	1630.6
0.019765	1634.9
0.019598	1639.3
0.019431	1643.7
0.019265	1648.1
0.019099	1652.4
0.018933	1656.8
0.018767	1661.2
0.018602	1665.5
0.018437	1669.9
0.018273	1674.3
0.018109	1678.7
0.017945	1683
0.017782	1687.4
0.017619	1691.8
0.017457	1696.1
0.017295	1700.5
0.017133	1704.9
0.016972	1709.3
0.016812	1713.6
0.016652	1718
0.016493	1722.4
0.016334	1726.7
0.016176	1731.1
0.016018	1735.5
0.015862	1739.9
0.015705	1744.2
0.015549	1748.6
0.015394	1753
0.01524	1757.3
0.015086	1761.7
0.014933	1766.1
0.014781	1770.5
0.014629	1774.8
0.014478	1779.2
0.014328	1783.6
0.014179	1787.9
0.01403	1792.3
0.013882	1796.7
0.013735	1801.1
0.013589	1805.4
0.013443	1809.8
0.013298	1814.2
0.013154	1818.5
0.013011	1822.9
0.012869	1827.3
0.012727	1831.7
0.012587	1836
0.012447	1840.4
0.012308	1844.8
0.01217	1849.1
0.012033	1853.5
0.011897	1857.9
0.011761	1862.3
0.011627	1866.6
0.011493	1871
0.01136	1875.4
0.011229	1879.7
0.011098	1884.1
0.010968	1888.5
0.010839	1892.9
0.010711	1897.2
0.010584	1901.6
0.010457	1906
0.010332	1910.3
0.010208	1914.7
0.010084	1919.1
0.009962	1923.5
0.0098405	1927.8
0.0097199	1932.2
0.0096004	1936.6
0.0094817	1940.9
0.009364	1945.3
0.0092473	1949.7
0.0091316	1954.1
0.0090168	1958.4
0.008903	1962.8
0.0087902	1967.2
0.0086783	1971.5
0.0085674	1975.9
0.0084575	1980.3
0.0083485	1984.7
0.0082405	1989
0.0081335	1993.4
0.0080274	1997.8
0.0079223	2002.1
0.0078182	2006.5
0.007715	2010.9
0.0076128	2015.3
0.0075116	2019.6
0.0074113	2024
0.007312	2028.4
0.0072137	2032.7
0.0071163	2037.1
0.0070198	2041.5
0.0069243	2045.9
0.0068298	2050.2
0.0067362	2054.6
0.0066435	2059
0.0065518	2063.3
0.006461	2067.7
0.0063712	2072.1
0.0062822	2076.5
0.0061942	2080.8
0.0061072	2085.2
0.006021	2089.6
0.0059358	2093.9
0.0058514	2098.3
0.005768	2102.7
0.0056855	2107.1
0.0056038	2111.4
0.0055231	2115.8
0.0054433	2120.2
0.0053643	2124.5
0.0052862	2128.9
0.005209	2133.3
0.0051327	2137.7
0.0050572	2142
0.0049826	2146.4
0.0049089	2150.8
0.004836	2155.1
0.004764	2159.5
0.0046928	2163.9
0.0046224	2168.3
0.0045529	2172.6
0.0044842	2177
0.0044164	2181.4
0.0043493	2185.7
0.0042831	2190.1
0.0042176	2194.5
0.004153	2198.9
0.0040891	2203.2
0.0040261	2207.6
0.0039638	2212
0.0039023	2216.3
0.0038416	2220.7
0.0037816	2225.1
0.0037224	2229.5
0.003664	2233.8
0.0036062	2238.2
0.0035493	2242.6
0.003493	2246.9
0.0034375	2251.3
0.0033828	2255.7
0.0033287	2260.1
0.0032753	2264.4
0.0032227	2268.8
0.0031707	2273.2
0.0031195	2277.6
0.0030689	2281.9
0.003019	2286.3
0.0029697	2290.7
0.0029212	2295
0.0028733	2299.4
0.002826	2303.8
0.0027794	2308.2
0.0027335	2312.5
0.0026881	2316.9
0.0026435	2321.3
0.0025994	2325.6
0.0025559	2330
0.0025131	2334.4
0.0024708	2338.8
0.0024292	2343.1
0.0023882	2347.5
0.0023477	2351.9
0.0023078	2356.2
0.0022685	2360.6
0.0022298	2365
0.0021916	2369.4
0.002154	2373.7
0.0021169	2378.1
0.0020804	2382.5
0.0020444	2386.8
0.002009	2391.2
0.0019741	2395.6
0.0019397	2400
0.0019058	2404.3
0.0018724	2408.7
0.0018395	2413.1
0.0018071	2417.4
0.0017753	2421.8
0.0017439	2426.2
0.0017129	2430.6
0.0016825	2434.9
0.0016525	2439.3
0.001623	2443.7
0.0015939	2448
0.0015653	2452.4
0.0015372	2456.8
0.0015095	2461.2
0.0014822	2465.5
0.0014553	2469.9
0.0014289	2474.3
0.0014029	2478.6
0.0013773	2483
0.0013521	2487.4
0.0013273	2491.8
0.0013029	2496.1
0.0012789	2500.5
0.0012553	2504.9
0.0012321	2509.2
0.0012092	2513.6
0.0011868	2518
0.0011647	2522.4
0.0011429	2526.7
0.0011215	2531.1
0.0011005	2535.5
0.0010798	2539.8
0.0010595	2544.2
0.0010395	2548.6
0.0010198	2553
0.0010005	2557.3
0.00098147	2561.7
0.00096278	2566.1
0.0009444	2570.4
0.00092634	2574.8
0.00090858	2579.2
0.00089113	2583.6
0.00087398	2587.9
0.00085712	2592.3
0.00084055	2596.7
0.00082427	2601
0.00080827	2605.4
0.00079255	2609.8
0.0007771	2614.2
0.00076192	2618.5
0.00074701	2622.9
0.00073236	2627.3
0.00071796	2631.6
0.00070383	2636
0.00068994	2640.4
0.00067629	2644.8
0.00066289	2649.1
0.00064973	2653.5
0.00063681	2657.9
0.00062412	2662.2
0.00061165	2666.6
0.00059941	2671
0.00058739	2675.4
0.00057559	2679.7
0.000564	2684.1
0.00055263	2688.5
0.00054146	2692.8
0.00053049	2697.2
0.00051973	2701.6
0.00050916	2706
0.00049879	2710.3
0.00048861	2714.7
0.00047862	2719.1
0.00046882	2723.4
0.0004592	2727.8
0.00044975	2732.2
0.00044049	2736.6
0.0004314	2740.9
0.00042248	2745.3
0.00041372	2749.7
0.00040513	2754
0.00039671	2758.4
0.00038844	2762.8
0.00038033	2767.2
0.00037238	2771.5
0.00036458	2775.9
0.00035693	2780.3
0.00034942	2784.6
0.00034206	2789
0.00033484	2793.4
0.00032776	2797.8
0.00032082	2802.1
0.00031401	2806.5
0.00030734	2810.9
0.00030079	2815.2
0.00029438	2819.6
0.00028809	2824
0.00028192	2828.4
0.00027587	2832.7
0.00026995	2837.1
0.00026414	2841.5
0.00025844	2845.8
0.00025286	2850.2
0.00024739	2854.6
0.00024203	2859
0.00023678	2863.3
0.00023163	2867.7
0.00022658	2872.1
0.00022164	2876.4
0.0002168	2880.8
0.00021205	2885.2
0.0002074	2889.6
0.00020284	2893.9
0.00019838	2898.3
0.00019401	2902.7
0.00018973	2907
0.00018553	2911.4
0.00018142	2915.8
0.0001774	2920.2
0.00017345	2924.5
0.00016959	2928.9
0.00016581	2933.3
0.00016211	2937.6
0.00015848	2942
0.00015493	2946.4
0.00015145	2950.8
0.00014805	2955.1
0.00014472	2959.5
0.00014145	2963.9
0.00013826	2968.2
0.00013513	2972.6
0.00013207	2977
0.00012907	2981.4
0.00012614	2985.7
0.00012327	2990.1
0.00012046	2994.5
0.00011771	2998.8
0.00011501	3003.2
0.00011238	3007.6
0.0001098	3012
0.00010728	3016.3
0.00010481	3020.7
0.00010239	3025.1
0.00010003	3029.4
9.7714e-05	3033.8
9.5451e-05	3038.2
9.3238e-05	3042.6
9.1072e-05	3046.9
8.8953e-05	3051.3
8.688e-05	3055.7
8.4853e-05	3060
8.287e-05	3064.4
8.0931e-05	3068.8
7.9034e-05	3073.2
7.7178e-05	3077.5
7.5364e-05	3081.9
7.3589e-05	3086.3
7.1854e-05	3090.6
7.0158e-05	3095
6.8498e-05	3099.4
6.6876e-05	3103.8
6.529e-05	3108.1
6.3739e-05	3112.5
6.2223e-05	3116.9
6.0741e-05	3121.2
5.9292e-05	3125.6
5.7875e-05	3130
5.6491e-05	3134.4
5.5137e-05	3138.7
5.3815e-05	3143.1
5.2522e-05	3147.5
5.1258e-05	3151.8
5.0023e-05	3156.2
4.8816e-05	3160.6
4.7636e-05	3165
4.6484e-05	3169.3
4.5357e-05	3173.7
4.4257e-05	3178.1
4.3181e-05	3182.4
4.2131e-05	3186.8
4.1104e-05	3191.2
4.0101e-05	3195.6
3.9122e-05	3199.9
3.8165e-05	3204.3
3.7229e-05	3208.7
3.6316e-05	3213.1
3.5424e-05	3217.4
3.4553e-05	3221.8
3.3701e-05	3226.2
3.287e-05	3230.5
3.2058e-05	3234.9
3.1265e-05	3239.3
3.0491e-05	3243.7
2.9735e-05	3248
2.8997e-05	3252.4
2.8276e-05	3256.8
2.7572e-05	3261.1
2.6884e-05	3265.5
2.6213e-05	3269.9
2.5558e-05	3274.3
2.4918e-05	3278.6
2.4293e-05	3283
2.3684e-05	3287.4
2.3089e-05	3291.7
2.2508e-05	3296.1
2.1941e-05	3300.5
2.1387e-05	3304.9
2.0847e-05	3309.2
2.032e-05	3313.6
1.9805e-05	3318
1.9303e-05	3322.3
1.8813e-05	3326.7
1.8335e-05	3331.1
1.7868e-05	3335.5
1.7412e-05	3339.8
1.6968e-05	3344.2
1.6535e-05	3348.6
1.6112e-05	3352.9
1.5699e-05	3357.3
1.5296e-05	3361.7
1.4903e-05	3366.1
1.452e-05	3370.4
1.4146e-05	3374.8
1.3782e-05	3379.2
1.3426e-05	3383.5
1.3079e-05	3387.9
1.2741e-05	3392.3
1.2411e-05	3396.7
1.2089e-05	3401
1.1775e-05	3405.4
1.1469e-05	3409.8
1.117e-05	3414.1
1.0879e-05	3418.5
1.0595e-05	3422.9
1.0319e-05	3427.3
1.0049e-05	3431.6
9.7856e-06	3436
9.529e-06	3440.4
9.2789e-06	3444.7
9.0351e-06	3449.1
8.7973e-06	3453.5
8.5656e-06	3457.9
8.3397e-06	3462.2
8.1195e-06	3466.6
7.9048e-06	3471
7.6956e-06	3475.3
7.4917e-06	3479.7
7.2929e-06	3484.1
7.0992e-06	3488.5
6.9105e-06	3492.8
6.7265e-06	3497.2
6.5472e-06	3501.6
6.3725e-06	3505.9
6.2023e-06	3510.3
6.0364e-06	3514.7
5.8748e-06	3519.1
5.7173e-06	3523.4
5.5639e-06	3527.8
5.4144e-06	3532.2
5.2687e-06	3536.5
5.1269e-06	3540.9
4.9886e-06	3545.3
4.854e-06	3549.7
4.7229e-06	3554
4.5951e-06	3558.4
4.4707e-06	3562.8
4.3495e-06	3567.1
4.2314e-06	3571.5
4.1164e-06	3575.9
4.0045e-06	3580.3
3.8954e-06	3584.6
3.7892e-06	3589
3.6858e-06	3593.4
3.5851e-06	3597.7
3.487e-06	3602.1
3.3916e-06	3606.5
3.2986e-06	3610.9
3.2081e-06	3615.2
3.1199e-06	3619.6
3.0341e-06	3624
2.9506e-06	3628.3
2.8693e-06	3632.7
2.7901e-06	3637.1
2.7131e-06	3641.5
2.638e-06	3645.8
2.565e-06	3650.2
2.4939e-06	3654.6
2.4248e-06	3658.9
2.3574e-06	3663.3
2.2919e-06	3667.7
2.2281e-06	3672.1
2.166e-06	3676.4
2.1056e-06	3680.8
2.0469e-06	3685.2
1.9897e-06	3689.5
1.934e-06	3693.9
1.8798e-06	3698.3
1.8271e-06	3702.7
1.7759e-06	3707
1.726e-06	3711.4
1.6775e-06	3715.8
1.6302e-06	3720.1
1.5843e-06	3724.5
1.5396e-06	3728.9
1.4961e-06	3733.3
1.4538e-06	3737.6
1.4127e-06	3742
1.3727e-06	3746.4
1.3338e-06	3750.7
1.2959e-06	3755.1
1.2591e-06	3759.5
1.2233e-06	3763.9
1.1885e-06	3768.2
1.1546e-06	3772.6
1.1217e-06	3777
1.0897e-06	3781.3
1.0585e-06	3785.7
1.0282e-06	3790.1
9.9878e-07	3794.5
9.7015e-07	3798.8
9.4231e-07	3803.2
9.1525e-07	3807.6
8.8894e-07	3811.9
8.6335e-07	3816.3
8.3848e-07	3820.7
8.143e-07	3825.1
7.908e-07	3829.4
7.6795e-07	3833.8
7.4574e-07	3838.2
7.2416e-07	3842.5
7.0317e-07	3846.9
6.8278e-07	3851.3
6.6296e-07	3855.7
6.4369e-07	3860
6.2497e-07	3864.4
6.0677e-07	3868.8
5.8909e-07	3873.1
5.7191e-07	3877.5
5.5521e-07	3881.9
5.3898e-07	3886.3
5.2322e-07	3890.6
5.079e-07	3895
4.9301e-07	3899.4
4.7855e-07	3903.7
4.645e-07	3908.1
4.5085e-07	3912.5
4.3759e-07	3916.9
4.247e-07	3921.2
4.1219e-07	3925.6
4.0003e-07	3930
3.8822e-07	3934.3
3.7675e-07	3938.7
3.656e-07	3943.1
3.5478e-07	3947.5
3.4427e-07	3951.8
3.3406e-07	3956.2
3.2414e-07	3960.6
3.1451e-07	3964.9
3.0516e-07	3969.3
2.9607e-07	3973.7
2.8725e-07	3978.1
2.7869e-07	3982.4
2.7037e-07	3986.8
2.623e-07	3991.2
2.5445e-07	3995.5
2.4684e-07	3999.9
2.3945e-07	4004.3
2.3227e-07	4008.7
2.253e-07	4013
2.1853e-07	4017.4
2.1196e-07	4021.8
2.0559e-07	4026.1
1.994e-07	4030.5
1.9339e-07	4034.9
1.8756e-07	4039.3
1.8189e-07	4043.6
1.764e-07	4048
1.7106e-07	4052.4
1.6589e-07	4056.7
1.6086e-07	4061.1
1.5598e-07	4065.5
1.5125e-07	4069.9
1.4666e-07	4074.2
1.422e-07	4078.6
1.3787e-07	4083
1.3367e-07	4087.3
1.296e-07	4091.7
1.2565e-07	4096.1
1.2181e-07	4100.5
1.1809e-07	4104.8
1.1448e-07	4109.2
1.1098e-07	4113.6
1.0758e-07	4118
1.0428e-07	4122.3
1.0108e-07	4126.7
9.7975e-08	4131.1
9.4964e-08	4135.4
9.2043e-08	4139.8
8.9209e-08	4144.2
8.6461e-08	4148.6
8.3794e-08	4152.9
8.1208e-08	4157.3
7.87e-08	4161.7
7.6267e-08	4166
7.3908e-08	4170.4
7.1619e-08	4174.8
6.94e-08	4179.2
6.7248e-08	4183.5
6.516e-08	4187.9
6.3136e-08	4192.3
6.1173e-08	4196.6
5.927e-08	4201
5.7424e-08	4205.4
5.5634e-08	4209.8
5.3899e-08	4214.1
5.2217e-08	4218.5
5.0585e-08	4222.9
4.9004e-08	4227.2
4.747e-08	4231.6
4.5984e-08	4236
4.4543e-08	4240.4
4.3145e-08	4244.7
4.1791e-08	4249.1
4.0478e-08	4253.5
3.9205e-08	4257.8
3.7972e-08	4262.2
3.6776e-08	4266.6
3.5617e-08	4271
3.4494e-08	4275.3
3.3405e-08	4279.7
3.235e-08	4284.1
3.1327e-08	4288.4
3.0336e-08	4292.8
2.9376e-08	4297.2
2.8445e-08	4301.6
2.7543e-08	4305.9
2.6669e-08	4310.3
2.5822e-08	4314.7
2.5001e-08	4319
2.4206e-08	4323.4
2.3435e-08	4327.8
2.2689e-08	4332.2
2.1965e-08	4336.5
2.1264e-08	4340.9
2.0585e-08	4345.3
1.9928e-08	4349.6
1.929e-08	4354
1.8673e-08	4358.4
1.8075e-08	4362.8
1.7496e-08	4367.1
1.6934e-08	4371.5
1.6391e-08	4375.9
1.5864e-08	4380.2
1.5354e-08	4384.6
1.486e-08	4389
1.4382e-08	4393.4
1.3919e-08	4397.7
1.347e-08	4402.1
1.3035e-08	4406.5
1.2614e-08	4410.8
1.2207e-08	4415.2
1.1812e-08	4419.6
1.1429e-08	4424
1.1059e-08	4428.3
1.0701e-08	4432.7
1.0354e-08	4437.1
1.0018e-08	4441.4
9.6922e-09	4445.8
9.3772e-09	4450.2
9.0721e-09	4454.6
8.7767e-09	4458.9
8.4908e-09	4463.3
8.214e-09	4467.7
7.946e-09	4472
7.6866e-09	4476.4
7.4354e-09	4480.8
7.1923e-09	4485.2
6.957e-09	4489.5
6.7291e-09	4493.9
6.5086e-09	4498.3
6.2952e-09	4502.6
6.0886e-09	4507
5.8886e-09	4511.4
5.6951e-09	4515.8
5.5078e-09	4520.1
5.3266e-09	4524.5
5.1511e-09	4528.9
4.9813e-09	4533.2
4.817e-09	4537.6
4.6581e-09	4542
4.5042e-09	4546.4
4.3553e-09	4550.7
4.2113e-09	4555.1
4.0719e-09	4559.5
3.937e-09	4563.8
3.8065e-09	4568.2
3.6802e-09	4572.6
3.558e-09	4577
3.4398e-09	4581.3
3.3255e-09	4585.7
3.2149e-09	4590.1
3.1078e-09	4594.4
3.0043e-09	4598.8
2.9041e-09	4603.2
2.8072e-09	4607.6
2.7135e-09	4611.9
2.6228e-09	4616.3
2.5351e-09	4620.7
2.4503e-09	4625
2.3683e-09	4629.4
2.2889e-09	4633.8
2.2121e-09	4638.2
2.1379e-09	4642.5
2.0661e-09	4646.9
1.9967e-09	4651.3
1.9295e-09	4655.6
1.8646e-09	4660
1.8018e-09	4664.4
1.741e-09	4668.8
1.6823e-09	4673.1
1.6255e-09	4677.5
1.5706e-09	4681.9
1.5175e-09	4686.2
1.4662e-09	4690.6
1.4165e-09	4695
1.3685e-09	4699.4
1.3221e-09	4703.7
1.2773e-09	4708.1
1.2339e-09	4712.5
1.192e-09	4716.8
1.1515e-09	4721.2
1.1123e-09	4725.6
1.0744e-09	4730
1.0378e-09	4734.3
1.0024e-09	4738.7
9.6821e-10	4743.1
9.3515e-10	4747.4
9.032e-10	4751.8
8.7231e-10	4756.2
8.4246e-10	4760.6
8.1361e-10	4764.9
7.8573e-10	4769.3
7.5879e-10	4773.7
7.3275e-10	4778
7.0759e-10	4782.4
6.8327e-10	4786.8
6.5978e-10	4791.2
6.3707e-10	4795.5
6.1513e-10	4799.9
5.9394e-10	4804.3
5.7346e-10	4808.6
5.5367e-10	4813
5.3455e-10	4817.4
5.1608e-10	4821.8
4.9823e-10	4826.1
4.8099e-10	4830.5
4.6434e-10	4834.9
4.4825e-10	4839.2
4.3271e-10	4843.6
4.1769e-10	4848
4.0319e-10	4852.4
3.8918e-10	4856.7
3.7565e-10	4861.1
3.6258e-10	4865.5
3.4996e-10	4869.8
3.3777e-10	4874.2
3.2599e-10	4878.6
3.1462e-10	4883
3.0364e-10	4887.3
2.9303e-10	4891.7
2.8279e-10	4896.1
2.729e-10	4900.4
2.6335e-10	4904.8
2.5412e-10	4909.2
2.4522e-10	4913.6
2.3662e-10	4917.9
2.2832e-10	4922.3
2.203e-10	4926.7
2.1256e-10	4931
2.0508e-10	4935.4
1.9787e-10	4939.8
1.909e-10	4944.2
1.8418e-10	4948.5
1.7769e-10	4952.9
1.7142e-10	4957.3
1.6537e-10	4961.6
1.5953e-10	4966
1.5389e-10	4970.4
1.4845e-10	4974.8
1.432e-10	4979.1
1.3813e-10	4983.5
1.3324e-10	4987.9
1.2852e-10	4992.2
1.2396e-10	4996.6
1.1956e-10	5001
1.1531e-10	5005.4
1.1122e-10	5009.7
1.0726e-10	5014.1
1.0345e-10	5018.5
9.9768e-11	5022.9
9.6216e-11	5027.2
9.2788e-11	5031.6
8.9481e-11	5036
8.629e-11	5040.3
8.3212e-11	5044.7
8.0241e-11	5049.1
7.7376e-11	5053.5
7.4611e-11	5057.8
7.1944e-11	5062.2
6.9372e-11	5066.6
6.689e-11	5070.9
6.4497e-11	5075.3
6.2188e-11	5079.7
5.9961e-11	5084.1
5.7813e-11	5088.4
5.5742e-11	5092.8
5.3745e-11	5097.2
5.1818e-11	5101.5
4.9961e-11	5105.9
4.817e-11	5110.3
4.6443e-11	5114.7
4.4778e-11	5119
4.3172e-11	5123.4
4.1625e-11	5127.8
4.0133e-11	5132.1
3.8695e-11	5136.5
3.7309e-11	5140.9
3.5973e-11	5145.3
3.4685e-11	5149.6
3.3444e-11	5154
3.2249e-11	5158.4
3.1097e-11	5162.7
2.9987e-11	5167.1
2.8918e-11	5171.5
2.7887e-11	5175.9
2.6895e-11	5180.2
2.594e-11	5184.6
2.502e-11	5189
2.4134e-11	5193.3
2.3281e-11	5197.7
2.2459e-11	5202.1
2.1669e-11	5206.5
2.0908e-11	5210.8
2.0176e-11	5215.2
1.9472e-11	5219.6
1.8795e-11	5223.9
1.8144e-11	5228.3
1.7518e-11	5232.7
1.6915e-11	5237.1
1.6337e-11	5241.4
1.5781e-11	5245.8
1.5247e-11	5250.2
1.4734e-11	5254.5
1.4242e-11	5258.9
1.377e-11	5263.3
1.3316e-11	5267.7
1.2882e-11	5272
1.2465e-11	5276.4
1.2067e-11	5280.8
1.1684e-11	5285.1
1.1319e-11	5289.5
1.0969e-11	5293.9
1.0635e-11	5298.3
1.0316e-11	5302.6
1.0011e-11	5307
9.7209e-12	5311.4
9.4442e-12	5315.7
9.181e-12	5320.1
8.9308e-12	5324.5
8.6934e-12	5328.9
8.4683e-12	5333.2
8.2553e-12	5337.6
8.0541e-12	5342
7.8645e-12	5346.3
7.6861e-12	5350.7
7.5187e-12	5355.1
7.3621e-12	5359.5
7.2161e-12	5363.8
7.0805e-12	5368.2
6.9552e-12	5372.6
6.8398e-12	5376.9
6.7344e-12	5381.3
6.6387e-12	5385.7
6.5526e-12	5390.1
6.476e-12	5394.4
6.4089e-12	5398.8
6.351e-12	5403.2
6.3025e-12	5407.5
6.2631e-12	5411.9
6.2329e-12	5416.3
6.2117e-12	5420.7
6.1997e-12	5425
6.1968e-12	5429.4
6.203e-12	5433.8
6.2183e-12	5438.1
6.2427e-12	5442.5
6.2763e-12	5446.9
6.3193e-12	5451.3
6.3715e-12	5455.6
6.4332e-12	5460
