3.8371e-16	0
0.00028574	20.05
0.00057383	40.1
0.00086648	60.15
0.0011657	80.201
0.0014732	100.25
0.0017907	120.3
0.0021197	140.35
0.002462	160.4
0.0028194	180.45
0.0031934	200.5
0.0035855	220.55
0.0039969	240.6
0.0044285	260.65
0.0048811	280.7
0.0053551	300.75
0.0058509	320.8
0.0063683	340.85
0.0069068	360.9
0.0074659	380.95
0.0080444	401
0.0086412	421.05
0.0092548	441.1
0.0098839	461.15
0.010527	481.2
0.011141	500
0.011182	501.25
0.011848	521.3
0.012523	541.35
0.013205	561.4
0.013894	581.45
0.014587	601.5
0.015283	621.55
0.015981	641.6
0.01668	661.65
0.017378	681.7
0.018073	701.75
0.018766	721.8
0.019453	741.85
0.020135	761.9
0.02081	781.95
0.021476	802.01
0.022132	822.06
0.022777	842.11
0.023409	862.16
0.024027	882.21
0.02463	902.26
0.025215	922.31
0.025782	942.36
0.026328	962.41
0.026853	982.46
0.027354	1002.5
0.02783	1022.6
0.028279	1042.6
0.0287	1062.7
0.029092	1082.7
0.029453	1102.8
0.029782	1122.8
0.030077	1142.9
0.030338	1162.9
0.030563	1183
0.030752	1203
0.030904	1223.1
0.031019	1243.1
0.031095	1263.2
0.031134	1283.2
0.031134	1303.3
0.031097	1323.3
0.031021	1343.4
0.030908	1363.4
0.030759	1383.5
0.030574	1403.5
0.030354	1423.6
0.0301	1443.6
0.029813	1463.7
0.029495	1483.7
0.029148	1503.8
0.028772	1523.8
0.028369	1543.9
0.027942	1563.9
0.027491	1584
0.027019	1604
0.026527	1624.1
0.026017	1644.1
0.02549	1664.2
0.02495	1684.2
0.024396	1704.3
0.023832	1724.3
0.023258	1744.4
0.022676	1764.4
0.022089	1784.5
0.021497	1804.5
0.020902	1824.6
0.020305	1844.6
0.019708	1864.7
0.019111	1884.7
0.018517	1904.8
0.017927	1924.8
0.01734	1944.9
0.01676	1964.9
0.016185	1985
0.015618	2005
0.015058	2025.1
0.014508	2045.1
0.013967	2065.2
0.013435	2085.2
0.012915	2105.3
0.012405	2125.3
0.011907	2145.4
0.01142	2165.4
0.010945	2185.5
0.010483	2205.5
0.010033	2225.6
0.0095959	2245.6
0.0091714	2265.7
0.0087598	2285.7
0.0083609	2305.8
0.0079749	2325.8
0.0076017	2345.9
0.0072411	2365.9
0.0068933	2386
0.0065579	2406
0.0062348	2426.1
0.0059239	2446.1
0.005625	2466.2
0.0053378	2486.2
0.0050622	2506.3
0.0047979	2526.3
0.0045446	2546.4
0.004302	2566.4
0.00407	2586.5
0.0038483	2606.5
0.0036364	2626.6
0.0034342	2646.6
0.0032414	2666.7
0.0030577	2686.7
0.0028827	2706.8
0.0027162	2726.8
0.0025579	2746.9
0.0024075	2766.9
0.0022646	2787
0.0021291	2807
0.0020006	2827.1
0.0018788	2847.1
0.0017635	2867.2
0.0016544	2887.2
0.0015512	2907.3
0.0014537	2927.3
0.0013616	2947.4
0.0012747	2967.4
0.0011927	2987.5
0.0011155	3007.5
0.0010427	3027.6
0.00097419	3047.6
0.00090973	3067.7
0.00084911	3087.7
0.00079216	3107.8
0.00073866	3127.8
0.00068845	3147.9
0.00064134	3167.9
0.00059718	3188
0.0005558	3208
0.00051704	3228.1
0.00048077	3248.1
0.00044684	3268.2
0.00041512	3288.2
0.00038547	3308.3
0.00035778	3328.3
0.00033194	3348.4
0.00030782	3368.4
0.00028534	3388.5
0.00026438	3408.5
0.00024485	3428.6
0.00022667	3448.6
0.00020974	3468.7
0.000194	3488.7
0.00017937	3508.8
0.00016576	3528.8
0.00015313	3548.9
0.0001414	3568.9
0.00013051	3589
0.00012041	3609
0.00011104	3629.1
0.00010236	3649.1
9.4325e-05	3669.2
8.6881e-05	3689.2
7.9993e-05	3709.3
7.362e-05	3729.3
6.7727e-05	3749.4
6.2281e-05	3769.4
5.725e-05	3789.5
5.2604e-05	3809.5
4.8315e-05	3829.6
4.4358e-05	3849.6
4.0709e-05	3869.7
3.7345e-05	3889.7
3.4245e-05	3909.8
3.139e-05	3929.8
2.8762e-05	3949.9
2.6342e-05	3969.9
2.4117e-05	3990
2.2071e-05	4010
2.019e-05	4030.1
1.8463e-05	4050.1
1.6876e-05	4070.2
1.542e-05	4090.2
1.4084e-05	4110.3
1.2859e-05	4130.3
1.1735e-05	4150.4
1.0706e-05	4170.4
9.7631e-06	4190.5
8.8997e-06	4210.5
8.1096e-06	4230.6
7.3867e-06	4250.6
6.7256e-06	4270.7
6.1214e-06	4290.7
5.5692e-06	4310.8
5.0648e-06	4330.8
4.6044e-06	4350.9
4.1841e-06	4370.9
3.8008e-06	4391
3.4512e-06	4411
3.1326e-06	4431.1
2.8424e-06	4451.1
2.578e-06	4471.2
2.3373e-06	4491.2
2.1183e-06	4511.3
1.9191e-06	4531.3
1.738e-06	4551.4
1.5734e-06	4571.4
1.4238e-06	4591.5
1.288e-06	4611.5
1.1646e-06	4631.6
1.0527e-06	4651.6
9.512e-07	4671.7
8.5914e-07	4691.7
7.757e-07	4711.8
7.001e-07	4731.8
6.3163e-07	4751.9
5.6964e-07	4771.9
5.1355e-07	4792
4.6281e-07	4812
4.1693e-07	4832.1
3.7546e-07	4852.1
3.3799e-07	4872.2
3.0414e-07	4892.2
2.7359e-07	4912.3
2.4602e-07	4932.3
2.2114e-07	4952.4
1.9871e-07	4972.4
1.7849e-07	4992.5
1.6027e-07	5012.5
1.4385e-07	5032.6
1.2907e-07	5052.6
1.1577e-07	5072.7
1.038e-07	5092.7
9.3035e-08	5112.8
8.3356e-08	5132.8
7.4657e-08	5152.9
6.6842e-08	5172.9
5.9824e-08	5193
5.3524e-08	5213
4.787e-08	5233.1
4.2799e-08	5253.1
3.8251e-08	5273.2
3.4174e-08	5293.2
3.0522e-08	5313.3
2.725e-08	5333.3
2.4321e-08	5353.4
2.1699e-08	5373.4
1.9353e-08	5393.5
1.7255e-08	5413.5
1.5379e-08	5433.6
1.3702e-08	5453.6
1.2203e-08	5473.7
1.0865e-08	5493.7
9.6706e-09	5513.8
8.6042e-09	5533.8
7.6528e-09	5553.9
6.8043e-09	5573.9
6.0478e-09	5594
5.3735e-09	5614
4.7729e-09	5634.1
4.2379e-09	5654.1
3.7615e-09	5674.2
3.3376e-09	5694.2
2.9605e-09	5714.3
2.6251e-09	5734.3
2.3269e-09	5754.4
2.0618e-09	5774.4
1.8263e-09	5794.5
1.6172e-09	5814.5
1.4315e-09	5834.6
1.2667e-09	5854.6
1.1205e-09	5874.7
9.9076e-10	5894.7
8.7576e-10	5914.8
7.7383e-10	5934.8
6.8352e-10	5954.9
6.0352e-10	5974.9
5.3269e-10	5995
4.6998e-10	6015
4.145e-10	6035.1
3.6542e-10	6055.1
3.2202e-10	6075.2
2.8365e-10	6095.2
2.4974e-10	6115.3
2.1979e-10	6135.3
1.9333e-10	6155.4
1.6998e-10	6175.4
1.4937e-10	6195.5
1.3118e-10	6215.5
1.1514e-10	6235.6
1.01e-10	6255.6
8.8536e-11	6275.7
7.7553e-11	6295.7
6.788e-11	6315.8
5.9362e-11	6335.8
5.1865e-11	6355.9
4.5268e-11	6375.9
3.9466e-11	6396
3.4365e-11	6416
2.9881e-11	6436.1
2.5942e-11	6456.1
2.2483e-11	6476.2
1.9446e-11	6496.2
1.6782e-11	6516.3
1.4446e-11	6536.3
1.2398e-11	6556.4
1.0605e-11	6576.4
9.036e-12	6596.5
7.664e-12	6616.5
6.4658e-12	6636.6
5.4207e-12	6656.6
4.5106e-12	6676.7
3.7198e-12	6696.7
3.0343e-12	6716.8
2.4422e-12	6736.8
1.9329e-12	6756.9
1.4974e-12	6776.9
1.1279e-12	6797
8.1775e-13	6817
5.6129e-13	6837.1
3.5387e-13	6857.1
1.9167e-13	6877.2
7.172e-14	6897.2
-8.223e-15	6917.3
-4.9653e-14	6937.3
-5.4787e-14	6957.4
-5.4675e-14	6977.4
-5.4564e-14	6997.5
-5.4453e-14	7017.5
-5.4343e-14	7037.6
-5.4233e-14	7057.6
-5.4123e-14	7077.7
-5.4013e-14	7097.7
-5.3903e-14	7117.8
-5.3792e-14	7137.8
-5.3682e-14	7157.9
-5.3571e-14	7177.9
-5.3459e-14	7198
-5.3347e-14	7218
-5.3234e-14	7238.1
-5.3119e-14	7258.1
-5.3003e-14	7278.2
-5.2884e-14	7298.2
-5.2764e-14	7318.3
-5.264e-14	7338.3
-5.2513e-14	7358.4
-5.2382e-14	7378.4
-5.2246e-14	7398.5
-5.2105e-14	7418.5
-5.1957e-14	7438.6
-5.1801e-14	7458.6
-5.1636e-14	7478.7
-5.1461e-14	7498.7
-5.1273e-14	7518.8
-5.1071e-14	7538.8
-5.0852e-14	7558.9
-5.0613e-14	7578.9
-5.0352e-14	7599
-5.0063e-14	7619
-4.9744e-14	7639.1
-4.939e-14	7659.1
-4.8993e-14	7679.2
-4.8547e-14	7699.2
-4.8045e-14	7719.3
-4.7477e-14	7739.3
-4.6832e-14	7759.4
-4.6098e-14	7779.4
-4.5261e-14	7799.5
-4.4302e-14	7819.5
-4.3203e-14	7839.6
-4.194e-14	7859.6
-4.0487e-14	7879.7
-3.8811e-14	7899.7
-3.6878e-14	7919.8
-3.4643e-14	7939.8
-3.2057e-14	7959.9
-2.9062e-14	7979.9
-2.7389e-14	7990
